bi,pr,th,pdsi,pet,erc,rmin,rmax,tmmn,tmmx,srad,sph,vs,fm1000,fm100,countyfips,month,year
9.11502331335651   ,2.88906138886514   ,189.091187646929   ,1.85651468713506   ,0.536394641107967  ,8.86119690743084   ,59.2723128813664   ,89.618232614124    ,266.668668827212   ,273.01228817649    ,51.6757828218599   ,0.00253286945843487,3.11922944484598   ,25.4181935836891   ,20.524618387064    ,16055              ,jan                ,1991               
10.28137472159     ,2.77477446169452   ,200.140861774019   ,2.17259971547644   ,0.650052637103565  ,10.4596203988917   ,54.3929794975582   ,88.1225711213061   ,266.707720822609   ,273.554880047918   ,52.94277956468     ,0.00246721938010952,3.52117423064428   ,24.8319326492866   ,19.7249624873418   ,16009              ,jan                ,1991               
9.71929986665566   ,2.5738341623737    ,197.137204599688   ,2.10330109061052   ,0.662490824789049  ,12.0778310418153   ,53.2464203133122   ,85.8521757728823   ,266.977878410585   ,274.186748652304   ,55.5042148617775   ,0.00243714015286851,3.028725557981     ,24.0357135162046   ,18.9933905723018   ,16057              ,jan                ,1991               
4.40518657598104   ,3.72762040829566   ,205.434779433772   ,2.31244842959089   ,0.550487891291296  ,3.98011651838423   ,57.5244691086882   ,90.3572387388326   ,265.124792801296   ,272.654503442561   ,60.9900979197042   ,0.00240031964577615,3.25898178320647   ,29.084130199172    ,21.561327980931    ,16035              ,jan                ,1991               
8.62704440494444   ,2.6058654858973    ,231.13020875043    ,0.447999489248779  ,0.678577373944329  ,8.82333809628574   ,49.5535117663727   ,90.6935212456845   ,262.575321166074   ,272.39839305948    ,68.8100144166142   ,0.00212767705421923,3.81861998830131   ,25.8042186131029   ,20.6086498833863   ,16049              ,jan                ,1991               
15.8831193870872   ,1.09263551984755   ,203.166407226015   ,-0.427377717685678 ,0.812347133256905  ,25.5443787534832   ,48.3410213635629   ,75.7372308256956   ,268.499679135067   ,275.8599930744     ,59.289264537475    ,0.00241989324466626,2.78327833997477   ,18.3901612900528   ,15.2599721390851   ,16069              ,jan                ,1991               
11.8867507845608   ,0.94964465343199   ,190.109857818026   ,0.890948575862347  ,0.646072420639949  ,19.5818393883157   ,52.0812405614464   ,82.4866869714666   ,266.858008652933   ,274.631494968041   ,60.8101286884309   ,0.00242519842720397,2.39065653470255   ,19.9935842042159   ,17.035294671721    ,16061              ,jan                ,1991               
7.24479283093267   ,2.62546889784405   ,189.849176363287   ,1.32625063687604   ,0.958257826834672  ,10.4473926144799   ,57.1431461280406   ,92.6508768957408   ,271.980650523352   ,280.391190579889   ,86.8933676751062   ,0.00393835282462267,3.48804682183974   ,23.1435144436773   ,19.9593197700909   ,16055              ,feb                ,1991               
7.21108659326602   ,2.60631226788536   ,195.683542087133   ,1.50869384090576   ,1.03393737568078   ,11.7133683126427   ,53.922452365556    ,92.6880294786906   ,271.691402451426   ,280.736454496924   ,90.3361388373355   ,0.00386807897685344,3.63307599616272   ,22.4814692648003   ,19.6180567755502   ,16009              ,feb                ,1991               
8.55341903062005   ,2.35026044838663   ,196.879351671572   ,1.4990133091559    ,1.12888333142602   ,14.1241468572376   ,50.9201774048805   ,91.6689426067897   ,272.129339147295   ,281.712073282514   ,91.5596021822521   ,0.00387852780915897,3.18173939008798   ,21.7521593691622   ,18.9450745677948   ,16057              ,feb                ,1991               
6.96195400225539   ,3.47520075927901   ,199.365508200592   ,1.79318926826256   ,1.00762041717851   ,8.65554032793914   ,50.260847658234    ,93.2958154511286   ,270.583897378934   ,279.89536719292    ,99.290064968108    ,0.00368810459935986,3.19125449410363   ,24.8906625557147   ,20.0749009335304   ,16035              ,feb                ,1991               
11.264759023121    ,2.12499008654313   ,220.342404769849   ,-0.0744591938063554,1.187719881621     ,15.5565637890329   ,43.089909885212    ,91.6558378774347   ,268.564090853341   ,279.56326136347    ,105.81775506251    ,0.00329082361136349,3.51547438857615   ,22.0179870697607   ,18.4337701709092   ,16049              ,feb                ,1991               
15.8005618439494   ,1.16845333687477   ,205.050195744968   ,-1.10674581834764  ,1.39927840245371   ,29.2126636010167   ,44.3608116537128   ,81.9880298049146   ,274.044163577879   ,283.648319833055   ,102.288610106119   ,0.00383243262717544,2.85297860704345   ,16.4702037460846   ,15.0450948135283   ,16069              ,feb                ,1991               
12.8926720185559   ,0.977572234266096  ,193.724247190437   ,-0.0270011035453518,1.21687690056025   ,24.7202558798238   ,46.5964438236872   ,85.9696322179882   ,272.713435090841   ,282.43362663206    ,99.0146755935732   ,0.0038009607909333 ,2.49847860695902   ,17.7180712984472   ,16.157679442954    ,16061              ,feb                ,1991               
8.84514032657381   ,2.94877577935749   ,203.006394096553   ,1.27474494478748   ,1.60634672236636   ,11.3811845525209   ,48.2613226716996   ,89.968534331611    ,270.356444737232   ,280.121869551966   ,144.206290663974   ,0.00332859236645401,3.81846429638443   ,23.7838393340116   ,18.5542451613424   ,16055              ,mar                ,1991               
8.23542222773717   ,2.7032897872685    ,208.022255375085   ,1.35039894003605   ,1.64993725453972   ,11.264663785972    ,48.2545761196503   ,89.9419685337557   ,270.360754127743   ,280.007109698641   ,150.307515815142   ,0.00331777740629167,4.01137496257106   ,23.6472432270694   ,18.5799323213216   ,16009              ,mar                ,1991               
8.9892577616582    ,2.23801906984179   ,226.375164968015   ,1.21716612018674   ,1.74959156081561   ,13.5968518778809   ,46.3896899115655   ,88.9855296854819   ,271.004774381576   ,280.776463421237   ,154.357131427642   ,0.00335702930836217,3.6072822261818    ,22.6531332049831   ,17.9761718087043   ,16057              ,mar                ,1991               
5.03254083904426   ,3.4000992513911    ,224.735831326127   ,1.54686843873172   ,1.60855517214507   ,7.98413260150389   ,46.1487130757805   ,91.388922531283    ,268.757267020404   ,278.630717764738   ,157.189460929481   ,0.00302329526347728,3.66559231582901   ,25.4405873699353   ,19.3368761222554   ,16035              ,mar                ,1991               
7.59296235193218   ,2.65539544847537   ,238.098039053213   ,-0.306525973036614 ,1.71511290101545   ,12.737826972802    ,40.4070916443415   ,91.9748104836631   ,266.502540766236   ,278.057316331317   ,162.493486129141   ,0.00271463534005804,4.02765528975612   ,22.9936844250112   ,18.5318307662529   ,16049              ,mar                ,1991               
13.4266257965634   ,1.44388786413525   ,230.890168983144   ,-1.41352064409932  ,1.98480880738066   ,24.4715027445109   ,41.2729641914532   ,83.6083557736941   ,272.503186628451   ,282.319187192603   ,157.040078512405   ,0.00339308411806079,3.3462810495485    ,18.227968218081    ,15.6961425867948   ,16069              ,mar                ,1991               
10.0607178393077   ,1.53779519222413   ,226.455859862337   ,-0.48359146755918  ,1.76932690760766   ,20.7850563271273   ,43.5727741144333   ,86.4504094440376   ,271.081824005461   ,280.815765108308   ,152.952853984624   ,0.00328640719885376,2.93799392187382   ,19.1065304628279   ,16.5546366930072   ,16061              ,mar                ,1991               
11.0462381848296   ,2.84798908537798   ,172.36341930829    ,1.25726103459182   ,2.80257804084707   ,20.5439101692458   ,37.1886450415613   ,83.1456485282574   ,273.144583347566   ,285.28642735527    ,190.88647285744    ,0.00373569266562093,4.63103041326722   ,20.2192177618155   ,15.127800336427    ,16055              ,apr                ,1991               
10.6954356862331   ,2.68596385907257   ,177.366283524753   ,1.18928367237761   ,2.81466967996056   ,19.8461562172166   ,37.3608024672409   ,84.7538139591556   ,272.732786400549   ,285.354993012859   ,190.483195263864   ,0.00375147612859115,4.75680109511701   ,20.3369099244564   ,15.4802336277106   ,16009              ,apr                ,1991               
11.1245961052428   ,2.30481309876343   ,197.365858596444   ,0.95461277721993   ,2.76799063144127   ,21.3170977610548   ,38.5966489149729   ,85.6966286729177   ,273.137162068685   ,285.567509938558   ,198.211308876038   ,0.0038807959969854 ,4.03048843495051   ,19.6209626291593   ,15.4506651970545   ,16057              ,apr                ,1991               
8.46711330728748   ,3.44645903347306   ,194.149821762231   ,1.31181104818012   ,2.48696803473687   ,14.0844820513542   ,39.9553428825986   ,89.5283241806944   ,271.525907547395   ,283.016974781297   ,201.797362465082   ,0.00364772592923244,4.03163872165021   ,22.9918176205415   ,17.2554470332094   ,16035              ,apr                ,1991               
7.88393297285903   ,3.21301493853666   ,200.526830808581   ,-0.255206038539791 ,2.40991694863801   ,14.5814287135359   ,37.0878141980009   ,92.057413983906    ,269.598791151585   ,281.496137746969   ,203.976519947183   ,0.0033987948531554 ,4.12835345344322   ,22.3454943963991   ,17.4499638053394   ,16049              ,apr                ,1991               
14.9649863342935   ,1.64264447850552   ,212.731878358498   ,-1.63805307587692  ,2.98599455545718   ,28.9887636398037   ,35.4729656508475   ,82.9185537623849   ,274.709747850279   ,286.899803648488   ,201.038140461152   ,0.00404065562563213,3.79300639275561   ,16.8506219690496   ,14.084614537744    ,16069              ,apr                ,1991               
12.2198314093402   ,1.90580454598856   ,209.61828451462    ,-0.677025526956996 ,2.65379456437652   ,23.8146643040922   ,38.6222079263903   ,86.5678160191896   ,273.438452833612   ,285.068023593367   ,198.99000763591    ,0.00396207393982163,3.29617377361975   ,18.4730402189838   ,15.3480888479669   ,16061              ,apr                ,1991               
10.7223901492095   ,3.64355734416756   ,196.668723338631   ,1.49834555252589   ,3.327150744286     ,20.5473924670959   ,42.4213934528326   ,85.111538368852    ,276.978674751504   ,288.899277975087   ,224.363048423322   ,0.00535195277727864,3.57578318895737   ,19.7971475950105   ,15.6282103033508   ,16055              ,may                ,1991               
10.9547093705944   ,3.55870187762676   ,211.012222922765   ,1.37471670544242   ,3.42518490426616   ,19.4851280023724   ,42.0645270543281   ,86.3230969355657   ,276.33466115574    ,289.00931936003    ,235.91266180491    ,0.00526994787927025,3.64146519148707   ,20.3438907952044   ,15.9586097712188   ,16009              ,may                ,1991               
10.6807741669085   ,3.4323287948245    ,244.072928911678   ,1.16273729339009   ,3.40388459132564   ,19.3859815566194   ,44.4582483568499   ,88.2457624281606   ,276.645991683468   ,289.042043767129   ,247.049402145878   ,0.00547488377711195,3.24071726099137   ,20.2046112055932   ,16.3422129001925   ,16057              ,may                ,1991               
9.96699213351253   ,3.9051644696699    ,248.39807225596    ,1.39261718495625   ,3.32915966689469   ,17.7018650992262   ,43.0910011011314   ,87.8107561697976   ,275.273705515848   ,287.52760816318    ,250.126477116965   ,0.00508040761983537,3.2181302536268    ,21.195137314067    ,16.1866048910295   ,16035              ,may                ,1991               
9.95234606087518   ,3.60480954030475   ,258.360828739869   ,0.121696771441441  ,3.29903230334377   ,18.0677775251348   ,39.6460108129736   ,88.3909105774099   ,273.508625735565   ,285.909480590414   ,254.08946888557    ,0.00463547392984491,3.56765483361643   ,21.0354084268458   ,16.0838748192346   ,16049              ,may                ,1991               
11.738428308619    ,3.21356642631307   ,263.532230020377   ,-1.2957132450378   ,3.64478955205934   ,25.0097864144256   ,40.6289935517521   ,83.8115911538054   ,277.986337392931   ,290.088985467463   ,249.7788504679     ,0.00546676163838051,3.09847928554575   ,18.0689829605416   ,15.0172802249954   ,16069              ,may                ,1991               
10.1489307903899   ,3.5089479896926    ,268.332364800657   ,-0.269466012726556 ,3.38152665033305   ,21.068458026201    ,44.3907743488048   ,85.9143897686854   ,276.84694882146    ,288.468738052502   ,249.532490249508   ,0.00540208726021692,2.76424409500347   ,19.3529152746869   ,15.9469598642002   ,16061              ,may                ,1991               
8.13112186012567   ,3.28155073889816   ,197.56342558707    ,2.02830272472996   ,3.75485441122199   ,17.537855723116    ,43.1439582903199   ,90.4311201652872   ,279.362004342622   ,291.789140292614   ,241.346774462581   ,0.00659022002483479,3.34920970775463   ,20.6929784311679   ,16.1115320705419   ,16055              ,jun                ,1991               
7.1499228323323    ,3.1981930887029    ,199.290797167828   ,1.97689066486363   ,3.81364066168166   ,16.8954936532814   ,41.8860363461797   ,89.9700674963656   ,278.445070526304   ,291.807525074976   ,244.087637723362   ,0.00632945258474378,3.38705135814302   ,20.9126840501142   ,16.0034741800447   ,16009              ,jun                ,1991               
7.61261902642002   ,2.78492315403124   ,215.458417874593   ,1.79710167475045   ,3.93665212243795   ,17.5289103759925   ,43.5656720927556   ,90.2395192375183   ,278.936334752401   ,292.215810796102   ,263.081178894043   ,0.00661693955709537,3.01213313023249   ,20.730482928594    ,15.9730778220495   ,16057              ,jun                ,1991               
5.3649404847623    ,3.7485567967307    ,224.701411522203   ,1.69755989751156   ,3.66983685636285   ,15.0358429205594   ,42.7276598873232   ,88.8308053662527   ,277.872888052405   ,290.89482248641    ,241.635965778762   ,0.00619213601519006,2.92320322221312   ,21.5759323595274   ,16.3586701283915   ,16035              ,jun                ,1991               
10.1320756067153   ,2.87566439826588   ,228.870942579297   ,0.331907970127284  ,3.91680146911704   ,21.6426526749003   ,37.9640557335586   ,87.9060850461126   ,276.19776773828    ,290.169953429528   ,264.787618087715   ,0.00567364885260212,3.00068871388082   ,19.5900112420749   ,14.9686759091158   ,16049              ,jun                ,1991               
8.47572891395572   ,2.3046144708991    ,224.950196995837   ,-0.520255399905245 ,4.26697097717122   ,24.1225850242132   ,39.0443146766826   ,82.8409114273262   ,280.618465985249   ,293.186852472479   ,270.20578212364    ,0.00640334050829311,2.87112476639782   ,18.2710980791034   ,14.1054965117823   ,16069              ,jun                ,1991               
6.66397615839052   ,2.51579067694747   ,222.138083383236   ,0.556908319407905  ,3.94863271923433   ,20.0137792662812   ,42.3917055030171   ,85.5697094804328   ,279.369698983185   ,291.692721675316   ,265.370194452459   ,0.00637965026137114,2.55202432440661   ,19.6032352909897   ,15.0255343359692   ,16061              ,jun                ,1991               
26.0829637074821   ,0.883205085897863  ,194.747157508185   ,2.35876144286863   ,5.74176234390637   ,39.1626505576392   ,30.9849439264214   ,72.6524196484484   ,283.472905438402   ,299.843804306138   ,302.681739561019   ,0.00738019223246942,3.36050997059864   ,15.732269106705    ,10.433072776445    ,16055              ,jul                ,1991               
25.0945499260267   ,0.763199378877998  ,203.34657897192    ,2.51164886893253   ,5.72167428587884   ,37.4666639336376   ,30.6569135607279   ,78.4655976350991   ,282.171164794968   ,300.065636553458   ,304.785921947627   ,0.00736846416126663,3.32204424106203   ,16.1185761774103   ,11.0280490478593   ,16009              ,jul                ,1991               
22.7409086261954   ,0.632381410988108  ,209.736178816211   ,2.35981672734022   ,5.57018598089295   ,35.9361936313875   ,31.8132272911072   ,83.5937707833321   ,282.285293933499   ,300.328246868503   ,309.556787589288   ,0.00775367699871441,2.90187480426604   ,16.3838754378596   ,11.7349142736004   ,16057              ,jul                ,1991               
24.4744293680185   ,0.710539326226208  ,212.265138712727   ,2.01995645226304   ,5.58844945893837   ,38.2544476352284   ,31.1035290051229   ,72.514271622521    ,282.272114588067   ,299.469394403127   ,312.533353908434   ,0.00721161907243363,2.82853509080546   ,16.327736257458    ,10.4012581963238   ,16035              ,jul                ,1991               
26.3905662983105   ,0.509861996903091  ,231.607064424087   ,0.368247156357174  ,5.63462115774533   ,40.698245673193    ,26.5263329048577   ,77.0982460064938   ,280.533252590704   ,299.13568220196    ,313.993033625541   ,0.00685739575813873,2.91899657682636   ,15.4654182179499   ,10.5968520781983   ,16049              ,jul                ,1991               
29.0602341646948   ,0.501415216336173  ,219.706047561799   ,-0.105553483902585 ,5.95888724091836   ,47.7465139995757   ,25.9111329265066   ,67.3531827174817   ,285.243452945043   ,301.666303317794   ,310.114158043393   ,0.00701147279481546,2.72959012368928   ,13.7497217978036   ,8.97122454992837   ,16069              ,jul                ,1991               
24.4428043284756   ,0.510396953083235  ,210.487828470252   ,0.889158701195738  ,5.5175076847679    ,41.5266856603132   ,29.8699859572359   ,74.2112128777175   ,283.6332991134     ,300.005698830247   ,312.234648655459   ,0.00736513479928836,2.41921937015971   ,15.1326705971517   ,10.2425681492768   ,16061              ,jul                ,1991               
32.5275517168426   ,0.284153915865558  ,188.262869591583   ,2.54190666254083   ,5.08273448837115   ,47.7539677277482   ,30.3330388878757   ,77.3811540425132   ,283.990239507852   ,300.774946655614   ,264.803692774011   ,0.00761999486413703,3.01226985986277   ,12.9097571492622   ,10.8877668994745   ,16055              ,aug                ,1991               
35.5806570612797   ,0.117787575688747  ,206.379900442137   ,2.77997714206135   ,5.24226311978367   ,50.1725756894043   ,26.4100023875097   ,78.1883331250771   ,282.682273245832   ,301.535249445406   ,265.436773679893   ,0.0070614912127196 ,3.01099150436574   ,12.6417281135709   ,10.5466825165214   ,16009              ,aug                ,1991               
37.3876902318265   ,0.0500378277128743 ,229.317379725325   ,2.58920404252907   ,5.23758383904734   ,48.5525378787133   ,25.9262187986989   ,85.0698902751553   ,282.660814750425   ,301.975161743164   ,267.600260531518   ,0.00738743373361837,2.92466922783083   ,13.1920245536681   ,11.4940061367712   ,16057              ,aug                ,1991               
39.3879594852164   ,0.122413296241564  ,220.745091386512   ,2.10476077581645   ,5.05048074885214   ,54.6548577556911   ,27.3097391462843   ,72.4203333248182   ,282.929670636556   ,300.679778065174   ,266.55072175654    ,0.00695881469126376,2.70355101252191   ,11.9298402590096   ,9.80135677536082   ,16035              ,aug                ,1991               
36.8773804524758   ,0.315003800944531  ,230.245925902016   ,0.00518233971576711,5.07911888210305   ,54.5195482813808   ,22.5341538796676   ,75.2254246602223   ,281.131478227409   ,300.126379892776   ,263.086491620538   ,0.00642708895975089,2.83458689751625   ,11.6769932298758   ,9.9715561734511    ,16049              ,aug                ,1991               
49.0809125191776   ,0.0312862935273097 ,253.895679821141   ,-0.191030560954476 ,5.61224856055028   ,64.8268231527958   ,20.9413270594972   ,69.3129943375837   ,286.011061406      ,303.2977423241     ,265.131976818738   ,0.00673961229639233,2.85640550751675   ,10.0699411875136   ,8.4790149361836    ,16069              ,aug                ,1991               
42.3366812952369   ,0.0115245507537953 ,242.288965211792   ,0.55847856663578   ,5.13841806968286   ,57.896400621496    ,23.2957818126145   ,76.4246395693814   ,284.422136852373   ,301.969003940258   ,264.411997083981   ,0.00703513065395989,2.49836683014303   ,11.3959073705122   ,9.78201634646797   ,16061              ,aug                ,1991               
38.3129108038377   ,0.177769005229117  ,182.151858235877   ,1.90112991994873   ,3.61225958714269   ,49.5678780889315   ,29.6603911628775   ,82.3054156043075   ,278.884394842705   ,296.406934950087   ,193.767264078609   ,0.00556510073153253,3.16702097883277   ,12.1560639452051   ,12.3276836949938   ,16055              ,sep                ,1991               
40.0291027736587   ,0.160322454859754  ,178.339021333623   ,2.14064316830691   ,3.71846745705463   ,51.5154238841943   ,26.0815917112888   ,82.0789006701588   ,277.884083608292   ,296.786481573643   ,194.897677637886   ,0.00518563559060251,3.18403091717519   ,11.8578663310591   ,12.0948001288803   ,16009              ,sep                ,1991               
36.8333719086647   ,0.153904523695509  ,184.084572096845   ,1.93539222372075   ,3.7017918971777    ,48.7299502124786   ,24.7240861568451   ,85.4117162761688   ,277.847159922282   ,297.148749984741   ,196.656639694214   ,0.00525845012363667,3.03783458461364   ,12.4681831296285   ,12.7441673736572   ,16057              ,sep                ,1991               
36.4516498139358   ,0.426290558782617  ,190.517975860876   ,1.39112582005734   ,3.45076165400902   ,52.7060613650348   ,27.5170674772982   ,75.0683635352782   ,277.945228717527   ,295.096456399478   ,193.728621158506   ,0.00502154756439298,2.92422702881633   ,11.4724667295761   ,11.2969175493658   ,16035              ,sep                ,1991               
35.4904919942937   ,0.533477387452111  ,224.196348846407   ,-0.72559876473244  ,3.56895151243914   ,52.1402482269457   ,23.3460496802988   ,73.9214711466656   ,276.349147784717   ,294.282406513596   ,196.513661399951   ,0.00452010485006435,3.09696808850271   ,11.7717785420131   ,11.0612359599871   ,16049              ,sep                ,1991               
46.8817611634466   ,0.149994202276921  ,209.324581598789   ,-0.86456213070747  ,3.97940445492399   ,65.6193531257371   ,20.8335009476293   ,67.3681521315413   ,281.27281518348    ,298.292719669988   ,195.290283277243   ,0.00484435952325815,2.88017011428262   ,9.21073321373917   ,9.15793693605379   ,16069              ,sep                ,1991               
40.4976644196294   ,0.178483564983386  ,193.856239092514   ,-0.34916767235794  ,3.62313423376766   ,60.1350269054907   ,21.6437601571569   ,71.1018195433393   ,279.605499956956   ,297.059835571625   ,193.401828071237   ,0.00474807328590097,2.5437344468658    ,10.2275454663048   ,9.91837677114923   ,16061              ,sep                ,1991               
31.7856507438078   ,1.15829962283891   ,186.530174737003   ,0.72656983740127   ,1.86690799067271   ,41.4869512245029   ,35.0520663132915   ,83.2362553084908   ,271.845102492231   ,285.573813031904   ,114.392951758468   ,0.00353107820493097,3.60420396526417   ,13.5107618290385   ,14.8015399914125   ,16055              ,oct                ,1991               
32.6480006414997   ,1.18694147373752   ,196.593379040146   ,1.05185364671713   ,1.93975304979863   ,43.0576721806862   ,32.9439495521366   ,82.5092375308053   ,271.478809604983   ,286.059476773414   ,113.564368132394   ,0.00344871803987942,3.59927663566002   ,13.2175608138179   ,14.5765119533681   ,16009              ,oct                ,1991               
29.2568469886338   ,0.893613585517291  ,211.342863747473   ,0.863471416682005  ,1.92915567534104   ,42.3739704311279   ,33.3396335475676   ,83.114940129557    ,271.766172608406   ,286.47444566296    ,117.444300993027   ,0.00354559101928551,3.23047894768177   ,13.268884522838    ,14.4865849564152   ,16057              ,oct                ,1991               
29.5978115877987   ,1.35924014345971   ,216.780696269899   ,-0.0412002833083619,1.85040654134215   ,43.6546546175008   ,35.8739906607745   ,80.3084848360094   ,271.262681346176   ,284.642978845381   ,119.674740728298   ,0.00338294530318793,3.30355696178008   ,12.8757987329712   ,14.3734000042159   ,16035              ,oct                ,1991               
30.4749281741384   ,1.27617360812001   ,231.161507734711   ,-1.57402138745514  ,2.02518386412085   ,45.2538346735105   ,30.656905883146    ,80.6128358584803   ,269.585164718626   ,284.515418950546   ,129.924421398585   ,0.00310214583702754,3.47073726414726   ,12.4934338419685   ,14.0194061640006   ,16049              ,oct                ,1991               
35.1784514548893   ,0.503234710650381  ,224.991816881372   ,-1.74723376299183  ,2.18505633778051   ,55.8658427476513   ,29.6244414293172   ,73.3524882978091   ,274.549512038298   ,287.821820780103   ,120.162831860368   ,0.00339667714163642,3.02943590861755   ,10.0156908154549   ,11.9154217470632   ,16069              ,oct                ,1991               
30.6337684030868   ,0.496723790656278  ,216.886717331533   ,-1.33075175822274  ,1.97231328527122   ,51.3564648286275   ,31.3576388945105   ,77.62489483141     ,273.255384945037   ,287.009609668867   ,121.296447092868   ,0.00348726830666702,2.72377481461525   ,10.8540564212631   ,12.7236196666805   ,16061              ,oct                ,1991               
4.72568705912848   ,4.31241075324996   ,210.393390350569   ,-0.429939626420967 ,0.512822535851733  ,8.58374602553985   ,63.732401213103    ,93.4747990941805   ,271.00177331409    ,276.957469857508   ,53.5716022394649   ,0.00382836246797534,3.71100427005517   ,22.7862481788353   ,22.2967411404938   ,16055              ,nov                ,1991               
4.46485477855807   ,4.65608592017515   ,221.589155016002   ,0.532025459451193  ,0.583069138728538  ,8.47513253643587   ,61.3433476438654   ,93.1879240619125   ,271.06921464367    ,277.098114501231   ,55.0934736345882   ,0.00381788504551049,4.19415285124111   ,22.9581141601653   ,22.2964231389514   ,16009              ,nov                ,1991               
4.41178115138163   ,4.73453694065412   ,218.403086222748   ,0.364384595652421  ,0.627987081497908  ,8.56626085184643   ,59.5321856295268   ,93.9850683873494   ,271.445985193888   ,277.727287206014   ,58.4579072736104   ,0.00386592422807977,3.79163707858324   ,22.9793643274307   ,22.4682934873899   ,16057              ,nov                ,1991               
3.02512747252162   ,7.54325194239217   ,221.118216102496   ,-0.821289713110531 ,0.525699388627501  ,5.42976006672709   ,60.8181811728555   ,95.3021241817784   ,269.073471913462   ,275.755866919444   ,59.7880393756788   ,0.00353088239998323,3.65981420325594   ,25.1654151185958   ,23.9242828874541   ,16035              ,nov                ,1991               
4.26590111763923   ,5.71947280773577   ,233.391235777262   ,-1.51373475698191  ,0.599829177612017  ,7.33229181870655   ,55.7131263304422   ,95.9892049715168   ,266.546273425339   ,274.891893223308   ,66.0905285229664   ,0.00320148687123066,4.02130370921898   ,23.8805537326371   ,23.2364021778802   ,16049              ,nov                ,1991               
7.10719217355371   ,3.36225491741709   ,221.84555534866    ,-1.91669946728331  ,0.759860931142979  ,14.4578301337087   ,54.4434371601452   ,92.6369175215668   ,272.394427917263   ,279.117112160749   ,60.6791167587307   ,0.00389338861554305,3.45484129073042   ,20.1050868357354   ,21.0493517692926   ,16069              ,nov                ,1991               
5.40849071258356   ,3.43082443049624   ,211.849080962714   ,-1.50829575951763  ,0.653959405046603  ,11.7271855259458   ,55.3872955569223   ,94.8160024007161   ,271.018103132432   ,277.983685239682   ,60.9642672023826   ,0.003743518576008  ,2.93148026822684   ,21.0163472287254   ,21.8789995863418   ,16061              ,nov                ,1991               
4.64410267008471   ,2.96210716333245   ,172.796769381551   ,-0.715849209224246 ,0.366362561750211  ,3.0451179179774    ,71.4534832346096   ,94.8331961183064   ,270.231388798466   ,275.652843392664   ,44.1704630401726   ,0.00353422026333255,3.79253558398765   ,28.1127766380258   ,23.1719098237643   ,16055              ,dec                ,1991               
5.40616707864127   ,2.84998569105269   ,187.390323492949   ,0.611622316244791  ,0.4505796879466    ,3.71730545968997   ,66.4554782852384   ,94.0947542720998   ,269.97733903693    ,275.88688483906    ,44.6041121988842   ,0.00343135136741726,4.17307125057224   ,27.9091287112565   ,22.4902972556195   ,16009              ,dec                ,1991               
6.61901476908227   ,2.47344794652859   ,185.122685450236   ,0.611224607080221  ,0.548486500583511  ,4.80797309111835   ,61.9633252372742   ,94.0253866863251   ,270.28890860494    ,276.725761062622   ,46.3072730722427   ,0.0034092470894102 ,3.82882967827717   ,27.5062037715912   ,21.9399255139033   ,16057              ,dec                ,1991               
3.60385330451824   ,4.62279169989712   ,189.335436068126   ,-0.296129952304963 ,0.406952236031831  ,1.88068596230606   ,65.440881864213    ,94.6931344801813   ,268.348783549765   ,274.831549408841   ,50.7792436699871   ,0.0032079294041128 ,3.77646893374596   ,31.1385901309975   ,23.3657273703179   ,16035              ,dec                ,1991               
6.52433168156949   ,2.9562262984066    ,209.756455295999   ,-0.443240433866199 ,0.526393949358892  ,5.06100595085004   ,57.5767638707841   ,94.8663146853521   ,265.411924200397   ,274.235130605513   ,57.7027931368056   ,0.00278818939852401,4.04899136178101   ,27.9610524464666   ,22.0917623391331   ,16049              ,dec                ,1991               
11.4487464490435   ,1.17596403481754   ,189.889337900743   ,-1.18862538003826  ,0.694939850576209  ,12.7207882259911   ,55.3003625862951   ,88.6850230660668   ,271.287491516548   ,278.206716940705   ,49.9751318047603   ,0.00336475340467288,3.40430871459677   ,23.2084592917811   ,18.9394569389323   ,16069              ,dec                ,1991               
9.86676493703334   ,1.02384892760394   ,179.91555606222    ,-0.648326954935208 ,0.590175838793112  ,10.4961071249458   ,56.5100493833053   ,91.3623658004214   ,269.96015212214    ,277.217343110224   ,50.3028224566751   ,0.00326673285548188,2.95941940839954   ,23.9126545257148   ,19.7952582083458   ,16061              ,dec                ,1991               
