bi,pr,th,pdsi,pet,erc,rmin,rmax,tmmn,tmmx,srad,sph,vs,fm1000,fm100,countyfips,month,year
1.95759135074514   ,3.95490747554007   ,202.720514246592   ,1.77278435679947   ,0.42494891820453   ,0.980581817756146  ,70.3277653610977   ,96.7458935242226   ,269.70368851581    ,275.252992764454   ,50.0412876803166   ,0.00351048236879161,4.22378217897835   ,30.2180287505342   ,24.4200996372087   ,16055              ,jan                ,1999               
2.00426116822313   ,3.90041741177882   ,208.437893303188   ,2.27447339063565   ,0.470357694531026  ,0.866634351716814  ,70.3826385049516   ,95.9885092842872   ,269.87734260712    ,275.115177906704   ,51.7352311126511   ,0.00350818300124551,4.77431934797757   ,30.2972566069799   ,24.2682697717004   ,16009              ,jan                ,1999               
2.9180123683826    ,3.41260146190521   ,207.294791655041   ,3.16728036145369   ,0.510013243393792  ,1.32067300663833   ,67.7347022874894   ,95.886876449585    ,270.085227981075   ,275.789698825959   ,53.2257243630194   ,0.00350751125524121,3.92085085740974   ,29.7398633067839   ,23.7875713543738   ,16057              ,jan                ,1999               
1.34156548558221   ,5.59166931036958   ,208.925233905071   ,2.64332294619529   ,0.461255218906092  ,0.386144712893007  ,69.1542326392495   ,95.1698845277531   ,268.551053888336   ,273.986983780483   ,59.361703901168    ,0.00323611436082365,3.98095722631162   ,32.7769487795673   ,24.6837406274218   ,16035              ,jan                ,1999               
4.82145957618524   ,3.73324864863067   ,230.165914762705   ,2.88326141380306   ,0.617444334620484  ,3.61440944178267   ,59.3698559916864   ,93.5541062753279   ,266.247955499969   ,273.759097974657   ,66.3343577157151   ,0.00284285703806017,4.30385757261106   ,28.5565423457786   ,22.546124575949    ,16049              ,jan                ,1999               
8.67190255524364   ,1.62989498445067   ,211.788219539425   ,3.47723719759208   ,0.64775912232706   ,8.34178087071723   ,61.9795200383435   ,92.1654894132747   ,271.161247523217   ,277.293790260882   ,56.4243653831923   ,0.00353291981444836,3.4825825087311    ,24.409580548714    ,20.8722043988292   ,16069              ,jan                ,1999               
7.44178623079049   ,1.45959768057008   ,196.997446860037   ,3.74502606825395   ,0.556028617984436  ,7.10944990467214   ,62.3427730322329   ,94.1642321940264   ,269.99331482796    ,276.436272906164   ,57.6135023277748   ,0.00343601439964802,2.89848033492326   ,24.612657617423    ,21.5206716021866   ,16061              ,jan                ,1999               
2.82235199757128   ,6.14240214205575   ,198.167036167528   ,2.21184497327634   ,0.796668966576185  ,1.99186038526162   ,62.1667956700401   ,95.8371031815553   ,269.972954002708   ,276.648849325836   ,80.4385018048743   ,0.00347186631827217,5.02556452205923   ,28.9827051434637   ,22.7541760539111   ,16055              ,feb                ,1999               
2.53534233468021   ,6.39630190877595   ,205.267896750572   ,2.62913391058732   ,0.836564491829651  ,1.35458416695215   ,61.2770383742938   ,96.5489971196359   ,269.762580839336   ,276.334925937733   ,80.9707818918075   ,0.0034263147927749 ,5.82706705050658   ,29.0874303211525   ,22.9470166265209   ,16009              ,feb                ,1999               
2.54308430001306   ,6.21689214055426   ,196.427464133671   ,3.47368115127087   ,0.947936980341162  ,1.79507366681413   ,58.5128162881306   ,95.5493265969413   ,270.115983123779   ,277.07686769758    ,82.3531399297714   ,0.00337806513366689,5.19322914847306   ,28.5448012208939   ,22.5477313513415   ,16057              ,feb                ,1999               
1.24433787012427   ,9.20381102546245   ,200.354171278253   ,2.94834338110715   ,0.824844996679751  ,0.681335927102771  ,60.2137434880779   ,96.4512037687955   ,268.097767149275   ,275.133681767083   ,92.1419051708825   ,0.00310626494136824,4.92143992784879   ,30.9553819490466   ,23.6025905313898   ,16035              ,feb                ,1999               
3.70019101705126   ,6.08189774373039   ,215.676529180507   ,3.15904532329207   ,0.923374309309809  ,3.91885810087643   ,54.1603640199952   ,95.83260253138     ,264.968898122207   ,274.428007804753   ,96.7208994398834   ,0.00272753540899612,5.39637991982256   ,27.2718551135716   ,22.0680798801781   ,16049              ,feb                ,1999               
6.24052020822799   ,3.12069591867536   ,199.035575076949   ,3.56780637181804   ,1.16804676592304   ,10.214499569144    ,53.1078070443126   ,90.4753883571639   ,270.969797995548   ,278.363439756646   ,90.4006567609683   ,0.0032965686023993 ,4.62441170429619   ,23.1555020781853   ,19.4671364638348   ,16069              ,feb                ,1999               
5.12451478574478   ,2.70388367472034   ,190.161083473647   ,3.74870423278861   ,0.969692170619965  ,9.21031413750598   ,54.6191518833111   ,93.0539454546842   ,269.523201123883   ,277.084802057836   ,87.4185621454133   ,0.00319942695400958,3.84657791482093   ,23.2068714676106   ,19.9515531527532   ,16061              ,feb                ,1999               
7.77088240224411   ,2.20198403864425   ,155.081659855571   ,2.7831469960664    ,1.72907857783015   ,8.49213064278526   ,46.739553633335    ,92.6901076223276   ,270.506841264809   ,281.380747939049   ,144.85192885678    ,0.00348006763806317,3.99754503457555   ,26.1472107221228   ,18.8944630651349   ,16055              ,mar                ,1999               
7.84534064682702   ,2.15687446540471   ,172.360058103087   ,3.18068069584036   ,1.78101437117767   ,8.12476119103195   ,45.9908690935875   ,93.5065551644224   ,270.323649412804   ,281.463260523211   ,149.829170647913   ,0.00349684485203566,4.3031531094276    ,26.2661889002145   ,19.0470366999493   ,16009              ,mar                ,1999               
8.29094056968029   ,1.98507245871298   ,189.359508385312   ,3.99937666138013   ,1.78458151410664   ,8.28557203924824   ,46.5290950307538   ,94.5540628297867   ,270.297828063965   ,281.754501839915   ,153.146901455541   ,0.00352458761415384,3.89314302063757   ,26.175849664442    ,19.1951558565324   ,16057              ,mar                ,1999               
6.22704405319556   ,3.17917051994686   ,180.626128870603   ,3.61321802261936   ,1.75982359614296   ,5.92334824273748   ,44.0653705403106   ,93.9870446985678   ,268.571973724563   ,280.480777829192   ,167.754776254891   ,0.00324009698278464,3.6462421457886    ,28.2590619488318   ,19.5955281639086   ,16035              ,mar                ,1999               
9.4139643040293    ,2.44233329652902   ,194.187978148554   ,3.52846971425369   ,1.83715662304527   ,10.348845790269    ,38.889201836877    ,93.3739994405939   ,265.813670702775   ,279.611695166961   ,170.063930711314   ,0.00282176978357186,3.86798987054553   ,25.6209066093769   ,18.7152741355463   ,16049              ,mar                ,1999               
11.3662994695594   ,1.56846388163486   ,197.166228011205   ,3.81284260346078   ,1.95230334986381   ,15.2255567753498   ,43.9762035858144   ,91.9718502071658   ,271.379864963639   ,282.833996593613   ,159.923701281216   ,0.00354561502032325,3.60683429682277   ,22.4311696599224   ,17.8643752959796   ,16069              ,mar                ,1999               
10.0550121399544   ,1.83878196943766   ,192.454984574363   ,3.96529909139166   ,1.81197656198871   ,13.5174869599739   ,44.1410754836105   ,92.9316595693297   ,270.08891588057    ,281.706119965503   ,160.536447486888   ,0.00338683165828949,3.11591095819183   ,23.0011203473995   ,18.4282701438155   ,16061              ,mar                ,1999               
16.6093781888472   ,1.08672819960898   ,188.942741098669   ,2.33573527910091   ,2.7963953051711    ,25.5348852542805   ,35.6175621702511   ,77.0639090319556   ,272.561546089162   ,285.448782775628   ,187.202020865442   ,0.00350637187579562,3.87640782962611   ,19.4800005403893   ,13.2116053536759   ,16055              ,apr                ,1999               
15.7140731792742   ,1.14396919984751   ,199.966743938269   ,2.74154682178234   ,2.7653941269457    ,23.8358191117159   ,36.2537439271073   ,78.8384312782062   ,272.205002727922   ,285.278022769123   ,186.375207627878   ,0.00352949755391679,4.0107346681213    ,19.9776847756591   ,13.5436634206678   ,16009              ,apr                ,1999               
15.3824740154609   ,1.09347877878191   ,218.444211796979   ,3.53142767190933   ,2.74503113019466   ,23.2814591212161   ,37.4615507065455   ,82.1952091236114   ,272.38855015564    ,285.635286575317   ,195.925712687174   ,0.00368226943617143,3.53443642709653   ,20.0982736643155   ,13.9791549243927   ,16057              ,apr                ,1999               
11.8534477596232   ,1.74250450461809   ,219.174369913011   ,3.07231535627608   ,2.6371732451657    ,19.0253739702546   ,37.0802730607348   ,83.2593745538767   ,270.9038659954     ,283.862505909958   ,211.869810783435   ,0.00344827435535777,3.34328274888586   ,21.6110043251489   ,14.8316825610303   ,16035              ,apr                ,1999               
14.7957997773277   ,1.76304796291856   ,225.674888912583   ,2.91453604144204   ,2.67642030108107   ,22.9637245050651   ,35.112815337744    ,85.4872755458894   ,268.656904610946   ,282.770243264237   ,224.278505594324   ,0.00319940143880064,3.55566706595981   ,19.8887246468552   ,14.8184630784248   ,16049              ,apr                ,1999               
16.0532906293305   ,1.01583422100812   ,247.243005343929   ,3.52708554799119   ,2.87673277299247   ,27.9784385029645   ,36.8897884584791   ,80.2287005694792   ,273.884194598138   ,286.717702077502   ,199.628926210182   ,0.00391357223641911,3.31932308913977   ,18.0845042612038   ,13.3094159728915   ,16069              ,apr                ,1999               
12.2176216924966   ,1.24382290198537   ,234.492928704791   ,3.62413451133024   ,2.6339458201214    ,24.4796153538812   ,38.307004006441    ,81.9466034676418   ,272.530068129022   ,285.188697751889   ,199.04733710486    ,0.00375017924253513,2.86257866309037   ,18.9260807305328   ,14.0373570082273   ,16061              ,apr                ,1999               
20.4548523786554   ,1.81840844191403   ,217.30472997814    ,1.7932294999621    ,3.76913874114191   ,33.1998392772535   ,35.5828689500248   ,77.5043882615345   ,275.555759670471   ,288.727302250469   ,238.743420073098   ,0.00429685277489484,4.20453650763385   ,16.3305099247525   ,12.6060607336154   ,16055              ,may                ,1999               
20.2213307649138   ,1.51833193465188   ,223.693584443595   ,2.07247852667784   ,3.80617106213418   ,32.0583684178203   ,35.694787925244    ,80.999462038125    ,274.782260138244   ,288.990465735406   ,245.818254905157   ,0.00437010219071781,4.2483845340953    ,16.5862189444178   ,13.0904188308126   ,16009              ,may                ,1999               
18.5248246745017   ,1.35917606304498   ,245.058294814094   ,2.77719213744005   ,3.76238862322223   ,31.0958805888699   ,37.9958542546918   ,82.6931543460969   ,275.205302995251   ,289.181485891035   ,253.975662528007   ,0.00463200590287846,3.62901614514089   ,16.6724802910897   ,13.4292992413429   ,16057              ,may                ,1999               
15.0543894911056   ,2.22982947340802   ,245.359537887039   ,2.3550625160347    ,3.62161999730713   ,26.7014038323043   ,36.5105001881057   ,80.1803829508167   ,274.318270433212   ,287.496922971477   ,252.5112197185     ,0.00426235349540119,3.55717603934947   ,18.4560581633089   ,13.655009065035    ,16035              ,may                ,1999               
14.7165936757913   ,2.44450549283119   ,252.122456319534   ,2.40622566415448   ,3.60261803775481   ,25.530219049935    ,34.6784861375308   ,82.9669762583123   ,272.614200726164   ,286.379821970726   ,260.028311092694   ,0.00405817877530701,3.6289753267621    ,18.811076291105    ,14.1274733244406   ,16049              ,may                ,1999               
19.5026598311351   ,1.20444896979064   ,257.140234500555   ,3.01486421523885   ,3.97986173354204   ,35.2993882085324   ,36.7205550133082   ,77.0918354158137   ,276.918638512659   ,290.166509149567   ,257.316031556839   ,0.00477283529075991,3.40461415021568   ,15.4189173764394   ,12.2818177357118   ,16069              ,may                ,1999               
16.2299144258471   ,1.45470643205798   ,258.6750958761     ,3.09068627462571   ,3.66971489427186   ,30.2946621945177   ,38.7770315687423   ,80.1609482354591   ,275.609367771296   ,288.622499303734   ,254.763781631702   ,0.00465113394318302,2.96275229601503   ,16.926621018712    ,13.2836852233844   ,16061              ,may                ,1999               
19.9912206925696   ,1.99534527859967   ,207.500431974435   ,0.933687430381039  ,4.24570140125657   ,36.521731496217    ,37.8841530929377   ,77.34087303957     ,279.895963905868   ,292.702560935524   ,231.684055121151   ,0.00599729663472679,4.18233284250372   ,14.5145615231026   ,12.3910163333877   ,16055              ,jun                ,1999               
20.2759043871149   ,2.02690461720735   ,214.400472065401   ,1.40865117414346   ,4.14540037619762   ,33.7774819216079   ,38.8326471889278   ,82.3412058572562   ,278.99986769095    ,292.777919045473   ,228.717263331968   ,0.00611415932357267,4.17965523547675   ,15.3763522445333   ,13.1625400340063   ,16009              ,jun                ,1999               
19.5590096933382   ,1.81972047875697   ,231.346205348651   ,2.12474675575892   ,4.08204739739497   ,32.6547190036774   ,41.2291674715678   ,84.9711071529388   ,279.454220555623   ,293.074678446452   ,241.576613615672   ,0.00650105107680429,3.47758435287078   ,15.7487217254639   ,13.5709322725932   ,16057              ,jun                ,1999               
14.3095192591027   ,2.76897884257084   ,227.33444078597    ,1.81893940733049   ,3.89881342583092   ,28.3636834648648   ,39.7745485985254   ,80.1530622435255   ,278.608523125141   ,291.460166730067   ,229.285888653057   ,0.00589102958388911,3.41381963521683   ,17.1541357073001   ,13.7255883793834   ,16035              ,jun                ,1999               
13.8373391672214   ,2.76202204334248   ,238.723574673003   ,2.01869264310321   ,3.97056927189662   ,26.2057588006019   ,38.1325376334102   ,84.9833204000959   ,276.799583707639   ,290.73093920995    ,249.708419536755   ,0.00575053477377448,3.29682054158774   ,18.1124122941889   ,14.3643743121969   ,16049              ,jun                ,1999               
22.1361498517245   ,1.53972959236878   ,243.520250329858   ,2.47033929888577   ,4.43061881150366   ,38.259331445473    ,38.2392413744527   ,77.108471289378    ,281.481210476744   ,294.36653472574    ,246.704985329939   ,0.00651765998036629,3.22680372170798   ,14.3501681224123   ,12.196260694514    ,16069              ,jun                ,1999               
17.4797831664295   ,1.80474673359868   ,238.150074263454   ,2.48966778178517   ,4.0529078630048    ,32.9769515502551   ,40.8150028255032   ,80.7434410583874   ,279.893486615646   ,292.636518620262   ,244.324598682288   ,0.00633883420137442,2.79996490360292   ,15.6830556366398   ,13.2286522594694   ,16061              ,jun                ,1999               
32.6509456347213   ,0.490388572372305  ,185.03827006871    ,0.109801230594434  ,5.56918595110327   ,47.2648956127159   ,28.8447527902528   ,71.3567784049985   ,281.74632696863    ,298.553566950276   ,299.138010514965   ,0.00620371309595155,3.44365124241631   ,13.3265693362737   ,9.95589305666771   ,16055              ,jul                ,1999               
31.7753592920012   ,0.376420986883661  ,194.046302215701   ,0.958495191333327  ,5.64535483624057   ,45.59188956144     ,28.050388884467    ,77.0844328491304   ,280.711702734533   ,299.146517082807   ,303.950818348168   ,0.00625780415042167,3.4507925772535    ,13.6535380431363   ,10.5385953595925   ,16009              ,jul                ,1999               
32.2306966286202   ,0.227387235573223  ,208.995182197719   ,1.69452453722556   ,5.61615373046167   ,45.6854130741858   ,28.5634731120448   ,81.0553589353254   ,280.765590136128   ,299.580654971215   ,310.452972577003   ,0.00643425591808233,3.10701202108014   ,13.7172233376964   ,10.985247842035    ,16057              ,jul                ,1999               
34.4356590065242   ,0.396175793305603  ,208.781176331378   ,1.52819104838153   ,5.52148365213464   ,49.2091054718662   ,27.6927490383641   ,66.6190030335291   ,280.589200337554   ,298.180204290408   ,307.489504343457   ,0.00579774955872931,3.04231766106316   ,13.4245575212045   ,9.26469710718225   ,16035              ,jul                ,1999               
35.1260204682737   ,0.455504851515621  ,219.835299009477   ,1.64581894513445   ,5.52527074871393   ,50.3305143020939   ,24.188045502468    ,66.7283253153712   ,278.795223952968   ,297.779768381144   ,309.181560264483   ,0.00537776150653051,2.96813923045679   ,13.403738112566    ,9.1249974877875    ,16049              ,jul                ,1999               
38.9441014128108   ,0.228399462702306  ,219.435225025794   ,2.10948005419576   ,6.02501230003794   ,57.9524066162373   ,23.5755523012407   ,63.4212874691713   ,283.511281067284   ,301.239308792701   ,309.106911351768   ,0.00586300672824615,2.95506689878338   ,11.3359702259009   ,8.1921259480467    ,16069              ,jul                ,1999               
35.1862244538086   ,0.26543532302978   ,211.819219208374   ,2.14477880680857   ,5.58665964184555   ,53.9455983157604   ,24.7000632183102   ,65.9070289879283   ,281.614438928753   ,299.579266411119   ,309.693508118701   ,0.005640559659447  ,2.56861560580191   ,12.3393637043926   ,8.72767955994358   ,16061              ,jul                ,1999               
20.2489308582304   ,1.73021227569298   ,159.768935914155   ,-0.0237881182009464,4.7426468167317    ,38.7406130501684   ,34.2549317687944   ,85.3609820074347   ,283.945883299841   ,299.277658749905   ,248.995591099196   ,0.00812371963223144,3.41696496869438   ,13.7802228285753   ,13.0717436735902   ,16055              ,aug                ,1999               
17.9190756325383   ,1.40366234592844   ,170.935294470775   ,0.664361903653342  ,4.78012583055076   ,36.9205268354538   ,31.8613188645839   ,89.1250276931439   ,283.010467488521   ,299.890553596207   ,251.901004506559   ,0.00809457961082889,3.32263145027645   ,14.182054517833    ,13.5470278867899   ,16009              ,aug                ,1999               
21.9158404792467   ,1.20045406038002   ,176.411306903102   ,1.44706403533618   ,4.75051896218331   ,38.8941201240786   ,29.9816074838946   ,91.8408667742821   ,283.127172713741   ,300.491820703322   ,255.327065584736   ,0.00821992959489205,2.96479320583805   ,14.0696187005504   ,13.7330049714734   ,16057              ,aug                ,1999               
22.0238019252799   ,1.39697638467348   ,169.921112987027   ,1.29099007504267   ,4.61624535413976   ,41.997505872334    ,33.099260810517    ,81.6881980646244   ,282.936679719635   ,298.715596978274   ,256.019086467694   ,0.00771715757522478,2.82095479907487   ,13.2313600600778   ,12.5016898701089   ,16035              ,aug                ,1999               
23.1446657483613   ,1.28194080457492   ,180.936966635609   ,1.24294899859854   ,4.60700794124596   ,43.8719101706157   ,29.4188691966901   ,81.3896237832002   ,280.978737670188   ,297.913790661987   ,255.00394176294    ,0.00704411328276139,2.83516027915942   ,12.8805742455755   ,12.1719376269273   ,16049              ,aug                ,1999               
27.2829428383072   ,1.12079044736694   ,192.838109957028   ,1.96350358291106   ,5.00675831166798   ,50.5829367942803   ,25.7254533350663   ,79.5076875336236   ,285.783366833881   ,301.678928714138   ,254.001534563808   ,0.00763886749486322,2.70727163269455   ,11.513227624319    ,11.1572988300626   ,16069              ,aug                ,1999               
23.8486185907154   ,1.20982681233183   ,174.457449804271   ,1.96536383451509   ,4.66040381912357   ,45.7294105231301   ,27.8767404513053   ,84.1412594402926   ,284.006259748377   ,300.237294009195   ,253.452346291233   ,0.00765418743567456,2.4351700636839    ,12.4901771767875   ,12.2348295745453   ,16061              ,aug                ,1999               
34.1389489006008   ,0.255641675112956  ,178.346627689282   ,-0.325512979384026 ,3.49615519228296   ,47.8026997447177   ,26.6790331034667   ,78.6594470381246   ,276.802221713177   ,294.221847144861   ,184.82268893238    ,0.004555886604827  ,3.53402427642597   ,12.6604954558635   ,11.7340952861456   ,16055              ,sep                ,1999               
33.89473420148     ,0.176970914456357  ,180.247356936796   ,-0.0309689692726737,3.58409302820115   ,45.4827155732074   ,24.9730290301923   ,81.9774883473413   ,275.998177233814   ,294.571273382364   ,187.480036769769   ,0.00447254882095826,3.65919582552223   ,13.3392352203881   ,12.3208090111584   ,16009              ,sep                ,1999               
36.2376984045238   ,0.116955608474509  ,210.174634221113   ,0.910405658831199  ,3.73644482958317   ,46.5073755788803   ,22.533504178524    ,82.3243672008514   ,276.364850535075   ,295.550007451375   ,192.394397398631   ,0.00438019335483356,3.50860741416613   ,13.4201951270103   ,12.2126936297417   ,16057              ,sep                ,1999               
37.4116183911929   ,0.293889596010273  ,201.672579883265   ,0.722371156909585  ,3.48670426654597   ,53.0616908367794   ,25.6111858165961   ,68.290484318992    ,277.062215125183   ,293.335608263936   ,190.698691025748   ,0.00422096091556908,3.38482484550775   ,11.8569808942151   ,10.2892707425831   ,16035              ,sep                ,1999               
40.9550029593533   ,0.380483919902799  ,218.112550802531   ,0.534794687127197  ,3.56984443961271   ,55.6873349838646   ,22.4943489405108   ,66.5524107199769   ,275.135996055881   ,292.581776034283   ,198.578030928358   ,0.00377080166909725,3.42167581827249   ,11.4991932197533   ,9.88151727231522   ,16049              ,sep                ,1999               
48.5628260770274   ,0.0692040463016367 ,225.195181403866   ,1.72519694829157   ,4.03011828578092   ,63.1004035358123   ,19.2950923066301   ,63.5974581652147   ,279.722772203197   ,296.71428862383    ,194.335469185052   ,0.00406130224199876,3.30355329654858   ,10.2631360790096   ,8.6514684789746    ,16069              ,sep                ,1999               
42.2967128199263   ,0.0957819698209112 ,216.055845853186   ,1.69269421589933   ,3.65408439948211   ,56.9301292739952   ,20.5916410444853   ,70.2254646921289   ,277.975208608244   ,295.47015305196    ,194.013313758997   ,0.00408303043307973,2.93018455255787   ,11.4632701163121   ,9.86997412584373   ,16061              ,sep                ,1999               
21.6900713600243   ,2.5693850956969    ,187.964863278912   ,-0.989891311871744 ,1.75951241044414   ,33.2697842569603   ,37.390222896068    ,84.2623745391493   ,274.103212203382   ,286.332925152117   ,108.125209505524   ,0.00410724438939982,3.95167467359305   ,15.2150742042022   ,15.8388847838229   ,16055              ,oct                ,1999               
23.7307842218206   ,2.41785939739786   ,190.837421511302   ,-1.06160933367129  ,1.91064457757757   ,34.9448457566079   ,35.1996720105233   ,82.7741621606881   ,273.931705394031   ,286.814312233864   ,110.965413923822   ,0.00401795052855799,4.20682474217084   ,14.9634318887835   ,15.234447624784    ,16009              ,oct                ,1999               
24.9212489094321   ,2.06707537349775   ,196.43873556414    ,-0.27711912771066  ,1.96337599069361   ,36.1715120655491   ,33.2800070645732   ,83.9673385583201   ,273.851375126992   ,287.753815824447   ,118.315581052226   ,0.00401617037243165,3.67222744295674   ,14.8421922508363   ,15.2495877386678   ,16057              ,oct                ,1999               
26.0705809892585   ,3.27271702481813   ,208.146424490815   ,-0.909695244630519 ,1.93192472669386   ,40.676428804194    ,34.6390468843522   ,74.3229364700697   ,274.250426641486   ,286.111363159962   ,115.931292728278   ,0.00375603408522092,3.61525673258722   ,13.636104111716    ,13.6356648071673   ,16035              ,oct                ,1999               
32.8549598542487   ,2.03835593988035   ,223.831131562709   ,-0.906176175592518 ,2.1486527111568    ,47.0011507477003   ,29.3179659270733   ,70.8544252524795   ,272.458776329308   ,286.005196347088   ,130.960235528757   ,0.00329671193837356,3.72209767572757   ,12.4826199890651   ,12.3718033572524   ,16049              ,oct                ,1999               
34.8685670750756   ,1.62039499186992   ,203.376068772875   ,0.98124492740833   ,2.20617493620017   ,51.2741791666922   ,29.025777739452    ,71.0630892147704   ,276.229179712664   ,288.894335373159   ,125.631109355461   ,0.00377375237471496,3.30137617168127   ,11.4003667206276   ,12.0610628271177   ,16069              ,oct                ,1999               
30.5861197271528   ,1.72165018270327   ,198.170367389399   ,0.967494413379795  ,1.9702013163559    ,47.2213892475251   ,29.952929361888    ,74.5406915847221   ,274.832502266974   ,288.078419460865   ,125.341421643437   ,0.00377020194438594,2.84235556532116   ,12.3116613431029   ,12.7661766227294   ,16061              ,oct                ,1999               
3.26018462761277   ,4.50608948670571   ,189.674601249538   ,-1.07356254733966  ,0.718210110489397  ,6.4048062178863    ,61.8346921536167   ,95.8851194541314   ,274.014035988639   ,281.170839930823   ,55.075657207714    ,0.0048246897845842 ,4.15304542860049   ,23.8624367759715   ,22.6438933894467   ,16055              ,nov                ,1999               
4.09701781030184   ,4.32959530924219   ,197.604695896848   ,-1.22878443136723  ,0.848919643360306  ,8.61447954316884   ,58.6055424443834   ,95.6351851453913   ,273.964767028688   ,281.566045095229   ,56.1415832993547   ,0.00476749916790564,4.59587229346853   ,22.7128232346484   ,22.130835182521    ,16009              ,nov                ,1999               
6.95964584140844   ,3.85430179245081   ,192.121539059957   ,-1.03660351077716  ,0.935280717858424  ,12.0075637239167   ,53.9068293565114   ,95.1552685095469   ,274.011629984538   ,282.695538060506   ,62.1177722117106   ,0.00477787848814235,4.06900014640888   ,21.5054476067225   ,21.235411371549    ,16057              ,nov                ,1999               
9.27396704687101   ,5.35644441128901   ,191.859349296091   ,-1.42230425308799  ,1.05435250108252   ,14.8035127326405   ,51.6235078831808   ,89.2254749704029   ,273.587813232078   ,281.795892430763   ,63.627231100901    ,0.00427913233142942,3.99147264635252   ,20.7883395559272   ,19.9671749883172   ,16035              ,nov                ,1999               
15.6885063315298   ,3.8130075661711    ,206.179057510252   ,-1.56052046629094  ,1.23240511546436   ,23.0818451109355   ,45.8639937432587   ,85.2295321196287   ,271.414995921713   ,281.095911643993   ,72.6429186548959   ,0.00369574295875152,4.27747265509633   ,18.016464782332    ,17.9921338062695   ,16049              ,nov                ,1999               
15.0487473879251   ,2.48014463923182   ,194.88659174574    ,0.0897818744214129 ,1.16667043799717   ,24.3885294444344   ,47.3688165916266   ,89.1323483961789   ,275.726678086007   ,284.501550034576   ,68.4179567816423   ,0.00471657077578907,3.59879779471433   ,17.1805768569735   ,18.0389801476728   ,16069              ,nov                ,1999               
14.0565805044546   ,2.4032456992425    ,183.7647043948     ,0.146618167395106  ,1.07847126457974   ,22.7548321863955   ,46.6229008233252   ,90.3293671768231   ,274.239107280132   ,283.814828020416   ,68.901906310888    ,0.00447556171652838,3.16153180840587   ,17.8783155186446   ,18.5086985401542   ,16061              ,nov                ,1999               
1.12765638572547   ,5.05735462524066   ,198.320565990558   ,-0.865961055574103 ,0.252018701792273  ,0.367815355911234  ,81.1518140282651   ,97.7073635242603   ,269.66974452559    ,274.368826620471   ,43.2860290590137   ,0.00358463966317056,4.10386389507842   ,30.6479505499695   ,25.8916473624147   ,16055              ,dec                ,1999               
0.693146579523518  ,5.06329759972154   ,206.972852248694   ,-1.07136290119245  ,0.237049419016665  ,0.197639068790447  ,81.5890529564852   ,98.3402879793968   ,269.603348843727   ,273.877855385925   ,43.2329063323358   ,0.00359326269981843,4.60497260511039   ,30.8533259833823   ,26.3926382008389   ,16009              ,dec                ,1999               
0.972511728965212  ,4.81662891457851   ,205.112558794657   ,-1.0050131136179   ,0.274320938155754  ,0.46293456735264   ,77.7047241191864   ,98.5227154541016   ,269.618071431478   ,274.499994028727   ,44.8381923424403   ,0.00361064655085405,3.92392647372683   ,30.0525531476339   ,26.0246140915553   ,16057              ,dec                ,1999               
2.8004390294122    ,7.10050937172525   ,209.661709443106   ,-1.27490713943513  ,0.321973163997239  ,1.76538577067968   ,72.0978945847042   ,93.9941602278125   ,268.859268223962   ,274.041423727174   ,50.9186380376944   ,0.00332654313895775,4.05550231853575   ,29.8480040180591   ,24.4271643583501   ,16035              ,dec                ,1999               
6.5123341469051    ,4.01410948835891   ,226.128539615896   ,-1.58898416756164  ,0.497489243902343  ,6.9710645965437    ,60.9220273277399   ,91.6066290148342   ,266.069527011659   ,273.771847354683   ,57.3560090646976   ,0.00281242122445256,4.40851078987519   ,25.4995600138658   ,21.9109359006943   ,16049              ,dec                ,1999               
5.28694874655361   ,2.20231033010445   ,209.179200532475   ,0.0605491523028297 ,0.448397884800262  ,7.29931108629223   ,69.7062134367047   ,94.2938014725738   ,270.736158673564   ,276.19357509239    ,48.7274444098991   ,0.00359142047864403,3.57933439683574   ,23.7629493701479   ,22.2073280473869   ,16069              ,dec                ,1999               
6.4184357631593    ,1.72766439515331   ,199.459198258665   ,0.109014458869669  ,0.364465786247789  ,7.42662402592146   ,69.9528626533908   ,96.5257463040102   ,269.100244628234   ,275.108033117709   ,49.3418028784192   ,0.00341361076128477,3.00821672121355   ,23.7283675146497   ,22.61939052235     ,16061              ,dec                ,1999               
