bi,pr,th,pdsi,pet,erc,rmin,rmax,tmmn,tmmx,srad,sph,vs,fm1000,fm100,countyfips,month,year
3.53854315249999   ,3.57303047528485   ,174.36477926199    ,-2.63059896696742  ,0.479265321273103  ,3.20845440954718   ,68.6877320427732   ,90.4417273216192   ,267.817280173697   ,273.194989426083   ,47.4647589346398   ,0.00288702478056451,3.25669210001116   ,26.9341082781193   ,21.8595883455407   ,16055              ,jan                ,2004               
3.17661532261643   ,4.12272779311769   ,188.040867932905   ,-2.63734073469625  ,0.512847472995514  ,2.0283257029128    ,67.5645439838221   ,93.1637769124962   ,267.659535611352   ,273.373508722051   ,47.7489436477804   ,0.00291938629698182,3.79134256538486   ,28.531165070014    ,22.9076548063202   ,16009              ,jan                ,2004               
2.85913347628516   ,3.96697809741051   ,186.333346054362   ,-2.10921115100384  ,0.494959298266518  ,1.51606546269262   ,67.8615001770758   ,95.8489807596514   ,267.597920217206   ,273.876720709032   ,49.6248283023219   ,0.00299876846197519,3.48259360988294   ,29.1243499598965   ,23.7466586306787   ,16057              ,jan                ,2004               
2.62349903529447   ,5.83739527156657   ,192.9922437825     ,-2.00778488322326  ,0.548260006940049  ,1.7390200012723    ,65.1982359996411   ,92.3134180953637   ,267.534861063767   ,273.626912911852   ,53.5977903759058   ,0.0029120398827749 ,3.6361550602424    ,29.4345126789751   ,22.894183673272    ,16035              ,jan                ,2004               
5.94439617831972   ,3.66947202374185   ,214.513989084381   ,-1.704062976       ,0.703498345209868  ,6.3818393351383    ,55.7439594706523   ,89.3822523339463   ,265.460062448369   ,273.556724186324   ,62.2839317682833   ,0.00256161343844847,4.11317514942627   ,25.9173168386555   ,20.6972474841376   ,16049              ,jan                ,2004               
6.32342645135237   ,2.06892533853428   ,191.686263264223   ,-1.23618532741134  ,0.61811122767099   ,7.27790868202841   ,63.4893297027962   ,91.7060065118942   ,269.325345580118   ,275.710925005007   ,52.7995895078434   ,0.00312200784676902,3.19122762333654   ,24.5640874849181   ,20.9938162137707   ,16069              ,jan                ,2004               
5.48841349912785   ,1.93107944479576   ,178.112817437323   ,-1.13192593328881  ,0.514962308788118  ,5.41239243179591   ,65.32724597517     ,95.0613496669036   ,267.865394895346   ,274.698123330849   ,53.6535162970213   ,0.00306583972291743,2.8329760302896    ,25.1122177668617   ,22.1480112405053   ,16061              ,jan                ,2004               
4.52564394557929   ,2.42355257318766   ,163.133693459593   ,-2.29224878966563  ,0.771976579596091  ,3.34728812200929   ,61.0426820354697   ,97.2595131530403   ,269.159949152978   ,277.384086433962   ,84.8788290640524   ,0.00341873744632425,3.02086572973676   ,27.0702680464985   ,22.1154274357409   ,16055              ,feb                ,2004               
3.88354196433066   ,2.32188980540478   ,175.925297296158   ,-2.18152131719232  ,0.787122889474626  ,2.45540654155042   ,60.2939011548801   ,97.9570263953705   ,268.880704684673   ,277.429213290888   ,86.1587631381979   ,0.00345830927953866,3.3153589700403    ,27.8431514472349   ,22.2752920825504   ,16009              ,feb                ,2004               
3.6926552877665    ,2.26075446091226   ,178.447813344683   ,-1.67289977759123  ,0.823164599500597  ,2.22456786753246   ,60.8490527704784   ,98.5085855770111   ,269.205268173218   ,277.984587538583   ,85.8779648883002   ,0.00355984668804532,3.29392113161939   ,28.1004502364567   ,22.4084267895562   ,16057              ,feb                ,2004               
3.7866493924571    ,2.92391688119827   ,178.725277716067   ,-1.59414127406614  ,0.898782209364112  ,3.45672926068949   ,57.7859158448243   ,93.5011172175083   ,268.593607027773   ,277.375272791755   ,100.566188225102   ,0.00329748012015933,3.16318232441229   ,27.8278225755015   ,20.9444660542055   ,16035              ,feb                ,2004               
7.28329598012232   ,2.26707249093624   ,206.860595035346   ,-1.23737427569455  ,0.988109493756287  ,7.95099400558846   ,51.9262383545159   ,93.382049881445    ,266.010225751967   ,276.432320296014   ,105.589894225258   ,0.00287316335288219,3.43719473711204   ,25.202151644482    ,20.0802811572264   ,16049              ,feb                ,2004               
7.95018416298072   ,1.34436995111311   ,184.347354973428   ,-0.784085368969475 ,0.974529938241559  ,9.66745322877402   ,58.0345735284005   ,94.4636645903562   ,271.029588406463   ,279.317186992345   ,95.1281351720768   ,0.00366695170379525,3.03529750971825   ,23.7949885511508   ,20.1331253365946   ,16069              ,feb                ,2004               
7.61709462051058   ,1.29755066176329   ,174.826104620131   ,-0.483942212280649 ,0.858037659214477  ,7.74599214604422   ,59.3075786858551   ,96.6830171609854   ,269.508805397691   ,277.995375438452   ,92.5797268513946   ,0.00350931578341497,2.59800419837694   ,24.6856289678369   ,20.9761049136643   ,16061              ,feb                ,2004               
15.9743135383456   ,1.64556166762764   ,216.121900041423   ,-2.3232974118166   ,2.15718815159896   ,18.147614920338    ,42.3001448143752   ,83.8246190476098   ,271.89683118076    ,283.78447959674    ,143.844161295058   ,0.0035471196585447 ,4.74031634045426   ,21.9934484313941   ,15.922387032969    ,16055              ,mar                ,2004               
16.3026830615867   ,1.72304730505067   ,219.474913234109   ,-2.21899110161106  ,2.18400130105351   ,16.7744930954254   ,42.204472351948    ,86.7072177944486   ,271.531372379042   ,283.880652031386   ,149.555251076923   ,0.00360017266774404,4.9981740766023    ,22.6208139384241   ,16.5310109807098   ,16009              ,mar                ,2004               
14.8503059164423   ,1.56935538198949   ,222.547317234162   ,-1.7061535786589   ,2.20558866846946   ,16.1481375297712   ,42.2468899083907   ,88.3743611452656   ,271.782429819415   ,284.687750308129   ,154.468056791982   ,0.00373313216901865,4.27788103356477   ,22.913537779162    ,16.759282412529    ,16057              ,mar                ,2004               
10.619192610537    ,2.4851877176802    ,218.168616979011   ,-1.66337180856439  ,2.14479130497776   ,14.2533608715373   ,42.4248081032449   ,86.0541268336792   ,271.665902669584   ,283.275941930054   ,162.794060041153   ,0.00360175130594205,4.2195859341718    ,23.1661765916704   ,16.9419755573724   ,16035              ,mar                ,2004               
13.3346594820642   ,1.85200258722915   ,230.030468991303   ,-1.31814698909233  ,2.2771877722791    ,19.1594521137503   ,37.5475121297289   ,83.335977978326    ,270.194265247042   ,282.671311527301   ,170.679938349184   ,0.00323387184903332,4.22672929160986   ,21.3038900906323   ,15.8627516820846   ,16049              ,mar                ,2004               
19.9011515765135   ,0.855414104379077  ,225.992785846959   ,-0.889723909593813 ,2.47627469753837   ,26.2606359334238   ,39.1221284560341   ,81.6865123497405   ,273.92078149732    ,286.344518030103   ,162.144965135786   ,0.00387587404861463,3.88714524092336   ,19.0280505821625   ,14.3327799796729   ,16069              ,mar                ,2004               
15.8349033327101   ,0.912075377353329  ,216.773171538005   ,-0.544409729011829 ,2.22838560217891   ,22.3658293321971   ,40.6582114365348   ,85.8105235551078   ,272.546449852956   ,285.223701739432   ,159.8161653149     ,0.00379890830331027,3.31254877520701   ,20.1220775362461   ,15.5020396931271   ,16061              ,mar                ,2004               
14.7689025022309   ,1.6035464813883    ,211.932951635932   ,-2.86478602264807  ,3.09249014824997   ,26.0145350473244   ,39.0775453677393   ,83.4620289199473   ,274.537349660112   ,288.30363866233    ,217.524839602707   ,0.00431035296507282,3.49274926294352   ,18.2253848864708   ,14.7680846890631   ,16055              ,apr                ,2004               
14.0098236617244   ,1.52838939378824   ,214.121501491879   ,-2.78590744063699  ,3.11803126398628   ,24.5178963027292   ,39.030315351016    ,85.6233383396909   ,274.021799741365   ,288.380778693024   ,217.388408400556   ,0.00434587902382119,3.62961124138249   ,18.7123392385374   ,15.1382917793545   ,16009              ,apr                ,2004               
14.1837889453956   ,1.47841237713288   ,223.992411268552   ,-2.2966563397646   ,3.14756448384126   ,23.4410689125856   ,39.8428596617381   ,89.1509032160441   ,274.085822606405   ,288.866997777303   ,224.715486493429   ,0.00456164731112464,3.34822428977489   ,19.0623378418287   ,15.7103308668137   ,16057              ,apr                ,2004               
12.5038467246148   ,2.06216103433184   ,222.960906553907   ,-2.34285921135614  ,3.12886715724571   ,23.1134146998179   ,38.6804049682752   ,84.2635360491956   ,273.796614195143   ,287.240502371597   ,235.525415316495   ,0.0042456600606429 ,3.30958849000544   ,19.2322790179478   ,15.0452487943876   ,16035              ,apr                ,2004               
15.6287395929811   ,1.66050741116675   ,223.131430608436   ,-2.07899599121048  ,3.16771687437737   ,27.4413929936987   ,35.2262769423697   ,83.6785875128627   ,272.057226196835   ,285.980106120732   ,241.684242190874   ,0.00387818632330992,3.62220722291337   ,17.7238260826517   ,14.3907516880083   ,16049              ,apr                ,2004               
18.4070098065343   ,1.38709365927511   ,230.391866034492   ,-1.62023928660547  ,3.35359252935637   ,30.2218505502385   ,38.134912256591    ,85.6601427527035   ,276.014145901114   ,290.054385835644   ,229.780030830914   ,0.00481901085983676,3.18464186507113   ,16.6815870489879   ,14.5814402195222   ,16069              ,apr                ,2004               
14.8961092195561   ,1.54377434724639   ,227.296354382491   ,-1.50760932878358  ,3.09558300507299   ,26.2611748478629   ,40.3024725409579   ,88.225759211979    ,274.601140705876   ,288.591133067233   ,227.528475230193   ,0.00466171896400074,2.85557283829723   ,17.7733001158586   ,15.4774259634254   ,16061              ,apr                ,2004               
13.2511202519367   ,4.0720150744792    ,204.500930333101   ,-2.89916359184537  ,3.59112045920957   ,25.1526130997925   ,40.1165512502233   ,85.0228847902197   ,277.247078536406   ,289.370773904877   ,240.719451995449   ,0.00525257200992718,4.14071978630811   ,17.913338553331    ,15.0433104802583   ,16055              ,may                ,2004               
12.0474100500619   ,4.49162897970872   ,219.080979427119   ,-2.79979117100055  ,3.61856861486761   ,22.6841205250537   ,41.1673427082287   ,87.307813605454    ,276.921235732756   ,289.495278798435   ,247.623838115589   ,0.00537769579515963,4.22639737729467   ,18.6913392627073   ,15.7934622334078   ,16009              ,may                ,2004               
10.7053306231863   ,4.32377459409181   ,246.259058421917   ,-2.31559817373753  ,3.52568267999157   ,20.6975353417954   ,45.0910098586544   ,89.5766206593667   ,277.319756464804   ,289.637982477988   ,253.358241836794   ,0.00577402724692928,3.62649546800121   ,19.316488185698    ,16.5871741267174   ,16057              ,may                ,2004               
10.0628424735059   ,6.62398037464635   ,241.405820515868   ,-2.37511309605404  ,3.41113348595972   ,19.8995724914957   ,43.1198486726687   ,86.8665491611564   ,276.573572541376   ,287.607171662286   ,250.848370400456   ,0.00519675193862926,3.6252018844074    ,19.7910195112082   ,16.6890659673733   ,16035              ,may                ,2004               
11.6109897543389   ,5.78153138212932   ,252.732533038646   ,-2.23431241445906  ,3.40395003416333   ,21.4598910799303   ,40.6339043144571   ,86.4233044379929   ,274.993258879375   ,286.349382355049   ,253.262838449847   ,0.00475508060162956,3.73090631024693   ,19.3519278746782   ,16.5217072270667   ,16049              ,may                ,2004               
11.5775844781695   ,3.83785448846706   ,259.059204004459   ,-1.60475737738312  ,3.69844970418108   ,23.6869125563933   ,43.8293431831348   ,86.9211980425861   ,279.011670338813   ,290.450040868917   ,255.606889495402   ,0.00596614581679295,3.43384525164954   ,18.2827198100292   ,16.0266691117898   ,16069              ,may                ,2004               
10.312228327041    ,4.82229069693094   ,255.972543090193   ,-1.4914786444551   ,3.39166252003197   ,19.9309463975224   ,46.5717515195411   ,89.8408284819117   ,277.486934229648   ,288.802513149      ,253.640274704822   ,0.00580528036620983,2.96553982406958   ,19.6883832650069   ,17.1515842907844   ,16061              ,may                ,2004               
15.9492765835215   ,1.52548065648768   ,175.37118718889    ,-2.25053979912249  ,4.69301132248262   ,27.9411128759057   ,37.7320603309181   ,75.441948445638    ,281.730136112585   ,295.45079309283    ,263.626705216773   ,0.00652468037217937,3.52430665599302   ,18.5909529900518   ,12.5021262515556   ,16055              ,jun                ,2004               
13.6867871588771   ,1.27453880382599   ,187.7132283774     ,-1.94584753550956  ,4.76229303224082   ,26.6464022736107   ,35.9220317562186   ,77.9734634309125   ,280.990211327306   ,296.212198507997   ,261.181744326078   ,0.00652376945530977,3.49951308584778   ,18.8700758027372   ,12.5227070570462   ,16009              ,jun                ,2004               
11.632153829214    ,1.1839544621945    ,210.437912699282   ,-1.41059956510862  ,4.70803921669722   ,23.7314216840267   ,38.7189961547852   ,83.0852736873627   ,281.029525131226   ,296.394148595174   ,276.353181755066   ,0.00699509946466424,2.94902410897613   ,19.7047712405523   ,13.3371661510468   ,16057              ,jun                ,2004               
9.32349233737301   ,2.24610519673655   ,206.352941071841   ,-1.04714874348618  ,4.53653530329361   ,19.2891498089328   ,35.9960751005929   ,75.940609843904    ,280.618588736429   ,294.88374157745    ,264.050218699094   ,0.00631846184604371,2.95150902758315   ,21.9417407397404   ,13.4528672420617   ,16035              ,jun                ,2004               
11.6189209054949   ,2.34020500067076   ,207.88084682051    ,-1.16591999441185  ,4.61741883734254   ,22.3067040805835   ,33.7464458982621   ,76.7750620965284   ,278.863215738233   ,293.624970016781   ,280.858367109646   ,0.00592862234138254,2.98548694174661   ,20.8709530144663   ,13.1656105231127   ,16049              ,jun                ,2004               
15.2980096113628   ,1.2537426460966    ,219.377437365969   ,-0.39708647595091  ,5.00724483231172   ,29.4487703447886   ,35.8626560374377   ,74.3547176823472   ,283.101458465522   ,297.303216027788   ,283.017119032644   ,0.00693206555681526,2.80795151049441   ,18.2503560745355   ,11.7722200802941   ,16069              ,jun                ,2004               
12.2147644124433   ,1.48000609302809   ,219.269815699128   ,0.459320517939313  ,4.62949523311673   ,23.3748129679152   ,38.7974743548832   ,79.7607557307262   ,281.42085068968    ,295.627928405425   ,280.622476549385   ,0.00686514918081791,2.48242930035946   ,20.3710890537451   ,13.1214659336185   ,16061              ,jun                ,2004               
33.2526038271938   ,0.463425288448271  ,189.160940856244   ,-2.29398384800664  ,6.01826584995877   ,49.3438100775573   ,28.5257780117357   ,67.154096766707    ,284.419323437973   ,300.879360375708   ,303.425300297344   ,0.00716469905302215,3.61869313597252   ,12.9180988717899   ,9.27388081474005   ,16055              ,jul                ,2004               
33.0995491061662   ,0.511744407203463  ,196.88077418375    ,-1.92184885836682  ,6.08350235807416   ,48.8763737606625   ,27.0708112301638   ,69.7099925844149   ,283.313706577313   ,301.365519221263   ,303.589069454559   ,0.00697543677986081,3.64517698396729   ,12.9871995652489   ,9.47483672010783   ,16009              ,jul                ,2004               
30.846514871664    ,0.485244330373713  ,211.915085542099   ,-1.34536318133275  ,5.86084127095438   ,45.9886730578638   ,28.2589608061698   ,74.9224261591511   ,283.369152477634   ,301.698850895051   ,307.912748164515   ,0.00733683029978326,3.07222039120813   ,13.7444467341515   ,10.2970506024361   ,16057              ,jul                ,2004               
28.7723730178633   ,0.722555551595309  ,216.907363376398   ,-0.896121533835665 ,5.69335056188641   ,46.5930035494282   ,27.7267848018539   ,61.8952829433416   ,283.468171973594   ,299.952384408122   ,305.059663173309   ,0.00665823686126731,2.94417337986162   ,13.8654204241894   ,9.1202579085908    ,16035              ,jul                ,2004               
26.8450998557999   ,0.98877918396356   ,230.396605595551   ,-1.05601349171343  ,5.59698254533539   ,44.1809891774166   ,26.1993218341309   ,66.218511413018    ,281.732265985153   ,299.018845383865   ,307.498148582634   ,0.00651134658430891,2.87918719701136   ,14.3529806443953   ,9.72426956909668   ,16049              ,jul                ,2004               
36.5761084051139   ,0.558251852841737  ,230.780840732067   ,-0.456358204447995 ,6.19980662288965   ,55.7596163312916   ,24.0813181663929   ,58.879626093475    ,286.328541741035   ,303.016521817757   ,306.948437198351   ,0.00680333311335043,2.854062865392     ,11.8704575424629   ,8.20333604893233   ,16069              ,jul                ,2004               
28.8495700375648   ,0.698024228402177  ,227.951765763286   ,0.516155601368791  ,5.67106368318617   ,47.5135338596902   ,27.3040653890815   ,66.8111562650066   ,284.337179535327   ,301.195638898149   ,307.635513206      ,0.00703190206361364,2.47520713358363   ,13.5601786664568   ,9.55205832395958   ,16061              ,jul                ,2004               
28.936334010326    ,4.19266854818195   ,169.456089118523   ,-2.13376566019568  ,4.88483346026051   ,44.5413593238178   ,34.6101710480174   ,76.6407944504426   ,284.927207822203   ,299.332375706073   ,244.090396433954   ,0.00788511286545176,3.85340986132511   ,12.8496223295509   ,12.7378842086569   ,16055              ,aug                ,2004               
27.4704843035015   ,3.30168695787139   ,177.787110997284   ,-1.74334713928328  ,4.94520283933131   ,44.7364268540471   ,32.040564410899    ,78.5147330773243   ,283.762229533522   ,299.89860746992    ,246.621537859692   ,0.00761779605135987,3.90799106077557   ,12.7610041981868   ,12.7229796050273   ,16009              ,aug                ,2004               
23.6800870405829   ,2.60170836752085   ,185.689516484045   ,-1.04079783027371  ,4.65876618239187   ,42.8897536316995   ,33.3190747824023   ,82.2558517173029   ,283.827900823778   ,300.183795097105   ,249.175103639172   ,0.00804461591862022,3.23290668266435   ,13.100040522237    ,13.099723000911    ,16057              ,aug                ,2004               
22.380804221161    ,3.69482712083571   ,185.980829198754   ,-0.383899054639015 ,4.60356169807336   ,43.8958807984405   ,33.6709419838576   ,72.8362612370164   ,283.368563992      ,298.023187064591   ,248.286412573963   ,0.00714358426156674,3.09598753607054   ,12.7807803056107   ,12.2726972780343   ,16035              ,aug                ,2004               
22.5281656474594   ,2.98648637190406   ,202.409928461477   ,-0.861954985682368 ,4.50781178305452   ,43.4424994825075   ,30.2863440612377   ,74.9319661580799   ,281.365180198321   ,297.146233472436   ,249.480587231357   ,0.00669663486006511,3.01027792678734   ,13.1240869435511   ,12.2808191972752   ,16049              ,aug                ,2004               
26.9435878988639   ,1.8342094786826    ,199.35794369382    ,-0.18449406664511  ,4.90424535449094   ,52.3292495948972   ,28.715655007197    ,71.564070481647    ,286.223380117267   ,301.402754821304   ,248.800948488644   ,0.00750985808175058,2.91040808063181   ,11.0002943592193   ,10.9886327665469   ,16069              ,aug                ,2004               
22.472759060289    ,2.14225685522626   ,185.885266237404   ,0.73862928015593   ,4.49636741767912   ,46.095641412407    ,31.9387016614193   ,77.4525277095297   ,284.266889905205   ,299.737335583395   ,248.893195261862   ,0.00765378897634994,2.55418961145375   ,12.3343397723742   ,12.1035852434158   ,16061              ,aug                ,2004               
17.1678169199725   ,2.03458133332281   ,209.625611906287   ,0.235474033692573  ,2.56874208628968   ,23.7222080514992   ,43.7476434838461   ,91.2644374889274   ,279.248826387717   ,291.159616402834   ,161.546194591967   ,0.0065125967985318 ,3.76002689480618   ,18.8241311745716   ,16.8564366727863   ,16055              ,sep                ,2004               
16.3659527411001   ,1.71751678687607   ,218.155095338892   ,0.49897560036394   ,2.68884424728284   ,24.0526863303175   ,40.6256816295947   ,92.1811726474198   ,278.508139736318   ,291.58825362166    ,164.077054599709   ,0.00631559772464709,3.91811858196936   ,18.5507508714288   ,16.6915443204093   ,16009              ,sep                ,2004               
15.4761520647368   ,1.34571454965013   ,233.299202757567   ,1.03393189805249   ,2.63318461855253   ,24.33901693964     ,40.3567203836441   ,94.3182478961944   ,278.779924753825   ,292.199302912394   ,167.327132225037   ,0.0065759765257438 ,3.28683178281784   ,18.2687087918917   ,16.9513370008469   ,16057              ,sep                ,2004               
13.2608741545625   ,2.47402643171881   ,230.62289200644    ,2.09544518894507   ,2.48401158421791   ,21.6376414016029   ,44.6735396622435   ,89.2255107812431   ,278.503286317337   ,290.019623257595   ,167.385577826201   ,0.00622645523871667,3.16824346529589   ,19.4200515306861   ,17.0114781232851   ,16035              ,sep                ,2004               
14.8383797429141   ,2.8803098030318    ,238.871879918687   ,1.26380317097104   ,2.66006409350023   ,23.9970225930703   ,41.1296421655238   ,86.8087294444526   ,276.9497225874     ,289.507861279836   ,177.767373384249   ,0.00578723847954285,3.29159816509606   ,18.8256084013055   ,16.4090985276415   ,16049              ,sep                ,2004               
20.7575320067784   ,1.04547592106777   ,249.778579295085   ,1.25189767456522   ,2.98938062920927   ,34.650692355314    ,35.5158352641073   ,86.3489923191581   ,280.940085638526   ,293.759796490729   ,169.635948185232   ,0.00639485113203207,3.03764800466531   ,15.2488247231366   ,14.4046036645478   ,16069              ,sep                ,2004               
15.5920541766929   ,1.28370325571124   ,242.410822010385   ,1.81755793882796   ,2.63336594168805   ,27.6462636828094   ,38.8264724287448   ,91.3577406581112   ,279.277148958737   ,292.209161179388   ,168.766864690439   ,0.0064181014690189 ,2.60320024831893   ,17.2119723603745   ,16.106095687614    ,16061              ,sep                ,2004               
13.1256209767273   ,2.63228956349669   ,199.927529762628   ,1.76971648880811   ,1.54421216696125   ,17.0801963715118   ,48.4676960725226   ,94.5653627406517   ,275.439981764157   ,285.826906715433   ,106.136067133571   ,0.00505352657557584,4.13535877369511   ,20.7808235464194   ,19.2068269843047   ,16055              ,oct                ,2004               
11.180042146092    ,2.49560683108792   ,199.318794601574   ,1.6298595966672    ,1.5951704264603    ,15.9597301661368   ,46.2516360354801   ,96.0685400892747   ,274.936121402339   ,286.263524605405   ,106.775557393312   ,0.00507889144082781,4.33379916216176   ,20.922316694469    ,19.6361476927683   ,16009              ,oct                ,2004               
10.4252195801461   ,2.15851333071267   ,207.772124506466   ,1.64691717876121   ,1.5000228515027    ,15.5756439359071   ,46.807408346976    ,97.7317388337658   ,275.004843425135   ,286.633314686437   ,109.25921108615    ,0.00530817299563017,3.57569013999354   ,20.9164149084399   ,20.0439412238521   ,16057              ,oct                ,2004               
10.0892839832313   ,3.28676057116189   ,209.226877545283   ,2.42185470384137   ,1.46912036816026   ,16.714415107416    ,48.9407711607254   ,91.8793147152852   ,274.729984412746   ,284.692421213907   ,113.850700333671   ,0.00492263176034284,3.47848708505383   ,20.681754226453    ,18.8587876097255   ,16035              ,oct                ,2004               
13.5212140580867   ,2.17376635646885   ,215.775570500619   ,2.08378647943847   ,1.66208524833899   ,21.8054188074323   ,43.3727693984895   ,89.5476422944076   ,273.024116562691   ,284.315105658286   ,127.219214089578   ,0.00449824257750008,3.64137643937156   ,19.0898189213406   ,17.4121621111759   ,16049              ,oct                ,2004               
14.882212934105    ,1.45628105634134   ,218.29942503645    ,1.51491452814636   ,1.68510023494599   ,24.5102697523407   ,43.0957748596681   ,92.7013079932955   ,276.85258616549    ,287.756854146971   ,114.160874811106   ,0.00532598238560788,3.2557708796847    ,17.7491828241656   ,17.681977677555    ,16069              ,oct                ,2004               
12.5460535009715   ,1.49609418372581   ,208.841611323182   ,2.01212656760676   ,1.49757486977869   ,20.8784644451818   ,44.892233314148    ,94.8666728677447   ,275.419939659971   ,286.615025116837   ,115.411899014429   ,0.00522914440670902,2.73397799859966   ,19.0332547430355   ,18.5092306181578   ,16061              ,oct                ,2004               
9.72527346134911   ,3.06028136349716   ,195.155576999492   ,1.70779657996239   ,0.56573434724116   ,10.6148869599498   ,59.9114345796478   ,94.0500356891355   ,271.391708704735   ,278.483249529301   ,62.2934623982517   ,0.00390502450660648,3.41532428339021   ,23.1333711053772   ,20.8526595755369   ,16055              ,nov                ,2004               
9.49344605621634   ,2.80274382003434   ,204.804989185935   ,1.43346587910925   ,0.562795247347691  ,9.60611356630829   ,60.3320307052582   ,95.3666902463112   ,270.998512084479   ,278.22022729757    ,62.8667953468639   ,0.00393105148603218,3.71654947750432   ,23.546282592939    ,21.2551732042602   ,16009              ,nov                ,2004               
9.35398696877543   ,2.40288780404643   ,207.017204978943   ,1.4011785615189    ,0.563168713431805  ,9.4189269710305    ,61.1853315283457   ,96.1786554412842   ,271.211400929769   ,278.713189102173   ,67.3132722876867   ,0.00406505676809077,3.26135096267859   ,23.6065178743998   ,21.5167433627446   ,16057              ,nov                ,2004               
8.93361077558775   ,3.4478543041759    ,204.278384527717   ,2.14795809929601   ,0.682883491287555  ,10.9022191452788   ,58.4106929347581   ,89.9532220677812   ,270.853392266454   ,278.114745041012   ,66.8134563795524   ,0.00364993716883975,3.2115489674379    ,23.33304962423     ,20.1145246995344   ,16035              ,nov                ,2004               
11.2825042491294   ,2.24287363037732   ,211.928319172064   ,1.73728759867585   ,0.844395948624284  ,14.5644606973475   ,52.1141681382638   ,90.5978255287598   ,268.478639481541   ,278.12598929436    ,73.6143222976421   ,0.00327396205877874,3.55703723457377   ,21.6979769745643   ,19.5875758533053   ,16049              ,nov                ,2004               
12.9550977965546   ,1.42389108890389   ,213.076859239376   ,1.22169101466682   ,0.747672309156726  ,17.6057133838924   ,54.7235110886382   ,91.373122065675    ,272.737406997545   ,280.601200722543   ,70.6613139074329   ,0.00406795244169241,2.95546671339641   ,20.2707258219387   ,19.140762868497    ,16069              ,nov                ,2004               
12.0547035812244   ,1.39822662593579   ,200.758095609879   ,1.65785512549818   ,0.650358577606271  ,15.5855952259503   ,56.4985183537171   ,93.2979471984317   ,271.240296629178   ,279.289448782761   ,70.3394794747849   ,0.00389349117872534,2.55695845396887   ,21.0599677687506   ,19.9196571423659   ,16061              ,nov                ,2004               
5.93569427404894   ,2.77182130325593   ,182.999217023182   ,1.47005567174604   ,0.39199850567973   ,3.88452084252005   ,69.2944556645732   ,95.617094510344    ,270.16606231815    ,275.802959489234   ,42.4849318701871   ,0.00353289178029004,3.70306169393131   ,26.5622855174689   ,23.0064317208749   ,16055              ,dec                ,2004               
6.00666601769047   ,2.54637690681791   ,193.697035548344   ,1.13897883001517   ,0.399416364855418  ,3.58965339514423   ,68.9829273682845   ,95.9443875156681   ,269.682589348486   ,275.522753581211   ,43.0121933194072   ,0.00352531614030493,4.18286881199955   ,26.7273486338659   ,23.2022670851186   ,16009              ,dec                ,2004               
6.12612313790829   ,2.22336151315924   ,185.452517217      ,0.984468626212329  ,0.419955941518148  ,4.05231018217077   ,68.3514448998769   ,96.640024278005    ,269.713310470581   ,276.218722422282   ,45.3876379089355   ,0.00359706040506717,3.76831566498677   ,26.4806138985952   ,23.2205482578278   ,16057              ,dec                ,2004               
4.91740019103754   ,3.76321354311234   ,186.800316045249   ,1.86086428953024   ,0.480704942113018  ,3.28530162800875   ,66.3627600709513   ,93.517067147511    ,269.576870537207   ,275.746838074591   ,48.7356730978618   ,0.00343945716294264,3.83914949045037   ,27.4570739525653   ,22.8538918209546   ,16035              ,dec                ,2004               
6.92067713263366   ,2.53725354105957   ,210.243292759661   ,1.34584698924035   ,0.614178372016508  ,7.33851203256679   ,60.2742010959655   ,90.8346268906634   ,267.608958311      ,275.406431687923   ,55.0125896883338   ,0.00308131169355291,4.08604831838394   ,24.7505153249359   ,20.9952572791496   ,16049              ,dec                ,2004               
11.6827244436131   ,1.22430635638271   ,189.440498871557   ,0.816300038673497  ,0.616379776211213  ,12.5145894470925   ,62.1202758466071   ,90.8863061350722   ,271.583908864394   ,278.310145416532   ,50.1548070239511   ,0.00365839824815067,3.35282730634412   ,22.328381543661    ,20.0148817272322   ,16069              ,dec                ,2004               
9.97797559903339   ,1.02538638518605   ,175.866598124018   ,1.33334041553095   ,0.519301361447975  ,9.88580704786422   ,63.4274108156357   ,93.9461522851109   ,270.077517981831   ,277.329829259615   ,49.9406184590552   ,0.00353938804136989,2.92218211557583   ,23.2949142282659   ,21.1511191796337   ,16061              ,dec                ,2004               
