bi,pr,th,pdsi,pet,erc,rmin,rmax,tmmn,tmmx,srad,sph,vs,fm1000,fm100,countyfips,month,year
0.760250477786164   ,4.15131774138132    ,172.413407163761    ,0.0117337196217071  ,0.35924003618288    ,0.293960620530147   ,75.6796515183858    ,96.6476022377759    ,268.303757777303    ,273.794824200925    ,52.1799947482157    ,0.00316556903379592 ,3.91722310598226    ,31.4362183075478    ,24.96018323616      ,16055               ,jan                 ,2000                
0.648387130566217   ,3.85890597298339    ,185.524083914159    ,-0.0996903769757564 ,0.398943798697946   ,0.355263078429565   ,73.446673558354     ,97.0875069970824    ,268.809633730113    ,274.006516769884    ,51.8322490645538    ,0.00324035403459139 ,4.35945398853262    ,31.7311727757171    ,24.8726043322542    ,16009               ,jan                 ,2000                
0.586929623820789   ,3.38368671321535    ,185.344836241545    ,-0.213432734267165  ,0.393478737377351   ,0.228729706058061   ,70.4153421531185    ,99.1285268598987    ,268.608764121763    ,274.753171002788    ,52.53154186741      ,0.00332874283348511 ,3.84010394384784    ,31.1789977153655    ,24.9188579251689    ,16057               ,jan                 ,2000                
1.57818900667421    ,5.61911426329312    ,196.562338658637    ,-0.0221122812251334 ,0.478234824542397   ,0.882002073112726   ,66.4584432101255    ,95.0728522821492    ,267.815685481124    ,274.205466306804    ,57.9302431762946    ,0.00308970799532431 ,3.91608452529868    ,30.1359808862043    ,23.672508316948     ,16035               ,jan                 ,2000                
4.24433375753098    ,3.87592708159665    ,216.342982653955    ,-1.03603724308617   ,0.601604935510995   ,4.21887079632442    ,58.0570962705699    ,93.32111250276      ,265.203503330408    ,273.452071182482    ,65.8053350600986    ,0.00267359725346799 ,4.21174942713689    ,26.6890343866127    ,22.0064342588265    ,16049               ,jan                 ,2000                
4.85042246214387    ,1.81299511776923    ,189.114332866801    ,0.71633330073333    ,0.519264808606131   ,5.23895914716626    ,64.2810779480723    ,96.3124702141699    ,270.05252372106     ,276.40470292409     ,54.8416082299288    ,0.00343890468790701 ,3.42862970644551    ,25.3008404707567    ,22.2218911006612    ,16069               ,jan                 ,2000                
4.81473553867157    ,1.88707811648248    ,179.854691011433    ,0.774381615513922   ,0.455434643623988   ,4.40292239941056    ,63.5824423845658    ,97.3267285106215    ,268.784347090776    ,275.611637502948    ,55.6538013813178    ,0.00332441570893873 ,2.84025487134502    ,25.6545381591785    ,22.6804796514814    ,16061               ,jan                 ,2000                
1.08472506650124    ,2.893054323081      ,158.211695596655    ,0.668175769524121   ,0.692751933049097   ,0.974897993335779   ,65.5426828848622    ,98.3464222234673    ,269.949517655415    ,277.115640477669    ,79.0944910245668    ,0.00363720011307985 ,3.13251551262145    ,29.2318637072514    ,23.3376307316488    ,16055               ,feb                 ,2000                
0.496054033832058   ,3.38783377155623    ,170.542731303498    ,0.723994665058179   ,0.723237411648866   ,0.423010628917701   ,65.6824137775553    ,98.4509810756448    ,270.280819193952    ,277.351448284804    ,79.2301686997144    ,0.00373640778225147 ,3.32748988605815    ,29.9015879852733    ,23.7378397777941    ,16009               ,feb                 ,2000                
0.441687764724983   ,3.53373839696869    ,186.871600592273    ,0.629916509373773   ,0.752218418975494   ,0.311659086261685   ,64.7752024064745    ,98.647288236618     ,270.7108688191      ,278.268461162022    ,79.7286022063664    ,0.00391032662571108 ,3.08564590718065    ,29.6510001288142    ,23.7249717300279    ,16057               ,feb                 ,2000                
2.39432084851735    ,5.05414428886619    ,190.619525131845    ,0.444658317763519   ,0.877527273904472   ,1.81368811724354    ,58.7300075145331    ,95.6492988752908    ,270.117799580907    ,277.724639728976    ,91.2306850634108    ,0.00356488222644577 ,3.1401168507316     ,28.6189834814495    ,22.3631310040265    ,16035               ,feb                 ,2000                
6.03525008622485    ,3.48946943360559    ,208.875974149717    ,-0.867599770186825  ,1.0428782433429     ,7.53247707376515    ,50.3951402297675    ,93.4937030399176    ,268.090408723786    ,277.351582613363    ,102.20879554957     ,0.00316915526111231 ,3.51774201062741    ,24.9741570306226    ,20.4678218390244    ,16049               ,feb                 ,2000                
3.95731867725745    ,2.38162228808679    ,193.261318182654    ,1.10096939401319    ,0.921534861746046   ,5.83860607409459    ,59.2243591757382    ,96.2743106365568    ,272.329007777483    ,280.128933585264    ,90.22958140814      ,0.00408846817624658 ,2.88458202887437    ,24.835579249766     ,21.443698371249     ,16069               ,feb                 ,2000                
5.58162043134818    ,2.01893627343929    ,183.377338902024    ,1.07804467856773    ,0.876790225664165   ,7.15788631288767    ,58.8201598034558    ,96.0914205981258    ,271.244101815972    ,279.301716391283    ,88.2901913317486    ,0.00390795091399511 ,2.53457584146766    ,24.4543294188827    ,21.0789706038472    ,16061               ,feb                 ,2000                
3.66572557882535    ,2.80010585122074    ,224.153448678354    ,1.03839080377108    ,1.4462802329735     ,4.15704612786953    ,55.3317468567988    ,94.3554810068608    ,271.49450619585     ,280.234028157779    ,134.965514901244    ,0.00384437432599184 ,4.29903940027428    ,26.9707232449581    ,20.6222241724628    ,16055               ,mar                 ,2000                
2.22234087719383    ,2.69996817963657    ,230.475198252416    ,1.04812725667917    ,1.48039767179673    ,2.67966972007784    ,55.7085632685373    ,94.8581262818956    ,271.444582518832    ,280.184321843843    ,142.045068969115    ,0.00385040314950754 ,4.4578919943154     ,27.268703226234     ,20.8246393970097    ,16009               ,mar                 ,2000                
1.40353609863263    ,2.65727091315953    ,238.693144026726    ,1.30723224870861    ,1.55449517451467    ,2.34024355016729    ,52.5525942057948    ,96.4338349877634    ,271.443318565123    ,281.285506207866    ,146.90637190788     ,0.0039043334070518  ,3.84104464322329    ,27.2204435139318    ,20.8799655655892    ,16057               ,mar                 ,2000                
5.2803693284147     ,3.29523014115532    ,240.208162562174    ,0.815466624016003   ,1.69103497573065    ,6.12145508402508    ,47.0180801670491    ,92.9004097585828    ,270.797026482739    ,280.730188407864    ,159.730456466378    ,0.00358991796416583 ,3.78759479767619    ,26.1579391172115    ,19.6677377102832    ,16035               ,mar                 ,2000                
8.22728833042301    ,2.37690016148294    ,249.936737107608    ,-0.63018269394522   ,1.80388673135137    ,11.4799853545328    ,39.3137924816489    ,93.816812363727     ,267.518656946689    ,280.037244981796    ,167.559056848145    ,0.00306158806330764 ,3.86330393297745    ,23.7344804621678    ,18.7798319056509    ,16049               ,mar                 ,2000                
5.49180979373334    ,1.75388766576781    ,247.313686187255    ,1.545509094555      ,1.77846111075743    ,11.0819598541219    ,46.722914270477     ,93.624554201593     ,272.631302898539    ,282.934449187143    ,154.494334232896    ,0.00398051273388997 ,3.53494895172362    ,23.1059160077903    ,18.7301697391301    ,16069               ,mar                 ,2000                
7.67954215521223    ,1.71755957315268    ,245.438065396916    ,1.3173306208186     ,1.69592968429511    ,12.9938756735507    ,46.7223323790495    ,93.2624176816602    ,271.595372691468    ,282.016725666775    ,153.223211248281    ,0.00380036649332682 ,3.07571449334766    ,22.5703528289063    ,18.5850171477151    ,16061               ,mar                 ,2000                
11.3422322687905    ,2.59852347509132    ,211.640129685304    ,1.01480252817989    ,2.94810022233445    ,17.4093210878451    ,41.5128452306258    ,86.7365703268797    ,274.487198323903    ,287.453899112487    ,199.304896984964    ,0.00439920585339989 ,4.04571164331318    ,21.8021567853553    ,15.8724026687842    ,16055               ,apr                 ,2000                
11.747490707417     ,2.47695186526434    ,215.620872903576    ,1.03723107322433    ,3.00895156011544    ,16.237562273287     ,41.2695026077933    ,88.1331633987276    ,274.378431054591    ,287.829611537113    ,199.76101523104     ,0.00448921225313832 ,4.1834022769326     ,22.5036281359972    ,16.1514877945714    ,16009               ,apr                 ,2000                
11.0500343065667    ,2.0664727668919     ,230.974250667612    ,1.3102078551054     ,3.05508575989803    ,15.5131576161087    ,42.1498848746618    ,91.0531534868876    ,274.632647099813    ,288.631249064128    ,208.736927045186    ,0.00475194025842939 ,3.7020200359424     ,22.6693536564509    ,16.5349957818985    ,16057               ,apr                 ,2000                
11.4308094140904    ,2.42837649425857    ,234.933995071425    ,0.25574750119034    ,3.04929831842875    ,17.8460068358175    ,39.3522992740978    ,85.4715107931899    ,274.056551448723    ,286.999567884858    ,217.710523385981    ,0.00428711578499006 ,3.67114251932685    ,21.7584612684404    ,15.5695544573184    ,16035               ,apr                 ,2000                
12.800117750037     ,1.8250810186969     ,241.104082319897    ,-1.06802690767144   ,3.132929251883      ,21.7905931046623    ,34.8744319347895    ,86.4294843244026    ,272.060672985413    ,286.223687525568    ,226.939834209524    ,0.00392017855458062 ,3.78018524591907    ,19.9487545869114    ,15.1250846899129    ,16049               ,apr                 ,2000                
15.5879564679898    ,1.35745788706768    ,240.329385801496    ,1.41050467354622    ,3.31501958432895    ,24.6378026930831    ,39.4326573198492    ,86.1880447652888    ,276.571265790807    ,290.113975693538    ,214.24140252914     ,0.00500741000166877 ,3.51556016108994    ,19.0014120453819    ,14.6226173524976    ,16069               ,apr                 ,2000                
14.1121329336224    ,1.64322630988675    ,239.211668988183    ,0.973185568863203   ,3.03005531935981    ,22.6474899946165    ,41.0012955547364    ,89.0224996298798    ,275.200471277999    ,288.670545829163    ,210.273065192903    ,0.00484180367701192 ,3.04731617601121    ,19.5215013790393    ,15.5318201593131    ,16061               ,apr                 ,2000                
13.835391353845     ,3.02761094774789    ,202.358424337866    ,1.28108747620314    ,3.72564284183994    ,23.9292651594484    ,38.1849270735416    ,81.8405566132592    ,276.871684352035    ,289.192859628896    ,247.375271380794    ,0.00495121501635038 ,4.15088977357013    ,19.2611468178524    ,13.9438112910392    ,16055               ,may                 ,2000                
14.3977321204668    ,2.89630561046417    ,210.759914362515    ,1.16240103228323    ,3.79411311585568    ,23.357026215659     ,38.8304367334839    ,84.033405730642     ,276.583339731209    ,289.398166738773    ,256.461503240211    ,0.00505895556006165 ,4.22625218158597    ,19.4323250842836    ,14.3529208726295    ,16009               ,may                 ,2000                
12.1026680791058    ,2.71826842897669    ,227.316568746759    ,1.33369872570038    ,3.73556168225504    ,21.1784771742359    ,41.4292440783593    ,87.656548345012     ,277.079093819895    ,289.92095147902     ,261.939673301943    ,0.00546053818731208 ,3.52174148715311    ,19.903984990889     ,15.1494198863737    ,16057               ,may                 ,2000                
11.6810040163132    ,3.1894503020119     ,228.647593899708    ,0.113961130879969   ,3.69001513857361    ,21.1680699876213    ,39.6253557190241    ,81.3747144008507    ,276.794324788375    ,288.422306369078    ,259.767998767762    ,0.00499215764087405 ,3.46019189110038    ,20.2172885158658    ,14.6450849962797    ,16035               ,may                 ,2000                
10.2370967606655    ,3.12215160242762    ,238.783196505099    ,-1.1172018376406    ,3.62024292448714    ,21.5306820289956    ,36.9683926473712    ,82.9987318627659    ,275.080460142901    ,287.319145102563    ,257.875963192728    ,0.0046598592056203  ,3.49928447438628    ,19.7607126973637    ,14.7387235098494    ,16049               ,may                 ,2000                
13.3100556146375    ,2.39408112179465    ,249.63472078565     ,1.45384208984182    ,3.95164494751362    ,26.5298815913626    ,39.1350363898693    ,82.9520416049191    ,279.040231309555    ,291.050318019275    ,262.296858050689    ,0.00563615420646467 ,3.26170493620972    ,17.8895961689254    ,13.9463225581511    ,16069               ,may                 ,2000                
10.9413637959237    ,2.78545479954676    ,247.601839268122    ,1.02658369468099    ,3.64476914087698    ,22.1075795630524    ,41.9935387014167    ,85.1666978100273    ,277.81467050681     ,289.426554082648    ,259.925085012324    ,0.00549370045706648 ,2.82793899956655    ,19.4455265893329    ,14.9859801909981    ,16061               ,may                 ,2000                
21.0442282908945    ,1.97710548001469    ,213.293080272105    ,1.30160439311845    ,4.70817854950621    ,32.5165960473452    ,36.1572585991544    ,73.3079473974283    ,280.748498966337    ,294.610294123311    ,256.039814119902    ,0.00608521037181234 ,3.96115129435504    ,17.0755194756883    ,12.1940768309254    ,16055               ,jun                 ,2000                
25.9854094154846    ,1.50247940445086    ,214.823153816549    ,1.16066471598969    ,4.78762647433159    ,34.4216901773532    ,36.2086029432699    ,74.2269938971164    ,280.521911043246    ,294.885580396182    ,258.43909356232     ,0.00616058659628658 ,4.12842365047165    ,16.9220744840257    ,11.9826427992984    ,16009               ,jun                 ,2000                
24.0585888494782    ,1.31726933843992    ,228.039392548879    ,1.34993267436822    ,4.74353799347083    ,31.4961639879545    ,38.844905459404     ,81.2710680796305    ,280.173192159017    ,295.285364974976    ,276.825519453684    ,0.00660500040751261 ,3.6479649682045     ,17.7184252796173    ,13.0187060572306    ,16057               ,jun                 ,2000                
20.7986426681691    ,1.72070583635875    ,221.77566086392     ,-0.208224424673605  ,4.67172860322157    ,32.1550768398583    ,36.6650450863075    ,72.6714704748776    ,279.748915362476    ,293.849753896916    ,266.040835652476    ,0.00587855939849505 ,3.68635286904709    ,17.3402995819605    ,12.1330780040722    ,16035               ,jun                 ,2000                
20.5541565292579    ,1.76550089611219    ,231.789285902627    ,-1.40070658022072   ,4.90942166660965    ,32.7886373853475    ,31.9099279771416    ,74.4330087482247    ,277.870728882903    ,293.676733265642    ,285.349317628097    ,0.00541107237011855 ,3.68862104021011    ,17.1861775286566    ,12.058988875214     ,16049               ,jun                 ,2000                
26.8997278858616    ,1.17333465224197    ,234.815242152631    ,1.44094521503418    ,5.19311412657858    ,37.212348690135     ,35.0451681890165    ,74.4998312945034    ,282.139721410415    ,296.774111108899    ,289.887765909559    ,0.00658717874069026 ,3.42219669968687    ,16.1132557293523    ,11.7366631599246    ,16069               ,jun                 ,2000                
21.6313485710581    ,1.27705584137281    ,228.507438318526    ,0.837973268081745   ,4.7992463612031     ,32.9341697319808    ,37.7981883280205    ,77.6496810613585    ,280.464094778854    ,295.059861049179    ,288.714023190753    ,0.00642981155558692 ,3.04835322456583    ,17.1271641127006    ,12.5073964756054    ,16061               ,jun                 ,2000                
35.0750080707546    ,0.480806220570545   ,185.557592856082    ,1.22635600340153    ,5.5282205535203     ,50.6075052810541    ,30.7675854639752    ,72.2576998335011    ,282.702741701163    ,299.484631614224    ,299.852704968662    ,0.00690049554838134 ,2.97070891232379    ,12.6051552234601    ,9.7204604360286     ,16055               ,jul                 ,2000                
36.7400629151476    ,0.336112152565609   ,197.492571392094    ,0.937880134630647   ,5.51821686739593    ,50.6019010665786    ,30.8292849173549    ,77.5900935678906    ,281.636083001102    ,299.42569793975     ,302.656581659494    ,0.00692149674065523 ,3.05150414325509    ,12.539350490166     ,10.2606563447973    ,16009               ,jul                 ,2000                
34.6901776345615    ,0.21560472233604    ,220.125313544408    ,1.07220141051958    ,5.52195064683114    ,48.0484249087303    ,30.5691850225387    ,82.749690091533     ,281.653338165283    ,299.950297492243    ,309.422346993723    ,0.0070726495299999  ,2.79705019233688    ,13.2124630191249    ,10.9352032226901    ,16057               ,jul                 ,2000                
37.5318690415863    ,0.362223675852773   ,218.816950927699    ,-0.691041796197137  ,5.50154211512531    ,54.2869363773863    ,28.8980968051674    ,66.2271343964326    ,282.290502162533    ,299.061262477138    ,309.49190583418     ,0.00643857483912956 ,2.5944115267089     ,12.2051024036958    ,9.0107216356819     ,16035               ,jul                 ,2000                
35.6224307181682    ,0.449816254249231   ,233.279565335176    ,-1.86196515406516   ,5.59215610893347    ,55.235366226691     ,23.6122475907299    ,65.3399633152145    ,280.835219100371    ,298.933593667297    ,306.402122729064    ,0.00584243955715139 ,2.70571229218072    ,11.8961385634715    ,8.57550092018824    ,16049               ,jul                 ,2000                
42.2929699468257    ,0.147068951877248   ,241.459775537289    ,0.940252279275082   ,5.9756277290237     ,59.837848464929     ,24.5683707478582    ,68.1125791999458    ,284.772778023928    ,301.754396558034    ,309.552409543361    ,0.00650029602555029 ,2.69994918806956    ,11.0630240931847    ,8.46639419037946    ,16069               ,jul                 ,2000                
36.4757199332305    ,0.208692460860292   ,240.171840914491    ,0.275051345715181   ,5.53655199440789    ,54.0328854820437    ,26.8096054748865    ,74.1677101885786    ,282.903386701046    ,300.166389227358    ,311.483698231416    ,0.00658360430286759 ,2.35794279827051    ,12.2079437933932    ,9.53479240595961    ,16061               ,jul                 ,2000                
53.4151591465593    ,0.115253344949233   ,224.578287944999    ,0.575497251458783   ,5.47075595074594    ,68.2078077224373    ,22.9240167989494    ,64.5606983194436    ,282.192318759211    ,299.848786502313    ,277.387040041396    ,0.00577567016116021 ,3.5194471916734     ,8.98769833774787    ,8.06543266113324    ,16055               ,aug                 ,2000                
52.0460874359517    ,0.104780017379632   ,235.173354866623    ,0.0879009284622806  ,5.53447508247646    ,65.5950139164583    ,21.8725763258303    ,70.138125021145     ,281.181701497054    ,300.042413567741    ,277.658512049218    ,0.00574901685367372 ,3.67340568953239    ,9.39278618619059    ,8.64047615262793    ,16009               ,aug                 ,2000                
49.8412159780189    ,0.0826631617766144  ,251.652468643188    ,0.327641335551937   ,5.42529056256817    ,62.4968601183737    ,21.0541268359461    ,78.5898098010402    ,280.718747873614    ,300.669068047308    ,277.253735612439    ,0.00591217906387042 ,3.37422992350594    ,10.0686309053821    ,9.63375219422002    ,16057               ,aug                 ,2000                
49.5998125526839    ,0.147437838511799   ,243.448056321234    ,-1.33009468288889   ,5.28134466267165    ,69.2186266683113    ,22.0014672047817    ,61.2942865813062    ,281.476375017632    ,299.271007338821    ,275.130821078176    ,0.00547686089396788 ,3.18060082504501    ,8.70020087728037    ,7.82195961827399    ,16035               ,aug                 ,2000                
49.9952196980634    ,0.239626276264859   ,248.864410972763    ,-2.36610920432518   ,5.28823460582589    ,70.7022352901732    ,18.0959398753264    ,60.2566414163781    ,279.605698067485    ,299.063266564534    ,269.486956450088    ,0.00487306216477009 ,3.14603282278159    ,8.58016109936847    ,7.52088384098818    ,16049               ,aug                 ,2000                
58.2310276953781    ,0.0914449854208484  ,261.800909882355    ,0.127234549910733   ,5.72984155206942    ,75.8923952041134    ,17.9711958061154    ,61.9415128782574    ,284.034752622522    ,302.084833052686    ,272.216623186181    ,0.00554530434687576 ,3.20930881198571    ,7.84978120315069    ,7.25406077028616    ,16069               ,aug                 ,2000                
51.2869684461399    ,0.106590811659698   ,258.586192404356    ,-0.610892787165221  ,5.24092047715371    ,70.4480441812196    ,18.9830152593718    ,68.0125202381334    ,282.144363578241    ,300.809026280329    ,271.499685712065    ,0.00553483721009728 ,2.75259199122752    ,8.77865537736486    ,8.13480587121297    ,16061               ,aug                 ,2000                
18.9884458489849    ,2.13236559776229    ,196.264699485076    ,0.34646026787401    ,2.62886736066744    ,34.8425159222795    ,38.9451423888344    ,86.8102828984725    ,278.39249385211     ,291.112489136747    ,160.901665040004    ,0.00600237821052183 ,3.72232389206422    ,14.17998989325      ,15.2328482596472    ,16055               ,sep                 ,2000                
20.9343529699111    ,2.37267470877348    ,204.042272302385    ,0.245801506641172   ,2.6823683564362     ,32.5344579696655    ,37.7036325165036    ,89.2439706708317    ,277.712923405815    ,291.425758370845    ,163.928309522249    ,0.00602744939765494 ,3.83676316044505    ,15.1436885340914    ,15.9108905713234    ,16009               ,sep                 ,2000                
18.9308511239565    ,2.38812326636173    ,216.928463510156    ,0.492634454245369   ,2.7413978984803     ,29.8060985898972    ,37.5126180432637    ,91.2802408739726    ,277.94815435791     ,292.186932108561    ,168.830060888926    ,0.00634670775624302 ,3.3544385406971     ,16.0369876434008    ,16.4829298834801    ,16057               ,sep                 ,2000                
17.9034833066646    ,3.48759654737402    ,219.552053289278    ,-1.16376552285549   ,2.72000451975931    ,33.3106844274321    ,37.2813007085234    ,83.046625758864     ,277.911080256241    ,290.395981280143    ,167.277180545476    ,0.0057060589860118  ,3.44789071550581    ,14.855601578115     ,15.1451623349395    ,16035               ,sep                 ,2000                
19.7307744767447    ,3.22965692174682    ,226.147780475868    ,-2.0759315876856    ,2.92849649617989    ,35.455523399857     ,32.2377584432379    ,82.5883596882928    ,276.125429108727    ,290.146458426799    ,176.275224409634    ,0.00519540936794031 ,3.58142417835837    ,14.4815407080772    ,14.7678430749207    ,16049               ,sep                 ,2000                
22.8555616235204    ,2.36670655449761    ,226.743832207066    ,0.393225016228443   ,3.01064090194868    ,37.7346269179155    ,33.8746866260195    ,84.3767280609212    ,280.404543308523    ,293.353734021518    ,170.37947733126     ,0.00629852262838974 ,3.08029381502121    ,13.8980698385766    ,14.54217357525      ,16069               ,sep                 ,2000                
20.8175781925427    ,2.56761373625812    ,221.167951620643    ,-0.376429983201763  ,2.7938442022101     ,35.4353657420345    ,34.5486277007531    ,86.366094332293     ,278.818786204945    ,292.229957786539    ,169.586711787915    ,0.00608129536161538 ,2.75554331212661    ,14.5724145047264    ,15.0981795433139    ,16061               ,sep                 ,2000                
16.8981159028367    ,1.3536551526062     ,189.969359799232    ,0.387700301890781   ,1.47607327173007    ,25.7376039399421    ,43.6524441221646    ,91.6900725066543    ,274.291511040387    ,285.930215648964    ,113.155772314118    ,0.00477263677585425 ,3.20517451374176    ,17.2985164194678    ,17.6253817592597    ,16055               ,oct                 ,2000                
16.7347873172858    ,1.60472440505582    ,198.27337516892     ,0.398886499630588   ,1.49285907248978    ,24.3971231785137    ,42.3829952490469    ,92.7670079242366    ,273.704167246068    ,286.121204956544    ,114.29071332171     ,0.0047513672219023  ,3.30675147625981    ,17.9731585984468    ,17.9481676203259    ,16009               ,oct                 ,2000                
13.9519779741243    ,1.75901275039658    ,213.595548862103    ,0.947326498213418   ,1.36159110356723    ,20.2923430325139    ,46.1042459534061    ,96.6898651184574    ,273.632369335544    ,286.652194642098    ,118.112122530783    ,0.00523737413451947 ,2.94163445399654    ,19.2142452821424    ,19.2499162109437    ,16057               ,oct                 ,2000                
14.3969931727846    ,3.31913849208664    ,208.591335641113    ,-0.0872634086732302 ,1.48965722089135    ,23.8192028017882    ,44.6427556331686    ,86.2195028682153    ,274.219246736386    ,285.11803037353     ,119.182222848666    ,0.00454691593065836 ,2.9136956437161     ,18.2313396186155    ,17.1830747706872    ,16035               ,oct                 ,2000                
13.9004013124608    ,3.51157817877322    ,219.162956269013    ,-0.98358738996816   ,1.58114395816827    ,23.1898183836083    ,42.4516470456157    ,86.2567359539011    ,272.567255225399    ,284.137401229017    ,129.344237586656    ,0.00424936430160113 ,3.18023623337096    ,18.4608620538719    ,17.2951374329022    ,16049               ,oct                 ,2000                
15.0961864339403    ,1.80456511035539    ,223.366184070436    ,1.52379006743697    ,1.43494214709769    ,24.3672076003272    ,46.0349727498677    ,93.2319797221722    ,275.894488205843    ,287.329708708058    ,122.211795207404    ,0.00543185344936411 ,2.63488789979026    ,17.7398334333398    ,18.1725847133382    ,16069               ,oct                 ,2000                
13.2974118092449    ,2.16343430259304    ,216.558281741173    ,1.11213588663287    ,1.38929046529574    ,23.0412812173224    ,45.0459933251707    ,92.6303020890189    ,274.718939549063    ,286.535251451664    ,121.754367432763    ,0.0051137122689463  ,2.29113755892576    ,18.2447026405802    ,18.2035406035635    ,16061               ,oct                 ,2000                
6.99559653422275    ,1.87309485289897    ,166.934908065482    ,-0.257886971886553  ,0.317500400434239   ,7.38839899839748    ,74.3304249092385    ,97.8279236530571    ,267.302713954596    ,274.236004676348    ,66.7895847613592    ,0.00323706089021684 ,2.86478810425648    ,23.3034873881294    ,23.4997449262643    ,16055               ,nov                 ,2000                
6.67122480649854    ,1.90387510613132    ,184.546384802655    ,-0.00825815167575634,0.35252036692931    ,7.08517413358447    ,70.2548678772454    ,98.5038977839302    ,266.715031117095    ,274.160092879376    ,67.801709395941     ,0.00311489458238574 ,2.93467358771631    ,23.4194012824365    ,23.2673270897047    ,16009               ,nov                 ,2000                
6.18315975344507    ,1.87711613571807    ,191.759836943467    ,0.542830626134916   ,0.375483749687051   ,6.31633952004158    ,69.1518989365896    ,99.0468417498271    ,266.808315012614    ,274.859697255452    ,73.4977635478973    ,0.00317959333471178 ,2.71734240269661    ,23.9624488738378    ,23.3716407992045    ,16057               ,nov                 ,2000                
7.01946406848896    ,2.51307492622934    ,197.676111365675    ,0.108675118350859   ,0.487429428931229   ,9.80604456270686    ,65.0718839074122    ,92.7201772938487    ,267.003450776759    ,274.466618954724    ,72.0408561675628    ,0.00295922657493088 ,2.89197024389671    ,22.6508382109709    ,21.290578315794     ,16035               ,nov                 ,2000                
9.32243967316588    ,1.69588301163723    ,220.389189482108    ,-0.127777329956201  ,0.652653746910171   ,13.9204349649144    ,53.9107106782237    ,91.1361088443195    ,264.470952563313    ,274.3102272156      ,78.5627672334822    ,0.00252896646620647 ,3.14254757412369    ,21.451667490071     ,19.706276407357     ,16049               ,nov                 ,2000                
8.82079128754764    ,1.22863392269985    ,198.984954031606    ,1.66058711143154    ,0.533503120529354   ,12.3372246199091    ,63.3877405302622    ,95.2739474699459    ,268.883966834192    ,276.749895106025    ,76.9657225923317    ,0.00327006799690575 ,2.51721794840593    ,21.6364990621965    ,21.1152126283357    ,16069               ,nov                 ,2000                
8.9703184684827     ,1.20472633603668    ,190.502733425004    ,1.41257310833156    ,0.495222903728567   ,12.2919052448759    ,62.1605816370856    ,95.8977104607364    ,267.473544168604    ,275.722077643444    ,76.5719293799282    ,0.00307830071699557 ,2.25512639546854    ,21.7854408582052    ,21.211356858708     ,16061               ,nov                 ,2000                
3.71016882594728    ,2.06869081165373    ,149.301708721468    ,-1.20801934360722   ,0.159639857964292   ,2.60984922711795    ,81.1685746625945    ,97.593975594603     ,266.070183135191    ,272.271641019342    ,48.0659355087699    ,0.00297181382601243 ,2.79864510693504    ,26.8074806974749    ,24.9299248039968    ,16055               ,dec                 ,2000                
3.90631782733018    ,2.16523829838224    ,167.709132934651    ,-0.914832343672507  ,0.214162277679119   ,2.72517076925546    ,77.4279325714713    ,97.5311215688491    ,266.129538433368    ,272.382501744378    ,48.0792231809928    ,0.00292542405370017 ,3.15125081001889    ,26.8662616571731    ,24.5835982734635    ,16009               ,dec                 ,2000                
4.15720833449438    ,2.06390691773927    ,171.85787304009     ,-0.369286737777293  ,0.238798044389507   ,2.6211637007421     ,75.7065794417063    ,98.1183207689921    ,266.388315872192    ,273.116852050781    ,50.9906155169805    ,0.00299871391358708 ,3.17061239753167    ,26.9079288791021    ,24.4490608272552    ,16057               ,dec                 ,2000                
4.41129235078218    ,3.42900648752447    ,183.631822990649    ,-0.740977635831586  ,0.307932349825258   ,3.74719777275268    ,71.8989610385693    ,95.6475702972627    ,266.464148495481    ,273.358955090814    ,53.0445174236042    ,0.00298877773285332 ,3.22403281594222    ,26.8015465288115    ,23.9403431520738    ,16035               ,dec                 ,2000                
8.74294590275463    ,2.20229730465021    ,212.542437640697    ,-0.59299022488431   ,0.493579082974984   ,9.95842377835469    ,60.8220915602764    ,92.6357796794694    ,264.553904396421    ,273.31915338577     ,59.1002147275459    ,0.00258878197027073 ,3.68097848277178    ,23.1483629567609    ,21.3082303823542    ,16049               ,dec                 ,2000                
8.44168232758978    ,1.19031474849877    ,182.19495379334     ,1.06805150182968    ,0.341788588141872   ,8.33344213817955    ,70.5373769804331    ,96.0380224598495    ,268.351211868803    ,275.303928112771    ,54.1134418390651    ,0.00322388631630765 ,2.91639802899484    ,23.4531461977491    ,22.2932254121478    ,16069               ,dec                 ,2000                
7.80272261115463    ,1.00414756468142    ,169.196594185015    ,0.949826945820131   ,0.293975610470217   ,7.41565348741069    ,70.1948959334823    ,97.7290959434404    ,266.722694623963    ,274.222938344236    ,53.7666106006002    ,0.00306444983312362 ,2.57192638695404    ,23.719248749599     ,22.8418860503793    ,16061               ,dec                 ,2000                
