bi,pr,th,pdsi,pet,erc,rmin,rmax,tmmn,tmmx,srad,sph,vs,fm1000,fm100,countyfips,month,year
7.03075472773364   ,3.2647395885202    ,149.754127367233   ,-0.283616385722109 ,0.5675366163505    ,6.32760361710518   ,64.3997205027574   ,86.8766692832664   ,270.538729050997   ,276.498752952018   ,54.2927441525456   ,0.00327031666366711,2.70250065435408   ,26.2107934282071   ,19.9492669915134   ,16055              ,jan                ,2015               
7.69699621974205   ,3.50116753495418   ,152.722574412402   ,-1.43904123198116  ,0.665093347236818  ,7.48550725812826   ,60.47531135029     ,87.4853665540637   ,270.560146925217   ,277.148847923272   ,55.1641648258501   ,0.00329759070874796,3.06135619558162   ,25.5707673107219   ,19.6964529969124   ,16009              ,jan                ,2015               
7.9655627872867    ,3.10347160839746   ,125.562908797418   ,-2.19817286839088  ,0.688677430720099  ,8.17535157968748   ,59.2304937793362   ,88.8169522543876   ,270.884810648272   ,277.976769921087   ,55.747725728558    ,0.0034086507819255 ,2.76863273946508   ,25.124813348401    ,19.8299790299323   ,16057              ,jan                ,2015               
6.78844246129047   ,4.85661481504747   ,162.815071556811   ,-1.09446022595811  ,0.666671804923693  ,6.2272912558639    ,59.335037395605    ,85.4271458483552   ,270.431215171915   ,277.209187027703   ,62.1485833321718   ,0.00327746771279459,2.9329321523269    ,26.9399779540312   ,19.7905682692755   ,16035              ,jan                ,2015               
8.94153360951466   ,3.29975425231183   ,191.057772793287   ,0.175333491397683  ,0.825871381346308  ,9.94497386657792   ,51.5408054422596   ,84.6470211232581   ,268.222874412161   ,277.582142327626   ,70.6664816661983   ,0.00296311694198806,3.2676316915451    ,25.2332875030275   ,18.8534307729273   ,16049              ,jan                ,2015               
10.4671728145013   ,1.84822821369459   ,141.850747770126   ,-0.789614905208123 ,0.779960091988115  ,15.2743381983574   ,57.1031387018832   ,81.8269153043528   ,272.81035199839    ,279.317017807104   ,59.006324663437    ,0.00353249029432482,2.47950976262406   ,21.9964368871847   ,17.43199823724     ,16069              ,jan                ,2015               
9.12115632295926   ,1.68079979280946   ,120.00847396098    ,-0.561210507619356 ,0.698346841960184  ,13.1103146412412   ,56.9283533698875   ,84.7509109534699   ,271.446438794707   ,278.564998735526   ,60.720471321885    ,0.00342877953268537,2.18984356849901   ,22.7468608972137   ,18.2716916145817   ,16061              ,jan                ,2015               
13.2564009760913   ,2.483593867519     ,169.751329707931   ,-0.0799219774929308,1.19054383806871   ,15.0701481638101   ,47.7387386869501   ,81.1856323625676   ,271.73766358301    ,280.952819649294   ,88.3552238196923   ,0.00351658241330826,3.17835703169788   ,23.1695552802941   ,17.2235632088519   ,16055              ,feb                ,2015               
12.932773682392    ,2.35398353519436   ,171.017885973971   ,-1.25557702931133  ,1.29256558690979   ,15.7403482973424   ,46.358680553791    ,80.580934485841    ,272.124806582273   ,281.485319439073   ,91.6575646372236   ,0.00359891787026607,3.58843329385087   ,22.7577478432192   ,17.0000340209003   ,16009              ,feb                ,2015               
11.5877874813761   ,2.22572020424264   ,156.783617570911   ,-1.99419889161984  ,1.28339209972748   ,14.9071259723886   ,46.8563091669764   ,82.9730512734822   ,272.68309109824    ,282.249338542393   ,92.2422061225346   ,0.00381092073065312,3.30836384664689   ,22.8800757186753   ,17.5182586503029   ,16057              ,feb                ,2015               
11.1317690334735   ,3.17250669380181   ,169.004688078455   ,-0.952573961547462 ,1.15912979412109   ,13.1887312626016   ,49.8618533599056   ,82.8912759204532   ,270.987327713939   ,280.034803739022   ,102.772951901193   ,0.00347032251589499,3.2516802610794    ,23.9027355343004   ,17.6570195815096   ,16035              ,feb                ,2015               
12.705630044364    ,2.25048224301199   ,187.962850808661   ,0.175897675597308  ,1.33641163518889   ,17.0918721990478   ,44.9913009140699   ,82.068485895977    ,268.424270876322   ,279.480684861944   ,109.292048104922   ,0.00301621032719222,3.61841241041009   ,21.9934275710765   ,16.8631066217403   ,16049              ,feb                ,2015               
12.7991756251789   ,1.5832131263509    ,163.368365041895   ,-0.308422395693049 ,1.30606118141694   ,20.2514176631476   ,47.4360948964054   ,80.8143520879782   ,273.641499402051   ,282.543747481542   ,102.017626164613   ,0.00387891606804411,3.0580552607843    ,20.2270632076118   ,16.5422631613256   ,16069              ,feb                ,2015               
11.166891346293    ,1.44227540465303   ,150.194530311132   ,-0.19100617058062  ,1.17593974693994   ,18.3578017252237   ,47.9608781928859   ,83.5497685413293   ,272.273246616512   ,281.6160866153     ,100.105930398741   ,0.00375282600456893,2.62183358522908   ,20.7536361223128   ,17.0804992258338   ,16061              ,feb                ,2015               
14.9062705731845   ,3.69277013286198   ,193.971448861095   ,-0.605765582120432 ,1.93849225220224   ,20.5483463448895   ,44.3598927070337   ,90.8551096625653   ,273.179015736521   ,284.852259919635   ,139.55499477227    ,0.00429165242600221,4.04324524327133   ,19.742991768885    ,17.6451528885443   ,16055              ,mar                ,2015               
15.6323849182362   ,3.57411335857514   ,194.797997809794   ,-1.72533910502579  ,2.06832116302995   ,22.0221899426275   ,43.8725441745001   ,87.4508754477562   ,273.784308421701   ,285.048069472803   ,146.769931422592   ,0.00426689798288271,4.18020973322295   ,19.3265290710848   ,17.0258709790484   ,16009              ,mar                ,2015               
14.8653821168407   ,3.10996378822673   ,169.17156794948    ,-2.37830192148685  ,2.10231669614392   ,22.0331944377961   ,43.9681484693097   ,87.0697531878564   ,274.319819774012   ,285.71109058011    ,153.373271425924   ,0.00436766937405111,3.6645526960396    ,19.396119421682    ,16.8768197624145   ,16057              ,mar                ,2015               
13.5087119544552   ,4.10867874199019   ,181.187919922385   ,-1.46798808803417  ,2.02568176324717   ,20.0869082377597   ,43.832398991122    ,87.4497330911503   ,272.972962708881   ,283.991401698899   ,165.095702956678   ,0.00403254644022214,3.64318304763747   ,20.127840846718    ,17.1919199149345   ,16035              ,mar                ,2015               
14.9191242193883   ,2.64326644993677   ,195.800042583231   ,-0.771942362559844 ,2.2025841262072    ,24.101542967993    ,38.2036835678984   ,83.4094364056502   ,270.768876014582   ,283.157094896838   ,171.551343668471   ,0.0034458686786247 ,3.84395783233032   ,18.7632929529622   ,15.9135481969265   ,16049              ,mar                ,2015               
16.4478399210271   ,2.05239032943824   ,173.864506435411   ,-0.560088527788958 ,2.20616899813499   ,27.0436871970997   ,41.9678867783282   ,83.411848682195    ,275.741648072721   ,286.542390695374   ,162.726350734619   ,0.00444866964545012,3.27539609965115   ,17.7513883121675   ,15.5259078974063   ,16069              ,mar                ,2015               
13.2815125970579   ,2.10856439413563   ,155.863294396519   ,-0.534670961026895 ,1.97440537792052   ,22.923556441976    ,44.0199309547117   ,89.106152704575    ,273.53682547447    ,285.157112099208   ,160.073329230939   ,0.00431010818477125,2.93536761314892   ,18.7471686908322   ,16.9009312764704   ,16061              ,mar                ,2015               
23.2395467760795   ,1.19582698232761   ,209.221881090957   ,-0.406964146890427 ,3.16691196847845   ,27.7832749339942   ,34.1329010781601   ,81.2219808942169   ,273.30637212892    ,287.142474294069   ,218.114819124533   ,0.00370418763676702,4.23284699931557   ,19.1660395644493   ,13.491323869284    ,16055              ,apr                ,2015               
23.752240516166    ,1.0297388520878    ,209.308912909995   ,-1.5509415349282   ,3.250958224843     ,28.9494256639387   ,33.7683672210874   ,77.5900675681451   ,273.69770862948    ,287.403919793304   ,217.943648015912   ,0.00367794957212163,4.32033880213073   ,18.890510447726    ,12.8733257925722   ,16009              ,apr                ,2015               
22.8087539542516   ,0.912950971787175  ,207.689410954793   ,-2.19104686429103  ,3.28143889162938   ,29.6464077235063   ,34.5687611773809   ,78.2776954943339   ,273.970128626506   ,287.764340418498   ,228.437527086894   ,0.00377641320729163,3.85189764628808   ,18.5073884059588   ,12.8718161209424   ,16057              ,apr                ,2015               
16.0680739984116   ,1.60683000932085   ,214.139948758212   ,-1.53273430488442  ,3.07888033476575   ,23.2212621662212   ,35.1571007874417   ,80.6541811020295   ,272.715476969315   ,285.805487444436   ,235.641686138559   ,0.00359792043590312,3.71990324690192   ,20.3189732500833   ,14.1789325957402   ,16035              ,apr                ,2015               
16.5453630722986   ,1.4430713216881    ,225.34332237879    ,-1.2925154622063   ,3.05679859663952   ,26.0562824066818   ,32.9150200984589   ,82.1271316753882   ,270.667540007255   ,284.56474071108    ,240.597875884114   ,0.00332486935101754,3.75280403082082   ,18.8624148574045   ,14.1861911499572   ,16049              ,apr                ,2015               
23.7255517240514   ,0.80885569726693   ,210.411322232959   ,-0.50165212326376  ,3.39633218150938   ,34.3405580911619   ,33.1746207905326   ,74.9306888573522   ,275.430843009201   ,288.541281057212   ,233.232223391065   ,0.00388402971708832,3.52932729487326   ,16.7470612805582   ,12.1552847741547   ,16069              ,apr                ,2015               
16.6799521816664   ,0.923273434118463  ,205.827157198693   ,-0.600677178800619 ,3.01139093888693   ,27.3823900113749   ,36.7776675508042   ,81.1964875943733   ,273.473154354884   ,286.521059403012   ,229.606786443117   ,0.00380571337356476,3.1088558637242    ,18.3898195597751   ,13.7309558915698   ,16061              ,apr                ,2015               
24.6942305876948   ,2.40620277629349   ,178.271719558455   ,-1.15846441511387  ,4.57283333141332   ,40.5337896966118   ,31.9776223599317   ,73.9794094030496   ,279.046313538141   ,293.859310140525   ,282.638075360261   ,0.00535311249163154,3.12791017569442   ,14.3431876862522   ,11.4544307303495   ,16055              ,may                ,2015               
23.5113327388978   ,2.15771480803727   ,188.588349843485   ,-2.18254866343748  ,4.66415642554306   ,39.8031912842059   ,31.8792870862494   ,75.017680785428    ,278.820738744181   ,294.301754748509   ,284.358921206118   ,0.00542959180827825,3.18889366042229   ,14.33301488742     ,11.6013269390762   ,16009              ,may                ,2015               
20.0565341451091   ,2.31734455628501   ,214.89425079961    ,-2.73099076183668  ,4.56389185334406   ,35.9906632978685   ,34.9976540230167   ,77.6712450704267   ,279.182368237895   ,294.169875084662   ,284.289856185913   ,0.0057567442518719 ,3.09141865059253   ,15.1411047383278   ,12.573569423614    ,16057              ,may                ,2015               
19.6755787366118   ,2.00662921479897   ,204.905835816441   ,-2.17114373396785  ,4.30816202290361   ,35.6044233810981   ,34.5583180435551   ,74.3368416131701   ,278.355187371394   ,291.755386870774   ,282.686413112802   ,0.00521054872936196,3.02554154498901   ,15.5508744473234   ,11.9993693535742   ,16035              ,may                ,2015               
15.5764990537738   ,2.19820780969277   ,208.392159345012   ,-1.95732576431532  ,4.03577920757438   ,31.7522195078192   ,35.412442286465    ,78.2330598654204   ,276.423346216157   ,289.710535268224   ,274.130661743998   ,0.00494676593729569,3.19662886245619   ,16.1989095488162   ,12.9400015963848   ,16049              ,may                ,2015               
21.6851693448351   ,2.2866480680366    ,233.959292051359   ,-1.28152500092153  ,4.70274471810959   ,41.08240262825     ,34.0867124652583   ,70.2818051970414   ,281.247978896134   ,294.51801169624    ,282.334939090346   ,0.00580380392442069,3.13844569515561   ,13.7953823397895   ,11.3069445773489   ,16069              ,may                ,2015               
16.3673984499112   ,2.17861552237352   ,237.566071726169   ,-1.44725337140159  ,4.2681676227072    ,34.0097398074015   ,37.1992777885675   ,77.5582307756058   ,279.025322251306   ,292.478530399706   ,281.126609803263   ,0.00565841063800345,2.83193272074138   ,15.4377357102305   ,12.6845081879024   ,16061              ,may                ,2015               
42.921055880888    ,0.207248648371553  ,208.551596383303   ,-1.87553744181858  ,5.8448704796727    ,55.0441794952738   ,26.4548596456708   ,65.0829862262323   ,283.46976445202    ,300.396867314091   ,294.73751641628    ,0.00649566489849265,3.24035269607405   ,12.6112022789745   ,8.62002793391873   ,16055              ,jun                ,2015               
44.0808560824723   ,0.204889500423296  ,215.156967119446   ,-2.8207195092      ,5.90419488790237   ,56.4881632626174   ,26.1587457681314   ,63.4672129004665   ,283.539150224494   ,300.756584760376   ,292.388514447635   ,0.00647697237603131,3.26253698617514   ,12.2603495755845   ,8.37783159833453   ,16009              ,jun                ,2015               
40.4778541390101   ,0.208719804378847  ,221.725267367045   ,-3.1567143272981   ,5.91663311783473   ,53.8576400534312   ,27.1501347961426   ,63.0678305238088   ,283.97898206075    ,300.804970779419   ,307.476307459513   ,0.00649532105494291,2.90062964449326   ,13.0039931969643   ,8.61987287640572   ,16057              ,jun                ,2015               
39.2818603576112   ,0.450844604251585  ,224.974015609709   ,-2.85579575091033  ,5.55069117559523   ,53.2465415775818   ,27.8464331055292   ,59.7338652185355   ,283.714025500394   ,299.050830760953   ,288.151056531889   ,0.00630653286045923,2.87321581442731   ,13.0539505922265   ,8.55400496265097   ,16035              ,jun                ,2015               
34.8196484791297   ,0.618031438656947  ,237.550429935682   ,-2.60417626189138  ,5.58631235284654   ,49.1494919234654   ,27.0350641602654   ,65.0985644099664   ,282.000976762964   ,298.193635671863   ,304.663895521893   ,0.00633138334879843,2.89347087229239   ,13.8695309889954   ,9.19816752509626   ,16049              ,jun                ,2015               
45.0246154953452   ,0.204754717910991  ,236.723483411004   ,-1.75731173017579  ,6.23885003406946   ,61.6793987760357   ,23.865039841929    ,49.4793129013184   ,287.045068462732   ,301.714414355164   ,314.322372726196   ,0.00611358461635928,2.74857743807442   ,11.4732473106945   ,7.31508335433967   ,16069              ,jun                ,2015               
38.0684570546321   ,0.392645788274849  ,234.213635220278   ,-2.02045676251745  ,5.73899407744736   ,54.8128614260145   ,27.1508981051852   ,53.5164965897552   ,285.300718613301   ,299.449734930033   ,313.227364490183   ,0.00611575529541815,2.48311345237346   ,12.8710910483169   ,8.12259072896206   ,16061              ,jun                ,2015               
48.1277623624104   ,0.658783056323594  ,211.775175370338   ,-2.96969024111378  ,6.57481642052992   ,67.00069941535     ,22.5285485831134   ,52.4259948254454   ,284.945209243392   ,301.667100341991   ,311.319398293343   ,0.00588618215075442,3.83813893162016   ,9.06940970970912   ,7.46903487111442   ,16055              ,jul                ,2015               
51.6339208381188   ,0.628450475168105  ,220.767278049074   ,-3.89945494352713  ,6.62990829152309   ,67.744232565102    ,21.7361088893095   ,56.0992602468288   ,283.759314612592   ,302.152041999364   ,311.824208605628   ,0.00580146057188325,3.86123463374373   ,9.10996114135949   ,7.59851688846283   ,16009              ,jul                ,2015               
54.3936258254513   ,0.274980274083153  ,226.072087927788   ,-4.15792823930581  ,6.54669683787131   ,71.9112412877237   ,20.664321259414    ,54.8528965854645   ,284.019756154706   ,302.17288426553    ,316.613955745082   ,0.00547832812959959,3.45856539203275   ,8.55174870291064   ,7.03870424182184   ,16057              ,jul                ,2015               
39.6599333112142   ,1.00267887093833   ,218.429970966114   ,-3.94522596825337  ,6.09793399795377   ,62.9249031911367   ,24.0943371225068   ,49.4840933849109   ,283.721046548175   ,299.619605353623   ,315.064500977949   ,0.00540467161198671,3.29048154020443   ,9.65809889608163   ,7.92745453544067   ,16035              ,jul                ,2015               
32.2348756053639   ,1.5709081507161    ,225.478798363312   ,-3.50661881089632  ,5.7566027755159    ,55.7548491233029   ,24.424448529318    ,55.9183228747858   ,282.079635771995   ,298.335411571836   ,309.253548172974   ,0.0055407058759923 ,3.07211673481432   ,10.9235447990414   ,8.99122306704941   ,16049              ,jul                ,2015               
53.1391853064695   ,0.591014861786789  ,234.613258182828   ,-2.75745816244586  ,6.83958453467453   ,76.9043066604848   ,17.2975156135511   ,40.0388906927012   ,287.787072155873   ,303.244390166873   ,314.337333839763   ,0.00491235207399035,3.23741427418156   ,7.63649735834057   ,6.02424123304886   ,16069              ,jul                ,2015               
40.9090481602774   ,1.34948979306026   ,224.224146030134   ,-2.91551499885633  ,6.15460768701934   ,65.5752435784377   ,20.4818010715382   ,48.6788623543365   ,284.771034584462   ,301.020742963009   ,315.708865196983   ,0.00511266003206786,2.8412910522826    ,9.43138595245196   ,7.61053267678271   ,16061              ,jul                ,2015               
57.2613569508032   ,0.453309318387269  ,205.480219398538   ,-3.56539666440098  ,5.84682978280398   ,75.6832018327732   ,18.4260499442888   ,53.5529695738997   ,283.782254697981   ,300.909635352658   ,267.130486965749   ,0.00498701318775545,3.91437450310441   ,7.61266308673963   ,6.78288599385472   ,16055              ,aug                ,2015               
60.9360106137445   ,0.203222458127983  ,212.051753391267   ,-4.50331264934126  ,5.90947040261875   ,77.7638210144451   ,17.1053553736148   ,57.4032250164256   ,282.701580160468   ,301.611816173247   ,269.372623115215   ,0.0049333321205695 ,3.88180626806218   ,7.41983321068464   ,6.76074775823042   ,16009              ,aug                ,2015               
59.2590099100913   ,0.119871091652782  ,217.669033845471   ,-4.81144766370455  ,5.69303697816787   ,78.5322591738547   ,17.2786922893601   ,61.4119637452402   ,283.08495477984    ,301.66545557822    ,270.961981481737   ,0.00517505166537669,3.42775495002347   ,7.2104177820298    ,7.0550115195782    ,16057              ,aug                ,2015               
49.4753428386778   ,0.399050947483257  ,199.525253565942   ,-4.39642394471118  ,5.52020612308032   ,72.3094249975874   ,19.496246543383    ,50.4580146945906   ,283.21645586297    ,299.751957941046   ,268.923653752516   ,0.0048685756498791 ,3.45125076442414   ,8.2011890911856    ,6.78500473384666   ,16035              ,aug                ,2015               
47.2575673883493   ,0.520669168287945  ,197.891219264287   ,-3.48721196488641  ,5.43445320997301   ,67.53024801063     ,19.3286240551651   ,52.7463089906481   ,281.756017643239   ,298.721133240475   ,265.996162818072   ,0.00481341741914899,3.46493379048584   ,9.29474947881094   ,7.19033849111087   ,16049              ,aug                ,2015               
60.9743411222244   ,0.173957759629802  ,226.158003215648   ,-3.11690836454245  ,5.96061668824549   ,85.5442105267445   ,14.5658950003361   ,46.5788663069873   ,286.84978788467    ,302.749234328337   ,268.11591011404    ,0.00478143801379529,3.19979612593283   ,6.17073185085654   ,5.58630420015416   ,16069              ,aug                ,2015               
50.7823103693955   ,0.317790512497093  ,213.520668362338   ,-2.97665138579597  ,5.40561450970583   ,75.8322061728363   ,16.4369695235557   ,54.3140932051095   ,284.083576838006   ,301.015631024598   ,267.975367062761   ,0.0048798706375499 ,2.84288820596543   ,7.80309259786634   ,6.63255972107135   ,16061              ,aug                ,2015               
39.5015226528968   ,0.458652460493342  ,207.056415887527   ,-3.69226218578093  ,3.3956416116984    ,53.470494860844    ,27.2013905570994   ,74.4432895137122   ,278.102462224345   ,293.360511564195   ,172.405140603357   ,0.00471040966348219,3.77514173080238   ,10.8128068956655   ,11.4346981632693   ,16055              ,sep                ,2015               
37.5919249720827   ,0.786581284924607  ,214.093676103219   ,-4.53460622774308  ,3.41448964306118   ,51.147256939604    ,26.8261653782583   ,76.345702678071    ,277.740578880536   ,293.626859886877   ,176.642408340123   ,0.00469609710357576,3.72381664516893   ,11.3114094609104   ,12.0346036980608   ,16009              ,sep                ,2015               
33.8785507847468   ,0.875318907919029  ,216.092770753225   ,-4.77194622198741  ,3.26380268800259   ,48.2411099878947   ,29.235497727553    ,81.5047561461131   ,278.397312026978   ,293.967374557495   ,183.505466784159   ,0.00521217202701761,3.17747947857777   ,11.7856519259612   ,13.0198514743646   ,16057              ,sep                ,2015               
27.881677488444    ,1.73244165141999   ,209.187367485374   ,-4.19718111477073  ,3.23646057761413   ,45.8552318915756   ,30.5965680314925   ,70.5203937974087   ,278.684370397631   ,292.328264053915   ,185.95565239743    ,0.00482558949323472,3.22490388793035   ,12.4127196289772   ,12.0675498306121   ,16035              ,sep                ,2015               
28.4399660244103   ,1.63438065811998   ,211.497520093662   ,-3.35947015584322  ,3.42318517339123   ,45.7126145136101   ,28.4636070272512   ,69.9028958059911   ,277.361019233165   ,292.216621606062   ,194.184262389787   ,0.0045623694266232 ,3.31160604233621   ,12.6642543954897   ,11.9813606176082   ,16049              ,sep                ,2015               
35.8238797033109   ,0.88906087865804   ,223.612082897873   ,-3.08002449229439  ,3.52227917685441   ,56.9073692993259   ,26.8454526857896   ,69.4319284027698   ,281.821604739918   ,295.200455027426   ,188.401529987356   ,0.0051828360816077 ,2.88315666140507   ,10.0435623896526   ,10.7761471308914   ,16069              ,sep                ,2015               
26.4675859805966   ,1.20776317026415   ,216.062258663125   ,-2.84108470097061  ,3.14813598658756   ,46.1037539495253   ,29.5420081255521   ,77.3594461698506   ,279.353879561831   ,293.662637892374   ,189.268349809883   ,0.00520333045405354,2.6052750342641    ,12.1932294536885   ,12.7335923451694   ,16061              ,sep                ,2015               
27.674236809576    ,2.1569370033869    ,186.201494877009   ,-4.03159160967226  ,2.13107324620966   ,40.6720313960047   ,38.2173327627401   ,83.4545675997048   ,277.819604964556   ,289.664496495368   ,112.164032487301   ,0.00516135825805359,4.08487825682957   ,13.0230098991743   ,14.6301527380959   ,16055              ,oct                ,2015               
28.83675622039     ,2.36231138223135   ,186.732284317264   ,-4.70322843275127  ,2.22470407341814   ,41.8103913253763   ,37.0440936874037   ,81.4512632020126   ,278.074654652158   ,290.10603992792    ,113.870740458355   ,0.00513025999112234,4.1939372511214    ,12.945950287857    ,14.1375020922402   ,16009              ,oct                ,2015               
28.6872326469421   ,2.10048662413032   ,187.344566625472   ,-4.86773762027423  ,2.18559691223646   ,41.2268298035283   ,37.3290220465199   ,82.48443732477     ,278.433012444281   ,290.591284066477   ,120.147992847812   ,0.00530944475352073,3.64408052032994   ,13.2216558244151   ,14.2495483059268   ,16057              ,oct                ,2015               
23.7360895737403   ,3.91150812380723   ,191.761539831515   ,-4.24418146245659  ,2.05794401903221   ,39.1153525638969   ,39.1666188161679   ,78.1718445544856   ,277.51720649445    ,288.445574497872   ,120.719604679241   ,0.00485815051468606,3.6406090479101    ,13.6361109367669   ,14.1510529505445   ,16035              ,oct                ,2015               
23.4142297346533   ,2.9516699090594    ,200.171457741248   ,-3.35872609933515  ,2.14568025788201   ,38.5617141818985   ,36.5010648299857   ,78.3243606602585   ,275.811423878905   ,287.87164082083    ,130.613941548341   ,0.0045398648905406 ,3.69033865064586   ,13.8935449077602   ,14.1947290730677   ,16049              ,oct                ,2015               
32.0838722439908   ,1.48880648930175   ,191.320499465571   ,-3.24657580028031  ,2.42344122626914   ,50.5148220935813   ,32.5022948233243   ,74.6000710023936   ,280.493367280511   ,291.818708479353   ,126.129152146623   ,0.0051802226625176 ,3.3507729748806    ,11.1325864811612   ,12.2119971682167   ,16069              ,oct                ,2015               
26.0111422585793   ,1.71627335167351   ,185.994908490711   ,-2.92626095245036  ,2.13462394473553   ,43.2060416461118   ,34.3607858769959   ,78.2790212023579   ,278.711245055518   ,290.625110285532   ,126.442936944313   ,0.00509338338027123,2.911367421864     ,12.8746423435287   ,13.3857594445304   ,16061              ,oct                ,2015               
8.96820918748408   ,2.51060414309364   ,186.56062350175    ,-4.087786295777    ,0.735904352262677  ,11.8671935302848   ,56.3392458367577   ,90.4065700447281   ,269.948856515976   ,277.545155307262   ,61.2002794883215   ,0.00337807963883622,3.94321816028064   ,22.1314359772189   ,20.6724939795024   ,16055              ,nov                ,2015               
10.4056040361788   ,2.17076272034257   ,183.699245324972   ,-4.57160237743069  ,0.775697802600893  ,13.5301473775535   ,56.2699905839427   ,88.5590695593719   ,270.350541051981   ,277.226858195468   ,62.0617911540075   ,0.00334836479324179,4.29469984612286   ,21.5470459379388   ,19.9389639369129   ,16009              ,nov                ,2015               
11.8730228009224   ,2.12216987805069   ,157.710349757353   ,-4.65805537184079  ,0.782566454398756  ,14.8458324730893   ,56.0396222887039   ,88.5086754233042   ,270.749910629272   ,277.685184377034   ,66.2225335639318   ,0.0034098975036953 ,3.80633094494541   ,21.1527215016683   ,19.6547980497678   ,16057              ,nov                ,2015               
8.46335838229157   ,2.84192568617358   ,176.724926574403   ,-4.02893413566552  ,0.737306985701418  ,12.1499567175944   ,55.0958590361667   ,86.6512665415919   ,269.316020794063   ,276.366029639644   ,66.8743033716257   ,0.00308240577788568,3.77215639894869   ,22.1676441882848   ,19.6493276974111   ,16035              ,nov                ,2015               
10.0794440743925   ,2.40488768175458   ,191.444466431896   ,-3.04976951809146  ,0.830320904391515  ,13.1446816679789   ,51.006228438621    ,87.6033985299169   ,266.499977616948   ,275.848408087358   ,74.2823189985596   ,0.002774388110862  ,4.09988837564783   ,22.035444708355    ,19.7342143387788   ,16049              ,nov                ,2015               
13.3766526579219   ,1.46851262278629   ,168.918547580841   ,-3.06491846430535  ,0.901267043668478  ,21.5522345014647   ,50.6860765904241   ,83.9370712266674   ,271.92255600438    ,279.311707116873   ,69.592864262144    ,0.0034183322924518 ,3.3116540278343    ,18.5404481866568   ,17.672710646495    ,16069              ,nov                ,2015               
12.0161348958974   ,1.36343836485108   ,156.092215685674   ,-2.64510630576079  ,0.753915095548902  ,18.3570020383383   ,51.957081295045    ,87.6612141811486   ,270.089152732828   ,278.024175970745   ,69.2394777279583   ,0.00326786384999254,2.91705198176308   ,19.7964788644439   ,18.6521435276536   ,16061              ,nov                ,2015               
0.980903306591167  ,6.64673059398541   ,169.647928748896   ,-3.94359754289619  ,0.425135433425761  ,1.62939839774254   ,72.276093276538    ,92.2673013998484   ,269.509032675661   ,274.920441896206   ,38.8643739572114   ,0.00340398948590766,3.915178176683     ,27.6863216245779   ,24.0732877031439   ,16055              ,dec                ,2015               
2.05927079291739   ,5.73458263407621   ,171.15882554233    ,-4.41564830590987  ,0.532519283113704  ,2.97988543307366   ,68.8538596072376   ,89.0438575308233   ,269.838183864616   ,274.914444920767   ,39.3305643755068   ,0.00332595450007788,4.6334474166587    ,26.4758671924207   ,22.8094926326233   ,16009              ,dec                ,2015               
2.24440946528316   ,5.48347600233058   ,146.830594933033   ,-4.38017236143351  ,0.598061248821206  ,3.50611931262308   ,65.6834022712708   ,88.266288831075    ,270.241868131002   ,275.778620330811   ,41.088313829422    ,0.00335686780062194,4.25878105735779   ,26.1126357755661   ,22.3153291743596   ,16057              ,dec                ,2015               
1.77758858954932   ,7.54255225131888   ,166.563921405061   ,-3.81275408061312  ,0.502528251079321  ,2.8694980476003    ,66.9252598558201   ,88.064815007775    ,268.765805988164   ,274.074362064332   ,45.8534509784491   ,0.00309587852139478,4.00777303607133   ,27.548682669975    ,23.0102827196477   ,16035              ,dec                ,2015               
2.69065688541041   ,5.43696742069047   ,192.490786050296   ,-2.78544257537489  ,0.615673943319229  ,4.95958863478958   ,61.8928563587174   ,88.6612684172043   ,265.930161566241   ,273.13503763428    ,51.4500206797415   ,0.00270540689799732,4.59042503823967   ,26.1030139389967   ,22.1500552408253   ,16049              ,dec                ,2015               
4.56558620827721   ,3.23440640085442   ,151.145446114702   ,-2.77433434559062  ,0.681997670762493  ,9.59797572900574   ,64.6030763622699   ,86.4130684531309   ,270.986174071069   ,276.575320363852   ,44.2744393068201   ,0.00336828769208306,3.87425153922695   ,22.4502057740183   ,20.410466226792    ,16069              ,dec                ,2015               
4.08496260380285   ,2.65768932744491   ,133.231028496924   ,-2.46286891954989  ,0.572004247899103  ,8.80164773816325   ,64.5793334777033   ,88.5836782786472   ,269.431412697364   ,275.465135222296   ,44.4470170073601   ,0.00322032633005672,3.28546784691738   ,22.6082249360308   ,20.7069942398176   ,16061              ,dec                ,2015               
