bi,pr,th,pdsi,pet,erc,rmin,rmax,tmmn,tmmx,srad,sph,vs,fm1000,fm100,countyfips,month,year
7.90643123081445    ,3.99727570945707    ,190.109121890051    ,-1.48864998698071   ,0.509303012947613   ,5.8696924788345     ,68.237204770081     ,89.4938355899974    ,268.152693334873    ,274.719203935302    ,51.9295391990229    ,0.00305684396211905 ,4.52619903841358    ,25.4460866245223    ,22.0241237105118    ,16055               ,jan                 ,2012                
8.06683942744422    ,4.31382400536382    ,201.543498896078    ,-2.27290629893835   ,0.618608554638531   ,6.87419379306184    ,63.9850811376715    ,88.5648509238735    ,268.25415000617     ,275.167683303754    ,52.1344459658931    ,0.00302126807476923 ,5.16100705598324    ,25.1389526873969    ,21.599896397475     ,16009               ,jan                 ,2012                
8.86159231314736    ,3.94320771986438    ,180.202030088363    ,-2.2900126328071    ,0.686007645769465   ,9.5361765748484     ,60.117822589259     ,86.6255942227764    ,268.903890700802    ,276.245617242628    ,53.2186022767713    ,0.0030504864627578  ,4.39954547217777    ,23.8989870520561    ,20.5076793246115    ,16057               ,jan                 ,2012                
6.33886136892734    ,6.01998047675161    ,200.086594139921    ,-0.487405936637338  ,0.638171597515075   ,6.04557760782536    ,63.4933738248016    ,86.8730310004169    ,268.083148848333    ,275.004419920593    ,57.7637617392437    ,0.0029866029290674  ,4.66171682134198    ,25.9504963409069    ,21.6331574002221    ,16035               ,jan                 ,2012                
8.86797891908106    ,4.20319222299441    ,-111.111453085754   ,-0.565177859144734  ,0.702980424748541   ,8.52720563541589    ,59.3455721394246    ,87.0811251736608    ,265.273738556483    ,274.05658289057     ,65.949848818742     ,0.00265759772324412 ,4.98132742468593    ,24.5538083662524    ,21.1296747102668    ,16049               ,jan                 ,2012                
14.1705801425483    ,2.19102224269848    ,188.663730202162    ,-0.887589902482568  ,0.848126279350517   ,17.5706516079301    ,55.3117121304441    ,81.6666751231163    ,270.848544284149    ,278.171664864601    ,56.6478429647567    ,0.00315400621604471 ,3.97901871157285    ,20.6307427411411    ,17.8104405901608    ,16069               ,jan                 ,2012                
12.4735431830682    ,1.88391062546987    ,167.233698587359    ,0.0170211973433324  ,0.763531791626756   ,16.4402798222295    ,55.1489565078178    ,83.6309870051499    ,269.70537900912     ,277.543237892096    ,56.9510575856123    ,0.00308011728276826 ,3.38996316744022    ,20.983072037571     ,18.27627053168      ,16061               ,jan                 ,2012                
5.7077622168261     ,3.46510761209283    ,182.550835385735    ,-1.47868686693686   ,0.764239992931056   ,5.30446973839165    ,62.8572239598269    ,90.1298683470379    ,269.586992666344    ,276.771483468981    ,78.1427300202013    ,0.00333904099044924 ,4.07568311812175    ,25.8881253803708    ,21.0238053483307    ,16055               ,feb                 ,2012                
6.01168778157043    ,3.62972037251078    ,190.887510517343    ,-2.20754888001278   ,0.784805436184849   ,5.47390205675336    ,61.093321065024     ,90.7648292406071    ,269.171824870428    ,276.779019379152    ,78.7000165908697    ,0.00330547863435585 ,4.42109026366235    ,25.914408847022     ,21.0700052661202    ,16009               ,feb                 ,2012                
7.23953265209283    ,3.33725622937615    ,185.053208990097    ,-2.42090649147828   ,0.860402049983718   ,7.38021877846036    ,58.5348996659688    ,90.928527330671     ,269.661862384251    ,277.715172053746    ,76.4083167093141    ,0.00337215084659484 ,4.00511105829052    ,24.9030248607908    ,20.6496007997649    ,16057               ,feb                 ,2012                
6.74991171045341    ,5.44922554066078    ,192.569645677726    ,-0.456189610829631  ,0.829925698978358   ,5.43571727188365    ,59.5114454373389    ,91.3237534646576    ,268.168988821478    ,276.286104949426    ,89.0885439257505    ,0.00313304494153295 ,4.07113080219951    ,26.2984906727725    ,21.1868839063374    ,16035               ,feb                 ,2012                
8.89771285000133    ,3.41567378564226    ,203.918869763998    ,-0.506540408822185  ,0.857042991089444   ,8.52770272934713    ,55.8236488044406    ,93.0412258994646    ,264.773390140331    ,274.990779879772    ,92.7760739502626    ,0.00272259658554886 ,4.25486490603773    ,24.6549279993157    ,20.7132984856869    ,16049               ,feb                 ,2012                
14.1356926309052    ,2.07925005159231    ,188.443177068024    ,-1.45681554647478   ,1.05010807015019    ,17.6413910354962    ,54.1502257848715    ,85.8018427536267    ,271.347657147576    ,279.217227536545    ,80.5915629898345    ,0.00342380010172589 ,3.79484532233911    ,20.4027848586133    ,17.9814194560142    ,16069               ,feb                 ,2012                
13.4671847319237    ,1.99329286244167    ,182.551337105887    ,-0.635304261994428  ,0.95050188968752    ,16.5684751389194    ,54.865463125945     ,87.7766448621063    ,270.053954731334    ,278.278098159304    ,79.651230807006     ,0.0033106111143504  ,3.2757842770152     ,20.8328033267678    ,18.6667322491811    ,16061               ,feb                 ,2012                
8.08855140764653    ,6.69603082848611    ,212.374594107703    ,-0.488669696086392  ,1.57500556268003    ,6.02476503086835    ,50.4708675909656    ,90.8874596383457    ,270.407631365028    ,280.81401444241     ,128.291017871889    ,0.00366382308577661 ,5.51430961153002    ,26.6536309877652    ,20.5996989063196    ,16055               ,mar                 ,2012                
7.07589026802618    ,6.02165009040691    ,212.863638207803    ,-1.38108718512797   ,1.66072711692122    ,5.33623612941363    ,49.1264711632303    ,90.9814508608858    ,270.223932495234    ,281.123403707564    ,134.596729108909    ,0.00367172040931609 ,5.80715647838707    ,27.0448572126411    ,20.6986042180346    ,16009               ,mar                 ,2012                
6.59908585448419    ,5.27666616379734    ,207.833766804357    ,-1.72495293786128   ,1.72993474896396    ,6.19678202725124    ,47.7364980633028    ,91.4800448651468    ,270.623525528446    ,282.080116158762    ,137.292647840438    ,0.00374812614398017 ,4.83047257973302    ,26.2187714010669    ,20.4746442516388    ,16057               ,mar                 ,2012                
3.566997312958      ,6.49648219961014    ,215.364580885073    ,0.438057630057063   ,1.75345565273891    ,3.33393181000811    ,46.5316823156633    ,91.2997910027971    ,269.97320578598     ,281.214714092439    ,149.126226019454    ,0.00359437241840273 ,4.78325751774439    ,28.0795582501582    ,20.9596980712525    ,16035               ,mar                 ,2012                
6.57738716021399    ,5.16792664042545    ,221.494505024166    ,0.247791283660982   ,1.88501901702343    ,7.81602206154662    ,41.8823755503551    ,89.7754423531127    ,267.515799194491    ,280.178015233441    ,156.690230723418    ,0.00311358794034864 ,5.21202149072032    ,25.63382265931      ,19.6970157971472    ,16049               ,mar                 ,2012                
10.908172387552     ,3.93316910031213    ,214.933290040347    ,-1.10739462802754   ,2.00396262611297    ,14.2649185328026    ,43.3704092230738    ,88.7116453365887    ,272.239332856156    ,283.738593195767    ,143.154662319313    ,0.00380860392845044 ,4.31945475286629    ,22.2252084308603    ,18.5812241657245    ,16069               ,mar                 ,2012                
8.82267206378124    ,3.89977786602799    ,212.817620491225    ,-0.306187268213135  ,1.82642321080025    ,12.7990948672855    ,44.386678493935     ,89.3582193252088    ,271.165305731297    ,282.737202769691    ,142.015697949093    ,0.00372686458698674 ,3.71829185192504    ,22.7414119075184    ,18.9005313403954    ,16061               ,mar                 ,2012                
13.9673093731021    ,3.29112636038142    ,214.76285207301     ,2.57312508685762    ,2.86209884742978    ,14.1453508009621    ,42.591934319746     ,83.9684827043196    ,274.912073997215    ,287.022764288087    ,188.620451976635    ,0.0045580375203109  ,4.50145077041474    ,24.119850920061     ,16.2872375653114    ,16055               ,apr                 ,2012                
12.3079571399933    ,3.35410669668774    ,221.487048907158    ,2.05660889075823    ,2.88819367313056    ,13.0136332614336    ,42.1454960969778    ,84.7588103352684    ,274.505221653925    ,287.170235333264    ,188.52414944139     ,0.00454550426755527 ,4.54503852914306    ,24.4606092174613    ,16.5073557261179    ,16009               ,apr                 ,2012                
11.9976639693181    ,2.85644743003945    ,217.097660029093    ,1.2952958359321     ,2.90137456462781    ,13.1335193853502    ,42.8527279871305    ,86.4971511961619    ,274.78106354777     ,287.693099202474    ,198.885265075684    ,0.00472360533413788 ,3.89486967857679    ,24.2981791906357    ,16.7311214307149    ,16057               ,apr                 ,2012                
8.41049857210155    ,3.31566503643359    ,220.612250664236    ,1.71631183831771    ,2.88846242559511    ,11.7413389161595    ,40.8887579098648    ,84.6715146441792    ,273.549234107718    ,286.101791516251    ,206.976328319794    ,0.0042677329117849  ,3.94567043137769    ,24.7453710364489    ,16.6435814313102    ,16035               ,apr                 ,2012                
12.6237066156984    ,2.93517260441439    ,218.077200689242    ,1.3912836633345     ,2.93909108374123    ,16.6595427592086    ,36.7805668035845    ,84.6658818115673    ,271.098227820157    ,284.849570700657    ,219.819876745376    ,0.00374903294632104 ,4.02551315720941    ,22.7555170121551    ,15.8713879439127    ,16049               ,apr                 ,2012                
13.947492126645     ,2.06526927346639    ,217.163318906026    ,1.26084287796641    ,3.16931209756516    ,19.5540142426852    ,39.2795264131883    ,83.7794167190524    ,276.258289526193    ,289.308811205424    ,207.789662955109    ,0.00486146462143278 ,3.551382513501      ,21.3599771418036    ,15.3712411529453    ,16069               ,apr                 ,2012                
11.8932918689139    ,2.30593072663654    ,212.127110561655    ,1.15677148678928    ,2.91714682615165    ,17.3802388736039    ,40.8503382819415    ,85.3647494812642    ,274.92992311588     ,287.947525621314    ,203.671683331955    ,0.00470315014094258 ,3.14417807837492    ,22.0937598393968    ,16.0413036940183    ,16061               ,apr                 ,2012                
22.4424309998288    ,2.22429275248814    ,219.866089535633    ,2.87233402209027    ,3.66887298145254    ,27.7660564749406    ,36.9002033893479    ,77.3622509515667    ,275.885359403164    ,289.535202773811    ,237.093941670687    ,0.00446476729827309 ,4.49607995001741    ,19.1859847479855    ,13.4815638121991    ,16055               ,may                 ,2012                
23.3840110765702    ,1.97569403019336    ,223.065998434907    ,2.48485707531314    ,3.80288342809286    ,27.6191105821656    ,35.6525022385115    ,78.3367599542643    ,275.249253795993    ,289.948669386993    ,246.596007983315    ,0.00439917130083255 ,4.59437412964431    ,19.4026409694543    ,13.5769879783831    ,16009               ,may                 ,2012                
21.4012401611574    ,1.65119287556218    ,219.413076461054    ,2.0146447066466     ,3.79990971563324    ,27.6157056708105    ,37.4335797871313    ,80.2396583575587    ,275.589938221593    ,290.319598152407    ,254.687732193239    ,0.00463593802857964 ,3.82982893380427    ,19.1282504720073    ,13.7260620973187    ,16057               ,may                 ,2012                
17.3107797449936    ,3.01707359865406    ,243.312367005912    ,1.73240681203677    ,3.64767903239521    ,23.0835973611594    ,36.3083535735005    ,77.129721372342     ,274.820670064325    ,288.582839428854    ,251.447160062755    ,0.00422364070413135 ,3.89133372525844    ,20.8838503300424    ,14.3057829513887    ,16035               ,may                 ,2012                
19.1673284911468    ,2.80517588867461    ,249.177992981822    ,1.33878215334533    ,3.67832104380483    ,26.0356187099636    ,33.8674881772885    ,78.3795804745873    ,272.947399729621    ,287.576701378746    ,258.050613138764    ,0.00389883583965656 ,3.91313331803809    ,19.6634557357794    ,14.1051985828966    ,16049               ,may                 ,2012                
23.33943296725      ,1.3677549137547     ,220.937214643272    ,1.69451505158249    ,4.06559156380338    ,33.7583200840656    ,34.6346755100979    ,73.8747585244645    ,277.382168653856    ,291.476612803729    ,257.204015628169    ,0.00465589835201977 ,3.53675587258093    ,17.045930017906     ,12.2585600019632    ,16069               ,may                 ,2012                
21.1142677425607    ,1.75436941051413    ,228.39273937147     ,1.39053789498118    ,3.73648122268434    ,29.6501009489053    ,36.9444831126342    ,77.3626621523974    ,276.000088172288    ,289.962256215725    ,255.149634731194    ,0.00457879089541416 ,3.09369795623063    ,18.4119179975316    ,13.3545547005845    ,16061               ,may                 ,2012                
12.4062301269448    ,5.59691929061308    ,214.956097415249    ,3.44950435943237    ,4.12498926789345    ,18.7341932190613    ,42.5567649268319    ,85.327753590818     ,279.146400960286    ,293.018017959071    ,231.580723665967    ,0.00641020566195669 ,4.70909466867748    ,20.920290673286     ,15.9690054181835    ,16055               ,jun                 ,2012                
16.835442984692     ,3.98678093909394    ,226.886302385199    ,2.8416432539622     ,4.1759414132295     ,21.3654488690374    ,41.5837723143237    ,86.6042839719934    ,278.253206548747    ,293.264464531472    ,234.271184950608    ,0.00631359625654571 ,4.80021503006918    ,20.3352307949781    ,15.4912574895975    ,16009               ,jun                 ,2012                
18.3552525835037    ,2.93653448138138    ,231.710134296417    ,2.16015939782063    ,4.13117998208602    ,23.4455080920855    ,43.9415805168152    ,89.0097732226054    ,278.361723688761    ,293.492060470581    ,253.152240933736    ,0.00663099199009594 ,3.99005072414875    ,19.5464133075078    ,15.4091459156672    ,16057               ,jun                 ,2012                
16.3622273342302    ,4.2221392768109     ,231.497862213543    ,2.10847273416465    ,4.1490050451196     ,20.552514567217     ,39.6842744153851    ,81.3789141980925    ,278.062299548546    ,292.633508355623    ,241.431929084127    ,0.00590264786529034 ,3.87726133024298    ,21.2808721391814    ,15.0790586217177    ,16035               ,jun                 ,2012                
19.9102607878551    ,3.09484371665168    ,240.904707123889    ,1.40929492780298    ,4.4050424768407     ,26.2500328209474    ,35.2804028128227    ,80.8210844088365    ,276.296813540088    ,292.112038002435    ,270.165588747351    ,0.00544665983345615 ,3.83937867655869    ,19.459121259123     ,13.9952399718918    ,16049               ,jun                 ,2012                
22.0787284334288    ,2.49270521553761    ,234.903967486431    ,1.73863639347189    ,4.62466015464057    ,31.6773542303877    ,38.3885192062765    ,80.2775919055769    ,280.382407532826    ,294.861789364738    ,265.025536742865    ,0.00632509367831828 ,3.72511826218131    ,16.9094033025378    ,13.3357492862538    ,16069               ,jun                 ,2012                
19.1518598146675    ,2.87450890821448    ,231.501136023151    ,1.67311745430484    ,4.28596898642453    ,26.4391867779503    ,40.0553418141094    ,83.2014090509126    ,278.753960063503    ,293.545055610089    ,263.43691303684     ,0.00615971501924344 ,3.22123982477779    ,18.8857165462715    ,14.4167671761894    ,16061               ,jun                 ,2012                
27.7318073973054    ,1.49995497273414    ,194.509413196195    ,4.34959531222842    ,5.6738403624911     ,36.7988193691228    ,32.9830761176094    ,77.2062765141969    ,284.540818068954    ,301.149724468361    ,308.276782004558    ,0.00836374819635149 ,3.03244958681271    ,16.7080178994448    ,11.7222360948729    ,16055               ,jul                 ,2012                
29.569708209066     ,0.901946812094475   ,193.940498622917    ,3.37193482820334    ,5.7403285203487     ,39.2331207063867    ,31.9289265578201    ,82.0323241580236    ,283.208862042559    ,301.518423535893    ,310.44626032157     ,0.00829826220100286 ,3.09967371149586    ,15.8451048207888    ,11.8430833191243    ,16009               ,jul                 ,2012                
27.1780969176754    ,0.646013872503273   ,214.209292499173    ,2.49529394944509    ,5.63331530059538    ,37.9368941614705    ,34.3321010863396    ,87.8922683205143    ,283.340644875803    ,301.690321064611    ,315.901492814095    ,0.008963828407934   ,2.80388322930182    ,15.7228902504521    ,12.7019748138612    ,16057               ,jul                 ,2012                
28.5956584018826    ,0.706941138711867   ,214.765515892322    ,2.29457925280019    ,5.78830453239456    ,42.8312027380394    ,29.7861458213773    ,71.6651940292757    ,283.561655045206    ,301.170967240975    ,316.998906979837    ,0.00760461431443041 ,2.66799264625533    ,15.0740584715127    ,10.3465535523808    ,16035               ,jul                 ,2012                
31.3076995196212    ,0.868059639997102   ,216.70805247561     ,1.14265965351336    ,5.85900592206359    ,47.116181885434     ,25.860530524248     ,70.8287654077429    ,281.931793346322    ,300.844247387455    ,314.933585000431    ,0.00699089364957276 ,2.76774219722405    ,13.8786274103277    ,9.83070250878162    ,16049               ,jul                 ,2012                
32.6082772818725    ,0.609327148523375   ,218.435579878679    ,1.84560093568694    ,6.18022797850878    ,48.6253500493082    ,27.7698526500895    ,72.0153705257372    ,286.260046155613    ,303.614550753875    ,315.122999467993    ,0.00810472922126043 ,2.75945875179733    ,13.3232007313745    ,10.0206207847398    ,16069               ,jul                 ,2012                
30.1547646938213    ,0.667329640114063   ,217.972506165918    ,1.83628856192905    ,5.79440289934423    ,44.7788375642452    ,30.1671527467452    ,77.0511414185425    ,284.57008517618     ,302.098983382263    ,316.845862384289    ,0.0082000127937163  ,2.47699922523445    ,14.3794718110317    ,10.8172636862216    ,16061               ,jul                 ,2012                
44.8306373857999    ,0.162144716970002   ,208.205316905907    ,4.70076578634757    ,5.41720474489527    ,56.4251791957712    ,24.4509299307504    ,74.3123406319445    ,283.153131936439    ,301.104071285562    ,281.621842864784    ,0.00668491403419946 ,3.22819821808928    ,11.7444362173229    ,9.5782358725201     ,16055               ,aug                 ,2012                
46.9342840055992    ,0.0649880744512583  ,219.617757233301    ,3.47807768204744    ,5.57371869112704    ,57.6883544040832    ,21.8042147123625    ,76.6802697557601    ,282.071037692955    ,301.929833773507    ,280.872547695031    ,0.00640095354188152 ,3.28591374154991    ,11.5490392536397    ,9.69373848375006    ,16009               ,aug                 ,2012                
47.8309509978756    ,0.000834867435116922,229.918659974375    ,2.4541818267107     ,5.58913678180787    ,59.0125641613622    ,19.8453988445959    ,77.0840326186149    ,282.452332291142    ,302.855011296426    ,280.116437444379    ,0.00639638624473235 ,3.04026908997566    ,11.5527453791711    ,9.55498898867638    ,16057               ,aug                 ,2012                
48.7393428580315    ,0.0442982857836908  ,219.70589992703     ,2.03202571261509    ,5.35096764627928    ,64.8644291023713    ,21.8011530108076    ,64.8383723423327    ,282.637946413913    ,301.179989310377    ,276.76987384275     ,0.00595505810984391 ,2.88970901088793    ,10.124372467731     ,8.21844953067272    ,16035               ,aug                 ,2012                
49.5528082437445    ,0.0525384595313022  ,225.643129900042    ,0.35465921114028    ,5.28341795606445    ,65.9602351956023    ,19.9337627509233    ,65.0289599762652    ,280.939283188926    ,300.600851457524    ,269.482354860351    ,0.00557876601417595 ,2.90868509804633    ,9.88238208972839    ,8.25976355480654    ,16049               ,aug                 ,2012                
56.1662235292912    ,0                   ,219.755490280501    ,1.52828655920843    ,5.92360334330969    ,73.6683941071704    ,15.9503688779354    ,59.3255216013836    ,285.576307956445    ,304.428579349199    ,276.051782219456    ,0.00575678836770291 ,2.9120177336041     ,8.81564422811087    ,6.83235187659659    ,16069               ,aug                 ,2012                
49.6521849229284    ,0                   ,208.421238878129    ,1.46237100851684    ,5.39650512933413    ,67.6547089441717    ,18.1021874887852    ,66.7719628144124    ,283.687400998894    ,302.869915548562    ,275.107705901636    ,0.00596580586730848 ,2.53416119254897    ,9.83866594245166    ,7.97055299953917    ,16061               ,aug                 ,2012                
48.9578839101909    ,0.016445392108585   ,247.580585134373    ,3.89721779012222    ,3.81866598704878    ,60.8644263813034    ,22.2166097627255    ,73.4242463853624    ,280.034679292488    ,297.402066952636    ,202.15067835155     ,0.00522110568176168 ,3.21866155048457    ,10.4116337077608    ,10.0900717605125    ,16055               ,sep                 ,2012                
51.7241928973377    ,7.22512690978643e-05,243.912204614523    ,2.65655327454591    ,4.00808438916178    ,62.7558017309366    ,19.4768534803296    ,73.0545517562174    ,279.135956671299    ,297.909142747386    ,204.033463537152    ,0.00486657444219595 ,3.34141774904093    ,10.1681432489813    ,9.85913746418097    ,16009               ,sep                 ,2012                
53.8847855517069    ,0                   ,255.111270388285    ,1.6284654576083     ,4.17919702442487    ,66.1684768091838    ,16.8602772819599    ,70.0354390583038    ,279.387673543294    ,298.721562098185    ,207.162528533936    ,0.00462176187332564 ,3.24375238319238    ,9.69837200593948    ,9.24272488419215    ,16057               ,sep                 ,2012                
56.3589923010484    ,0.000660664847066824,253.060795496752    ,0.892956977561799   ,4.02210478995197    ,70.6052236352696    ,18.7035834684936    ,64.0315292953857    ,279.066876597065    ,297.236654962025    ,207.565871596656    ,0.0044469555780499  ,3.23035660835116    ,8.72435223506823    ,8.49015749142655    ,16035               ,sep                 ,2012                
54.2375068649857    ,0.0869118931962132  ,262.944305547476    ,-1.00804221271141   ,4.05432336540389    ,69.429134504869     ,17.5990770646564    ,64.0082162435318    ,277.004920945812    ,296.356779669961    ,212.247600857387    ,0.00405800363032962 ,3.25888584865621    ,8.82896559125256    ,8.63891997957339    ,16049               ,sep                 ,2012                
60.8786255542395    ,0.00574147202964348 ,256.637861860415    ,0.43127451393481    ,4.43942230699747    ,79.0057263444027    ,13.7048845592242    ,58.3440324943121    ,281.801208980241    ,300.180624463086    ,208.499239207929    ,0.00424393977996447 ,3.05352943002009    ,7.39373416819887    ,7.20518225930804    ,16069               ,sep                 ,2012                
54.7357367213436    ,0.0130539866682583  ,254.329916665574    ,0.279642952785676   ,4.08282023421989    ,73.1972757607452    ,14.9989260796345    ,63.6703268022248    ,279.97890882676     ,298.999801417159    ,208.628810302482    ,0.00432272736353866 ,2.78080985562532    ,8.39171628177002    ,8.11939454347963    ,16061               ,sep                 ,2012                
20.6284115481279    ,3.9902303731451     ,196.808565237759    ,2.98185901501215    ,1.71912871964239    ,32.1482608023135    ,41.4969572054348    ,86.0900267957138    ,274.107702164351    ,286.277059352748    ,114.342162004271    ,0.00450113921943144 ,4.49757974721926    ,15.1221048613872    ,17.2912066474341    ,16055               ,oct                 ,2012                
23.6208457917652    ,4.05614024971273    ,197.183110510354    ,1.9075974437612     ,1.79472592313466    ,32.5027580175675    ,39.4824287567823    ,86.9230056488917    ,273.397689309642    ,286.669926756414    ,117.808043260569    ,0.00444901609082414 ,4.72343693605064    ,15.2602825747303    ,17.4138100657397    ,16009               ,oct                 ,2012                
23.0853753529826    ,3.88057437706378    ,187.923056302224    ,0.978371378282706   ,1.77165992929089    ,33.9929992015323    ,38.2912455585695    ,86.4084211238738    ,273.590386347617    ,287.382891205818    ,123.39818700975     ,0.00451678332913997 ,3.92915390106939    ,14.8575205926741    ,17.1854050230211    ,16057               ,oct                 ,2012                
20.6824789892267    ,5.82939046172956    ,198.502280156658    ,-0.395304455607604  ,1.73050426419977    ,33.3233479726215    ,39.6295547875101    ,83.0207203233713    ,273.263389959428    ,285.489576726707    ,122.196302637416    ,0.00413982269678028 ,3.8848118677777     ,14.9833846322139    ,17.1915797044837    ,16035               ,oct                 ,2012                
22.9831983285606    ,4.21775941181498    ,223.640614794372    ,-1.67574388248559   ,1.88450092591595    ,35.7748476846445    ,35.7804246367781    ,81.463479044263     ,271.53886367396     ,284.893935548179    ,132.830229651745    ,0.003769151261974   ,4.05751066148943    ,14.4029295526298    ,16.3815870707579    ,16049               ,oct                 ,2012                
27.6862239268436    ,2.86276316404219    ,196.387828828878    ,-0.686124879461771  ,1.99087282380853    ,43.5989792345309    ,33.5298402555363    ,80.2226707234102    ,275.571114998594    ,288.621825113736    ,127.691745889666    ,0.00436675215790802 ,3.49436140125201    ,12.4039756547629    ,14.99868423379      ,16069               ,oct                 ,2012                
25.2197939454       ,3.05179404393256    ,191.550033282547    ,-0.820585627529575  ,1.78807558868526    ,40.5548794839707    ,34.6997666777181    ,82.430142111538     ,274.158831790364    ,287.573870523362    ,127.869260078111    ,0.00428712603269119 ,3.06179736160145    ,13.2201547811458    ,15.6832692733735    ,16061               ,oct                 ,2012                
3.59408788672854    ,5.46816810125023    ,185.400809510156    ,3.30676301598385    ,0.681038911407622   ,3.83436465263228    ,64.9552967817204    ,89.9708212163059    ,273.560939002855    ,280.187486687805    ,56.0506907241989    ,0.00457734446447223 ,3.73998398386729    ,25.9563744318665    ,22.6178097757619    ,16055               ,nov                 ,2012                
4.8931519043281     ,4.47630034365362    ,193.684428842157    ,2.33877101593469    ,0.752762125845433   ,4.93984571410112    ,62.7370556186172    ,90.2537257922472    ,273.184024764142    ,280.392139532627    ,57.9553053206946    ,0.00455915581065743 ,4.17792357427364    ,25.2965407068678    ,22.3053532011645    ,16009               ,nov                 ,2012                
5.18678882723053    ,3.60589855068425    ,169.388437225342    ,1.59550626844168    ,0.827748588976761   ,5.95067337935954    ,59.8276419204076    ,90.1494322942098    ,273.52937836202     ,281.352963465373    ,61.7066256217957    ,0.00461774992752665 ,3.82098418776194    ,24.7922446775436    ,21.8090416094462    ,16057               ,nov                 ,2012                
4.82831797475879    ,5.16139047629632    ,181.390369573624    ,0.461899627874316   ,0.889370723071077   ,5.19010162206359    ,57.556487454622     ,86.8543976330102    ,272.451976494927    ,280.172332341071    ,61.8399012804199    ,0.00412178697787951 ,3.73624931784731    ,25.7375661882907    ,21.6301776578176    ,16035               ,nov                 ,2012                
8.41211317686545    ,3.63912917781181    ,209.536727500374    ,-0.970829665565069  ,1.09697067928009    ,11.6443856263648    ,50.6019998102468    ,84.8603472077645    ,270.312111225561    ,280.012493153401    ,70.9809014684728    ,0.003624482593667   ,4.14152083504009    ,22.7758985251951    ,19.6162259092734    ,16049               ,nov                 ,2012                
11.1402713853833    ,2.25488645665733    ,179.42689593718     ,0.710202990310855   ,1.04776418646549    ,16.2749965869169    ,52.4314600205039    ,85.6662128768078    ,275.150113739177    ,283.323298343108    ,64.7008029080967    ,0.00457580974603606 ,3.35693682857163    ,20.6295198272256    ,18.9010710654199    ,16069               ,nov                 ,2012                
9.45540376714438    ,2.14101716734818    ,169.498166358044    ,0.694773203470762   ,0.942095788256278   ,14.5991059297701    ,52.2025701102475    ,86.9255518784536    ,273.668798899585    ,282.401277719713    ,65.6024947631458    ,0.00435949902081626 ,2.93626869701814    ,21.218699891114     ,19.2731823383941    ,16061               ,nov                 ,2012                
1.24737068077828    ,4.3909627300599     ,192.58501871368     ,3.77132868325269    ,0.409384917379675   ,0.491721543646858   ,76.6734760504201    ,91.3443279941386    ,270.089158096627    ,274.742191698783    ,39.9507064536766    ,0.00347513738648828 ,4.41658832621345    ,29.5661930429592    ,23.6443578029366    ,16055               ,dec                 ,2012                
1.47132419297211    ,3.63306161723076    ,195.45512320163     ,2.65863097807359    ,0.4333891455913     ,0.812968172219869   ,75.3606000098956    ,92.3237652818127    ,269.508254354804    ,274.326974932729    ,39.9489044084116    ,0.003391449416724   ,5.00527744634147    ,28.2537524409548    ,23.2743012144251    ,16009               ,dec                 ,2012                
1.75964525760214    ,3.29828141117593    ,167.04510000356     ,1.84146472230554    ,0.444906124444058   ,1.64151977962043    ,72.775250541687     ,92.7919955705007    ,269.535011922201    ,274.884008916219    ,42.0523261165619    ,0.00338664573656085 ,4.40241466877858    ,27.12036800162      ,22.8273204372724    ,16057               ,dec                 ,2012                
1.35629499617221    ,5.19381522640239    ,185.329396479192    ,1.19386394881893    ,0.404220336707697   ,0.869164240969318   ,72.9982029231356    ,92.494886376137     ,267.652203637971    ,273.350755006818    ,48.3496399053475    ,0.0031151241317757  ,4.2429007499738     ,29.5953295935536    ,23.8597783358858    ,16035               ,dec                 ,2012                
4.42452134702718    ,3.95038140048968    ,208.977139287627    ,0.0502982582713127  ,0.509444983940511   ,3.81778545275974    ,65.934327876754     ,92.2423454529291    ,264.825781286058    ,272.587163264608    ,52.9400140783376    ,0.00271235153211809 ,4.66467079980074    ,26.7554700225387    ,22.6060526228735    ,16049               ,dec                 ,2012                
12.2723343991978    ,1.85071991491605    ,171.297611954633    ,1.23979696625455    ,0.59621524651549    ,12.8026507067853    ,66.6887190657291    ,87.8660139406854    ,270.795795790184    ,276.501715139569    ,46.0584405963646    ,0.00339113427440216 ,3.92436840531554    ,21.7935166455845    ,19.4258387568163    ,16069               ,dec                 ,2012                
10.0316665249423    ,1.47600349095488    ,148.092380136958    ,1.13208259143366    ,0.489037098074665   ,11.1199459306039    ,66.7872639579878    ,90.2416384489411    ,269.085688617801    ,275.440347933178    ,46.6332708122316    ,0.00324138928940468 ,3.31765509343016    ,22.3279320291251    ,20.1141656020456    ,16061               ,dec                 ,2012                
