bi,pr,th,pdsi,pet,erc,rmin,rmax,tmmn,tmmx,srad,sph,vs,fm1000,fm100,countyfips,month,year
3.82583122315554   ,1.56898935900161   ,166.153722437052   ,-2.41215372576144  ,0.293498963977092  ,2.69020760234351   ,78.4215473168466   ,96.5020553728633   ,267.986837444055   ,274.367152388378   ,54.0509842764124   ,0.00332033350131169,2.79427458962865   ,26.5737846776592   ,23.655553615443    ,16055              ,jan                ,2001               
3.77654837897811   ,1.81255351245619   ,182.206966871682   ,-2.10177000904459  ,0.365039654150051  ,2.80458852774114   ,73.9380973339718   ,95.8635040380773   ,267.680107750176   ,274.250490430703   ,55.5090097306134   ,0.00317503133034794,3.11165722923029   ,26.4065520415258   ,23.125424910784    ,16009              ,jan                ,2001               
4.4127680799896    ,1.74674472613681   ,179.938680475796   ,-1.63301808178425  ,0.370523470189543  ,2.80973405363592   ,73.1560321820167   ,97.5296222711379   ,267.441990198935   ,274.714305085213   ,58.0461891694223   ,0.00321881431894707,2.96386695356138   ,26.6188619115276   ,23.4681082036418   ,16057              ,jan                ,2001               
5.64386364479768   ,2.27356829230675   ,182.857450442043   ,-1.58680800428854  ,0.505389099895054  ,5.32986372142482   ,64.9736029078542   ,91.7580414021283   ,267.41327923492    ,274.84598966306    ,62.7833137095954   ,0.00300838622879518,3.02260724617361   ,26.059242200471    ,21.416265084556    ,16035              ,jan                ,2001               
10.4714860525605   ,1.45532966265497   ,203.070429267924   ,-1.37458325829027  ,0.733722881485922  ,14.6568246642828   ,49.3909106540405   ,86.8877558308801   ,264.655833001346   ,274.695622840238   ,71.7286184712551   ,0.00237257674186375,3.26364259461307   ,21.9301108459653   ,18.3187086088783   ,16049              ,jan                ,2001               
9.32947019986123   ,1.21577269330361   ,187.343614187306   ,-0.0158350740604222,0.500858193428245  ,9.82966010460962   ,67.7143891248823   ,92.5417760941455   ,269.171444571592   ,276.467102408759   ,62.8352912263211   ,0.00329134908964822,2.677027470113     ,23.2826922154949   ,20.8702994278017   ,16069              ,jan                ,2001               
8.83342935336976   ,1.20693493940153   ,174.936336407553   ,-0.16778337203233  ,0.470839756597315  ,9.34083012727408   ,66.0134171409882   ,93.6734205173258   ,267.660922639054   ,275.509498146686   ,63.643361091868    ,0.00308413264472996,2.37994964930478   ,23.5463714230954   ,21.1619064976329   ,16061              ,jan                ,2001               
4.80471219490251   ,1.8860554769679    ,162.848302974044   ,-2.96299864349705  ,0.589117709632693  ,4.17393660499375   ,66.2147348483544   ,97.0342563514777   ,265.751347370809   ,274.86390339326    ,89.6195534297398   ,0.00296656291268417,2.72726047260666   ,26.6118439467496   ,22.5628819640842   ,16055              ,feb                ,2001               
5.06343402258592   ,2.0324663543414    ,173.01461222369    ,-2.67351029257803  ,0.644730545655964  ,3.98428063549015   ,63.7135829409602   ,97.3074917781182   ,265.99029234679    ,275.212593310784   ,92.6236726909196   ,0.00298167959936924,2.882639023188     ,26.6002059176325   ,22.4070659141266   ,16009              ,feb                ,2001               
5.32157695580873   ,1.88563627436757   ,177.071957122679   ,-2.20851953089237  ,0.694121371800346  ,4.40224525657158   ,61.9960364116941   ,97.5876797144754   ,266.656805117471   ,276.044694851467   ,94.4193785333633   ,0.00308637913328961,2.64137659953109   ,26.3346728195463   ,22.1018573921067   ,16057              ,feb                ,2001               
5.17297164197771   ,3.00192361802641   ,189.047784422071   ,-1.87453270055107  ,0.833568544113264  ,5.66218728066276   ,54.9543261310551   ,91.6796109185986   ,266.190550868369   ,275.668027893361   ,101.16813469394    ,0.0027599596139295 ,2.76506759667596   ,26.4296223112767   ,20.6694823652911   ,16035              ,feb                ,2001               
9.13733363581968   ,1.81398900854773   ,208.606126755332   ,-1.79630552938724  ,0.930618941459808  ,12.5107258630288   ,50.6324119032403   ,91.2549016580133   ,263.507094376858   ,274.780996681908   ,110.55924593478    ,0.00243183582400455,3.21922785762115   ,22.5721626174942   ,19.4592655449215   ,16049              ,feb                ,2001               
8.80743366822294   ,1.01815421006452   ,187.350487665241   ,-0.445750185326671 ,0.849361004519886  ,12.3273995617349   ,58.0729088644839   ,92.3975181696158   ,268.792709945084   ,277.76125344436    ,106.669850825899   ,0.00322328579134587,2.44699495192404   ,22.5655391054175   ,19.4308515119589   ,16069              ,feb                ,2001               
8.56125078638279   ,0.929812949287145  ,178.249061633099   ,-0.460532572654078 ,0.790479831375542  ,11.615701213096    ,58.1338808916536   ,93.6045539770385   ,267.470864932118   ,276.555546383368   ,102.777356072891   ,0.00303146475893399,2.16711722101484   ,22.9217497815489   ,19.8467064065663   ,16061              ,feb                ,2001               
9.69337736833747   ,1.84730508415946   ,202.368895992156   ,-3.2214832217605   ,1.52832713519437   ,11.586585723201    ,50.6752011942132   ,95.4272983601159   ,271.200788535651   ,281.458319295977   ,140.585408492185   ,0.00393844329618258,4.33900528425368   ,23.2173526158264   ,19.2023794206351   ,16055              ,mar                ,2001               
8.92162372552212   ,1.97636358743975   ,208.528735611361   ,-2.97242723037976  ,1.5642037213554    ,11.0821000626856   ,50.173895043484    ,95.49059453077     ,271.211729448336   ,281.547262227815   ,144.241450954699   ,0.0039426498501262 ,4.43036950638013   ,23.3076213240328   ,19.213296501981    ,16009              ,mar                ,2001               
8.24473576432011   ,1.86797240453862   ,215.447135661956   ,-2.5049462801218   ,1.63418190819121   ,11.2103178913399   ,49.6062259944793   ,95.9654948302238   ,271.475393174694   ,282.393585431499   ,146.708380902198   ,0.0040217675567199 ,3.82558231571028   ,23.1418394319473   ,19.2205178008541   ,16057              ,mar                ,2001               
8.24767702992053   ,3.0403860429397    ,215.902665438012   ,-2.22563024298921  ,1.70882409246396   ,12.4210167116235   ,46.5491202623109   ,92.1501284463177   ,271.091001331501   ,281.095099315892   ,156.926078688681   ,0.00363388748442591,3.81827159581321   ,22.7887496280937   ,18.6269040471298   ,16035              ,mar                ,2001               
8.98905759638731   ,2.43199695447584   ,232.98542035045    ,-2.15853059778927  ,1.80513561842775   ,16.2947968991256   ,42.2452762718514   ,91.2325715305597   ,268.937477620791   ,280.362979727584   ,164.244142244388   ,0.00327000071020183,3.8691642502571    ,20.9295960002806   ,17.8296580207511   ,16049              ,mar                ,2001               
10.2626437782668   ,1.35299798329061   ,219.681323964986   ,-0.939917980362919 ,1.86260799950765   ,17.92955064498     ,47.0859201193391   ,92.2315517772328   ,273.191813136126   ,283.939661783742   ,151.418842984907   ,0.00416170400154869,3.48124596675511   ,20.2081930271732   ,17.5547837207538   ,16069              ,mar                ,2001               
9.37870968512742   ,1.51158739838146   ,212.092524549606   ,-0.899307532908174 ,1.69644926209921   ,16.7038497023505   ,48.0848572450585   ,93.3278621479341   ,272.052360447208   ,282.639317930746   ,147.322526484799   ,0.00398505983475826,2.97858130834923   ,20.6271709916561   ,18.0966185322128   ,16061              ,mar                ,2001               
8.65394790408058   ,3.00355352871784   ,198.134193018533   ,-3.06767349102533  ,2.24298903247129   ,14.5270475026953   ,47.8068613934092   ,92.1600924440863   ,273.105987561387   ,283.212142320588   ,172.842153134235   ,0.00421599058775469,4.46921152509289   ,21.8564942149305   ,17.6460116035817   ,16055              ,apr                ,2001               
6.65901303708956   ,3.07382043974522   ,206.809563628127   ,-2.78617326183432  ,2.24762304441698   ,12.8351434604026   ,48.015311226478    ,92.9726582318368   ,272.968582568648   ,283.291431133564   ,172.036094584268   ,0.00424691821619339,4.46294123841931   ,22.2835485571235   ,18.0057996099047   ,16009              ,apr                ,2001               
5.76325772752737   ,2.87359577005605   ,223.128431482315   ,-2.29774383922418  ,2.34419744471709   ,12.9189168296391   ,47.2001476345062   ,92.5964568691254   ,273.46788470459    ,284.114709116618   ,179.990258252462   ,0.00435267456120346,3.77838599091768   ,22.2058532034556   ,17.8387373553912   ,16057              ,apr                ,2001               
5.2326531103768    ,4.05413248565014   ,215.68046691445    ,-2.02956056120196  ,2.40249751136284   ,11.1649544322253   ,44.0537594457173   ,88.4132592938499   ,272.531848889728   ,282.729533318485   ,189.021683785544   ,0.0038695745902327 ,3.7582870730386    ,23.5414278614429   ,17.5578171818755   ,16035              ,apr                ,2001               
6.3759395389945    ,3.40124917779922   ,235.297583379519   ,-1.9765247644501   ,2.48718897094087   ,13.4942820548651   ,39.191586047988    ,90.2286707459751   ,270.183678287758   ,282.050824835239   ,202.774625319767   ,0.00353880730863737,3.71936803764535   ,22.4755974901832   ,17.4383628304641   ,16049              ,apr                ,2001               
8.96350570668727   ,2.39082648126731   ,239.076005214314   ,-0.944309732539715 ,2.54469763871395   ,18.7226434539771   ,44.2362151205433   ,90.7611911345293   ,274.754666934634   ,285.57676150888    ,184.773846170354   ,0.00455011852119208,3.494761257535     ,19.9223103883645   ,16.7461698832996   ,16069              ,apr                ,2001               
7.78704590882975   ,2.70061991241845   ,225.204444071814   ,-0.748225188093162 ,2.35036479188719   ,16.2864997172815   ,46.0197331452173   ,91.390652001331    ,273.631652214113   ,284.109473303593   ,181.819690433218   ,0.00435673292221491,3.06263393969904   ,20.9243967781382   ,17.2732673111698   ,16061              ,apr                ,2001               
25.3061875637135   ,1.78950274663982   ,216.094779667461   ,-2.64297419222294  ,4.56895152463486   ,32.3252852309609   ,33.1156824006354   ,74.0207638757631   ,277.24497372693    ,292.818563538529   ,266.407380191545   ,0.00502005140078286,4.45268011408056   ,17.8697307320304   ,11.9497189643958   ,16055              ,may                ,2001               
24.137995920882    ,1.53097007482374   ,220.587213014187   ,-2.3821281888311   ,4.72125766513502   ,31.9653148651123   ,32.3992421695762   ,74.8707991685774   ,276.780314079062   ,293.412100002451   ,276.060949746059   ,0.00499749314549249,4.39359184771372   ,18.0377587585828   ,11.9466420723569   ,16009              ,may                ,2001               
23.0075146360266   ,1.30739032107976   ,225.041833045713   ,-2.0257770250241   ,4.63069125486958   ,31.8793883292906   ,34.7904976980148   ,76.3905544527115   ,277.231797697006   ,293.652156229327   ,283.413737108784   ,0.00529960393177105,3.69533229931708   ,17.8983293948635   ,12.1798334990778   ,16057              ,may                ,2001               
20.5423224150381   ,1.80882510081191   ,231.828479944078   ,-1.77703834600731  ,4.45801042015341   ,31.3011964540937   ,31.6113759734609   ,68.1444391164628   ,276.804238869956   ,291.874442720677   ,276.674297515134   ,0.00463490734610869,3.60591292575592   ,18.2065686413725   ,11.5357844856388   ,16035              ,may                ,2001               
21.0041585950392   ,1.61703905727579   ,244.848786236484   ,-1.89351818031151  ,4.48255933590167   ,33.920165879427    ,27.7219411447665   ,67.9389744834871   ,274.936304582051   ,291.25622701986    ,278.460910987581   ,0.00418544554559582,3.5447792157641    ,17.3153832462356   ,11.0118538448143   ,16049              ,may                ,2001               
26.3717146338662   ,1.08670931754029   ,234.766660090662   ,-0.943626336730127 ,4.82915514013532   ,38.2563671559861   ,32.8197063377279   ,68.8907995515185   ,279.252211334665   ,294.852587602664   ,283.703832134453   ,0.00540856396149165,3.27214156572667   ,16.0539028074117   ,10.8792938680223   ,16069              ,may                ,2001               
22.8647837353506   ,1.25168033101914   ,233.16919825772    ,-0.670658286434814 ,4.45856327357149   ,35.0557883344501   ,34.3974483739659   ,71.593651727561    ,277.834584752009   ,293.308599184749   ,279.569902845651   ,0.00522970662021379,2.83664167793361   ,16.8502721701327   ,11.5676836602626   ,16061              ,may                ,2001               
15.8357762260221   ,2.41191763153456   ,207.893015921557   ,-2.68050033025781  ,4.07228066546763   ,30.1904040880327   ,40.6077273215777   ,84.6699830933036   ,279.449965631095   ,292.510078817402   ,247.663186425731   ,0.00626806769122731,3.76048643430401   ,16.4338773932804   ,13.7947539095362   ,16055              ,jun                ,2001               
18.0456121188301   ,2.15773303372385   ,205.920385780842   ,-2.45082058826612  ,4.06949379277182   ,31.5902177759882   ,40.614024200289    ,85.0159721825955   ,278.867391745061   ,292.62216756546    ,245.046470714321   ,0.00621417499068368,3.8260113846856    ,16.1879153285506   ,13.5262559569094   ,16009              ,jun                ,2001               
18.7429072241217   ,1.81774490166207   ,217.753743887603   ,-2.21335793673992  ,4.12295943363508   ,32.2724909114838   ,41.8031648448308   ,85.6274650007884   ,279.168344111125   ,293.102414428711   ,257.673431324005   ,0.00643211550350922,3.28238294291496   ,16.0584189569155   ,13.5348458645344   ,16057              ,jun                ,2001               
16.9324203664117   ,3.12938945374391   ,224.057129725673   ,-1.74700815867504  ,4.14275809628935   ,33.0607750363044   ,38.2979984694085   ,74.6406508049888   ,279.058269614179   ,292.056289331975   ,248.384440723551   ,0.00574135720970042,3.30424693071817   ,16.0360491812103   ,12.4417368548113   ,16035              ,jun                ,2001               
18.7135501867487   ,3.0452077905095    ,226.17422467915    ,-2.11580116408655  ,4.37964781738931   ,35.5120461373783   ,33.9774484214449   ,76.4010084186374   ,277.483452214009   ,291.970053470063   ,267.564472531587   ,0.00550306200656205,3.38222214598818   ,15.4693710136533   ,12.1894423726249   ,16049              ,jun                ,2001               
20.7225484036642   ,1.67652083838262   ,228.063903412122   ,-1.49696984559749  ,4.50783890345517   ,38.9352915162071   ,37.0821952585231   ,76.336212051786    ,281.178451842718   ,294.472907187722   ,262.898316659094   ,0.00626144103308286,3.05704293007732   ,14.3075247535094   ,11.8807307729534   ,16069              ,jun                ,2001               
17.0144935078144   ,2.10348026391642   ,224.817115081506   ,-1.03811400495572  ,4.15154374571871   ,33.4064915864592   ,40.4637432597557   ,79.4707471621595   ,279.704869844631   ,292.718710159008   ,261.048690596231   ,0.00617851741533706,2.72790852957521   ,15.7732518398401   ,12.9571275881828   ,16061              ,jun                ,2001               
30.6027322833872   ,0.784651879800295  ,208.608949714474   ,-2.54781376555133  ,5.35204415632785   ,44.4943765214631   ,30.8124806312835   ,77.2740866847046   ,282.707811504219   ,298.528470943668   ,287.170390125165   ,0.00708605368597786,3.40983396243973   ,13.7355961354624   ,10.7655914216882   ,16055              ,jul                ,2001               
26.2995899989389   ,0.76707595189147   ,214.125909801992   ,-2.31463769730732  ,5.26553955845397   ,42.392599484465    ,31.5536360535874   ,81.3679908247116   ,281.940994801515   ,298.500754201838   ,288.316399638538   ,0.0071746385597634 ,3.31126940504106   ,13.7535353271213   ,11.4051092051895   ,16009              ,jul                ,2001               
23.1370631509906   ,0.681438006556803  ,233.806329590415   ,-2.19579267342885  ,5.13974698966549   ,40.7026431560516   ,32.002334918822    ,85.6393304104959   ,282.111847750756   ,299.110930338214   ,290.45677158971    ,0.00757451278818471,2.70008762004875   ,13.9989518616276   ,12.0008683453068   ,16057              ,jul                ,2001               
21.3128073434893   ,1.21449006752855   ,221.404370456057   ,-1.62341432675583  ,5.02821782094138   ,43.6168674780403   ,31.8336364345711   ,71.2434407254809   ,282.552445111525   ,297.412961768232   ,289.915414015268   ,0.00681967514071087,2.50825174657415   ,13.3030455499605   ,10.5788916676153   ,16035              ,jul                ,2001               
19.4841187461866   ,1.59751967356275   ,227.865412168566   ,-2.11748974524606  ,4.97468665271799   ,41.561986818456    ,29.3467623935317   ,75.2308861459107   ,280.995203319062   ,296.716793232702   ,288.784205519159   ,0.00666950884320099,2.54016619286746   ,13.6513355002004   ,11.2224088674905   ,16049              ,jul                ,2001               
27.7106437610817   ,0.801088705306755  ,254.637841365609   ,-1.6530500746875   ,5.45707776985724   ,50.0875862668419   ,27.7750092611367   ,70.4462147170312   ,285.160740063851   ,300.573243116662   ,289.466165028997   ,0.00723092621898419,2.44033461447747   ,12.1558375140604   ,9.63770116923985   ,16069              ,jul                ,2001               
22.4180225894738   ,1.03601207968093   ,239.144762158669   ,-1.2613419986929   ,5.07507576852822   ,44.1510939197647   ,30.6155273693779   ,74.950432862577    ,283.503125688293   ,298.747073395988   ,290.630365380348   ,0.00720342828849218,2.15825104897768   ,13.3734768500362   ,10.7214856780837   ,16061              ,jul                ,2001               
46.0409885760552   ,0.136086699502268  ,188.552409404049   ,-2.54998167200507  ,5.43602845875466   ,58.5248504992138   ,23.938861951495    ,70.4184919139802   ,283.784747947248   ,301.318633826593   ,265.177743557011   ,0.00657705780331104,3.45102262511191   ,11.0598804688337   ,9.25226903965032   ,16055              ,aug                ,2001               
42.9616417507613   ,0.123958450319158  ,204.979729976425   ,-2.3025834570975   ,5.42633799128597   ,55.7715246182722   ,22.9657872524578   ,75.269603561049    ,282.774668070805   ,301.872081275295   ,264.988595751729   ,0.00657441095637641,3.3471414360251    ,11.5385156337667   ,9.89291178586261   ,16009              ,aug                ,2001               
40.3283613393869   ,0.0912486654952649 ,226.485517182292   ,-2.22858863711357  ,5.35795331435819   ,53.0183920263475   ,22.5603001125397   ,81.4554243063158   ,282.580269017373   ,302.548241247362   ,264.70418234056    ,0.00683514917682436,3.06719745491782   ,12.0952433303095   ,10.7027949703124   ,16057              ,aug                ,2001               
43.4014519223182   ,0.0962512845149723 ,213.563403057473   ,-1.52291088082406  ,5.25498103089786   ,61.00456978632     ,23.786999247112    ,61.0086800303977   ,283.440085773147   ,301.03317062814    ,268.62581661786    ,0.00615394461854837,2.78790137869091   ,10.7948128919049   ,8.36703596041618   ,16035              ,aug                ,2001               
42.5075002901592   ,0.119739137301252  ,217.582697666826   ,-1.97145564879508  ,5.29345365473352   ,59.7887299058756   ,20.6392045398542   ,62.1313546865885   ,281.668830530472   ,300.959516250682   ,266.627908277203   ,0.00575254995951242,2.80040301711153   ,11.2850665683982   ,8.32604467239264   ,16049              ,aug                ,2001               
45.8909271326028   ,0.119278143942922  ,234.780071214538   ,-1.68902676667414  ,5.61967205485126   ,64.8880835683341   ,20.0119516312798   ,64.8652200322121   ,286.161667675566   ,303.982819303677   ,261.965037419752   ,0.0065550650766369 ,2.85098834228614   ,9.85338671058956   ,8.24734244643562   ,16069              ,aug                ,2001               
40.0529838961099   ,0.121923480295112  ,228.32249661507    ,-1.29583047873266  ,5.19967596427945   ,59.0899595620632   ,21.4813412330971   ,69.5109024444474   ,284.275630852281   ,302.563412460128   ,262.908307695096   ,0.006510406434243  ,2.49221601708035   ,11.068001671112    ,9.10004861016046   ,16061              ,aug                ,2001               
40.8443414084898   ,0.384406638386645  ,194.29480309506    ,-2.89446417474289  ,3.85291894015298   ,56.7099746677938   ,24.8259304698112   ,75.2143023853276   ,279.857663763436   ,296.956678543823   ,194.22143679751    ,0.00535937895827808,3.40443281039943   ,10.472250321209    ,10.7924338954303   ,16055              ,sep                ,2001               
39.2657613681301   ,0.385376179970698  ,202.237575953858   ,-2.63348979827685  ,3.92813076441575   ,54.8644191504936   ,23.5721233653834   ,76.9675422359971   ,279.131639926767   ,297.276427536462   ,198.815904931063   ,0.00526102652109212,3.42767890014592   ,10.8610813061867   ,11.0545019997177   ,16009              ,sep                ,2001               
37.6929306336889   ,0.311051762779554  ,213.548781881233   ,-2.57850739320119  ,3.9817367605567    ,52.9153409118652   ,22.7761406874657   ,79.8647896060944   ,279.01039704895    ,297.930273178101   ,202.067928371429   ,0.00531790797975069,3.25715496152639   ,11.3730623281797   ,11.4390887115002   ,16057              ,sep                ,2001               
42.8930384655619   ,0.316442892283012  ,205.622025909455   ,-1.96141349143592  ,3.85923690157427   ,61.6179945972623   ,24.5759448772925   ,67.5910188825471   ,279.613449273032   ,296.418125030539   ,201.520921618171   ,0.00507255003422005,3.18613409716282   ,9.59786730847617   ,9.71149755250072   ,16035              ,sep                ,2001               
40.4006540237653   ,0.613154634464452  ,218.071551925757   ,-2.34893692033678  ,3.87645709735141   ,58.4657638520617   ,22.6371816445112   ,68.28609208602     ,278.000499203214   ,295.842269708434   ,203.45500479497    ,0.00477283615916103,3.2362833919474    ,10.3715813308762   ,10.1038046247781   ,16049              ,sep                ,2001               
46.6646442768945   ,0.219913718093738  ,228.691796595689   ,-2.14497603499953  ,4.23415656342651   ,66.8536679262783   ,20.5184460559206   ,66.8144521645259   ,282.105099878974   ,299.344871431239   ,202.17431936145    ,0.0052091135901985 ,3.05945890043296   ,8.79457236330777   ,8.93311027010069   ,16069              ,sep                ,2001               
43.5485650209792   ,0.158128976415504  ,225.466052801222   ,-1.8523843723552   ,3.87625955839131   ,63.1100286410203   ,21.3603614325037   ,71.3588403239395   ,280.407108493942   ,298.242883250339   ,201.842468249108   ,0.00514984580732436,2.70201349990755   ,9.62836143497593   ,9.68022543753474   ,16061              ,sep                ,2001               
15.3070806145856   ,3.82565583079978   ,209.045474278409   ,-2.86584860552486  ,1.46352299584797   ,23.6267383406271   ,45.2330564946811   ,92.1506644273903   ,273.761461195901   ,283.760980701029   ,97.4362676826334   ,0.00446376286613457,4.87213192933365   ,17.6434820755756   ,19.1896167847798   ,16055              ,oct                ,2001               
15.6612751716823   ,3.78051588076356   ,214.432947964494   ,-2.61009699776328  ,1.57532099360932   ,23.723081787541    ,43.6801495454675   ,91.7976577854903   ,273.663958819455   ,284.402006582896   ,98.2577024919656   ,0.00448107348114507,5.18334948663881   ,17.6788777964651   ,19.0156372290209   ,16009              ,oct                ,2001               
15.2164423614326   ,3.38157737172419   ,220.634763285575   ,-2.5966738730669   ,1.55207326061783   ,24.3515993052266   ,43.7478588774896   ,92.6171261615138   ,273.87105913716    ,285.324428991502   ,102.953210907598   ,0.00469809834507384,4.35920327415389   ,17.3825549928604   ,18.9286754700445   ,16057              ,oct                ,2001               
13.0540895073793   ,5.43072630725087   ,218.906918021949   ,-2.10506752475708  ,1.5612137585915    ,25.7100978735283   ,45.3930730921814   ,87.5160824836118   ,273.967365842704   ,283.383038962366   ,103.558808313258   ,0.00429712633849967,4.44066345515261   ,16.7238350245277   ,18.3085597044188   ,16035              ,oct                ,2001               
17.2417124658543   ,4.34038430042971   ,235.049618537946   ,-2.35948699955987  ,1.79194857285412   ,29.8436471160363   ,39.3873177181718   ,84.2754226209261   ,272.613798167266   ,283.302175856158   ,116.6729757885     ,0.00387011197620492,4.5610741217558    ,15.9277103224079   ,16.8034710008741   ,16049              ,oct                ,2001               
18.8946764957366   ,2.46293373021901   ,229.925332351905   ,-2.26313077925361  ,1.79095891197735   ,33.5201441720218   ,40.1324865059213   ,86.9100042277006   ,276.15009410385    ,286.70717530434    ,109.123518268795   ,0.00475299529518726,3.96028957402725   ,14.4746878967627   ,16.650877773916    ,16069              ,oct                ,2001               
16.74706714121     ,2.70525467264687   ,223.28412088697    ,-2.06641846271257  ,1.63294913238587   ,30.9616699183156   ,40.4770651989954   ,88.4077032196525   ,274.804174180668   ,285.811661706292   ,108.974906782569   ,0.00458652058622984,3.38070219386517   ,15.2547990198423   ,17.209644607848    ,16061              ,oct                ,2001               
6.07191515854817   ,4.54389394436681   ,173.274828278969   ,-2.37083548511824  ,0.639190122717672  ,6.54522056275616   ,66.298002922257    ,94.4070137301263   ,272.915837748126   ,279.902967283984   ,57.3836021467818   ,0.00447549351589404,3.94544395844469   ,25.2279997855711   ,22.7331957356593   ,16055              ,nov                ,2001               
7.57868154294838   ,4.18919303765781   ,183.905068422539   ,-2.08442259869397  ,0.712287478029169  ,7.71269312657318   ,63.8320308286528   ,94.0086394044774   ,272.844525790544   ,280.170567258575   ,59.1149202188797   ,0.00448043196148898,4.41195042375512   ,24.8151752456876   ,22.4061244025973   ,16009              ,nov                ,2001               
8.86647663426453   ,3.71966051887472   ,183.809912661235   ,-2.05629836122195  ,0.739028426831588  ,8.37792627483696   ,61.5060347277323   ,95.5433548647563   ,272.594672281901   ,280.967606023153   ,64.6970461832682   ,0.00458141878216217,4.07944296284517   ,24.4435045200984   ,22.4124839253426   ,16057              ,nov                ,2001               
7.94240158408361   ,4.50951145969809   ,179.44665119632    ,-1.62337910095683  ,0.890278222659699  ,10.0212429559768   ,56.2823297961654   ,90.0718333789376   ,272.163537564321   ,280.050279875655   ,66.1388019943506   ,0.00399637696293194,3.80947709435976   ,23.8340198879094   ,20.8621568651582   ,16035              ,nov                ,2001               
12.4540239020951   ,2.43961460525087   ,196.080922618751   ,-1.89381273718236  ,1.01832336949771   ,16.3947607379091   ,50.8796737833517   ,87.4310388439178   ,270.312344797973   ,279.301324851747   ,74.1418966754784   ,0.00358914941833104,4.13041839233642   ,20.9104721851456   ,19.0118741427216   ,16049              ,nov                ,2001               
10.9146417708249   ,1.87768881954452   ,194.999300388771   ,-1.64080735258824  ,0.876880119013834  ,14.1041715188474   ,56.3129493094596   ,93.0089862119705   ,273.891668475418   ,282.288192626627   ,68.6787935491552   ,0.00461416213759495,3.66405456849173   ,21.2885777543148   ,20.3907227342779   ,16069              ,nov                ,2001               
10.5958177315113   ,1.45587033628596   ,186.176816513157   ,-1.44814683664872  ,0.842029344601449  ,14.185100348951    ,55.0708617262932   ,92.7345759152709   ,272.561258451604   ,281.528993948104   ,69.1657544650979   ,0.00433284009052518,3.16333567368754   ,21.3477421529365   ,20.1040962815613   ,16061              ,nov                ,2001               
1.29605804815945   ,4.73940423780181   ,169.651486796312   ,-1.72012924105542  ,0.245970504949366  ,0.309209854295924  ,73.4688834798679   ,98.6355115223323   ,267.507942306456   ,273.391728865593   ,47.795814455553    ,0.00309733540833441,3.96502179399603   ,32.3353480094418   ,25.798240848693    ,16055              ,dec                ,2001               
1.30785093659744   ,4.25670446661802   ,183.135103741106   ,-1.46711424054831  ,0.252644462920211  ,0.355877125760425  ,72.8937099532028   ,98.4890726439346   ,267.572449205989   ,273.213803275144   ,48.5069367354203   ,0.00312801858727569,4.38420742999402   ,31.6376636982905   ,25.4278330428596   ,16009              ,dec                ,2001               
1.63191211247786   ,3.65264304287732   ,187.143319885254   ,-1.50487702801824  ,0.29524960229996   ,0.504546731617127  ,70.2269191474915   ,99.3583412640889   ,267.502639022827   ,274.031468053182   ,50.489513639768    ,0.00316388907516375,3.93181901488701   ,30.4004439945221   ,25.0580897947947   ,16057              ,dec                ,2001               
1.82066954858672   ,5.26315673735463   ,191.766748378074   ,-1.29284592514688  ,0.367759008875472  ,0.763269136543944  ,67.2770670927772   ,95.311886121926    ,266.880095847347   ,273.370523557334   ,55.7672733338472   ,0.00289053462564366,3.81664963595627   ,31.2327782831199   ,24.3910165070983   ,16035              ,dec                ,2001               
4.16614843253097   ,3.42043531023132   ,212.749485185994   ,-1.79808572068959  ,0.469400141260899  ,4.04516833552704   ,61.1307044019109   ,94.3655716888313   ,264.067749302054   ,272.794846565267   ,62.3163108054087   ,0.00254479410639585,4.13909625902837   ,26.7368995740963   ,22.69586565638     ,16049              ,dec                ,2001               
6.98008375674978   ,1.72512096175907   ,195.893434961764   ,-1.28648030022807  ,0.445681851585653  ,6.3905099288134    ,64.5127401746318   ,96.6284054842862   ,268.928670163078   ,275.754063135375   ,55.201883984632    ,0.00322883664611677,3.559871422182     ,24.7887992517196   ,22.3200712634068   ,16069              ,dec                ,2001               
6.24761129166628   ,1.31417585514876   ,185.384038032973   ,-1.37346944026649  ,0.377841973291407  ,6.55760908033664   ,63.4657264557095   ,98.146440924232    ,267.334180254976   ,274.812310185708   ,55.5065633768549   ,0.0030665042273926 ,3.02900431195566   ,24.181671112628    ,22.5285688326707   ,16061              ,dec                ,2001               
