bi,pr,th,pdsi,pet,erc,rmin,rmax,tmmn,tmmx,srad,sph,vs,fm1000,fm100,countyfips,month,year
5.58578020553419    ,2.43659991690572    ,185.312804419222    ,3.52023334987206    ,0.453349216978022   ,4.52865479280338    ,67.9330564959977    ,90.8632000004424    ,267.439237634357    ,273.808063482267    ,52.860895293841     ,0.00286571186503325 ,3.35412553074223    ,26.2231766905709    ,21.759477015781     ,16055               ,jan                 ,2013                
6.03607418702563    ,2.57330588818643    ,185.282991848003    ,2.40595994969091    ,0.526094244891185   ,5.37814736204164    ,65.2418627912795    ,90.2260426555706    ,267.484480311566    ,274.075483647984    ,52.3218032158293    ,0.0028645945448273  ,3.83787849150124    ,25.7547522342986    ,21.4133259474173    ,16009               ,jan                 ,2013                
6.72943198510716    ,2.4043539041473     ,157.172612606172    ,1.63514371287078    ,0.524772109166989   ,6.20082780373542    ,64.3506752204895    ,91.2482791248445    ,267.654890053042    ,274.491785937894    ,52.908209795798     ,0.00290893002655432 ,3.31700338476127    ,25.444847509015     ,21.4680478365191    ,16057               ,jan                 ,2013                
5.73073132795176    ,4.38983715426862    ,177.374010924419    ,1.08843548877074    ,0.545210081284666   ,5.09904650804251    ,63.3204330172991    ,88.2560582551512    ,266.473551258159    ,273.522362853758    ,59.1628852424864    ,0.00272279799410619 ,3.5366532920222     ,26.869841717994     ,21.5446298498172    ,16035               ,jan                 ,2013                
8.41737823869337    ,3.30073598222835    ,214.298131896133    ,0.439761292837873   ,0.661050249225581   ,9.07832052620708    ,57.1306839003861    ,86.8723155564288    ,264.156194404924    ,273.185201997037    ,67.420236812843     ,0.00242824371223127 ,3.99027123639495    ,24.5537984658598    ,20.2933492446368    ,16049               ,jan                 ,2013                
10.9579120385291    ,1.56588762239771    ,176.822653102694    ,0.998085701034642   ,0.577735090017131   ,13.9991900005781    ,62.1810445908906    ,88.0331110520796    ,268.964067791749    ,275.456074884272    ,56.8992083223602    ,0.00296050835244903 ,3.00350515262945    ,21.4823507569217    ,19.588990724352     ,16069               ,jan                 ,2013                
9.88549632315507    ,1.58916024855378    ,148.91176081886     ,0.947893534574052   ,0.523665579565721   ,12.6990075710364    ,61.9608028236944    ,89.6768203614331    ,267.644788228998    ,274.700499650289    ,57.6663650656598    ,0.00286184974234865 ,2.60431989276609    ,21.9009163215045    ,20.0768477457169    ,16061               ,jan                 ,2013                
9.07812213203894    ,1.93016251388155    ,227.188250926857    ,2.81053075010394    ,0.830123223789225   ,8.42029223761015    ,59.8629905211792    ,92.2964913482038    ,269.422632265624    ,277.212524656265    ,82.5982608021462    ,0.00329953099625335 ,3.86981844551629    ,24.4249260673657    ,20.490813677203     ,16055               ,feb                 ,2013                
8.56930763071005    ,2.33749367207264    ,223.495520835999    ,1.88072425409182    ,0.895682561364803   ,7.13563505923259    ,57.9028424563694    ,93.3796470461512    ,269.155779666852    ,277.291124293891    ,82.4070204051994    ,0.00327181004529814 ,4.37681767639223    ,24.8879332574665    ,20.9020138314893    ,16009               ,feb                 ,2013                
9.10908434305872    ,2.08247830217438    ,218.979957709994    ,1.16528591932108    ,0.898303431240576   ,8.56236790411291    ,56.5078054550716    ,93.123304132734     ,269.367133903503    ,277.680546607971    ,82.0957886634554    ,0.00327183624995606 ,3.61338449482407    ,24.3402167344093    ,20.4188027909824    ,16057               ,feb                 ,2013                
5.77909729996771    ,2.92808560873245    ,213.012497887515    ,0.478231756279141   ,0.837348582699548   ,4.7518082108981     ,57.8849247075827    ,91.8033445088102    ,267.804761193591    ,275.96685730068     ,89.748266563139     ,0.00300288807188448 ,3.68140729897712    ,26.4681497830633    ,21.1137049581953    ,16035               ,feb                 ,2013                
8.87499332630215    ,2.05095108312933    ,240.394580150423    ,0.0938079161060235  ,0.910208310016803   ,9.01080318863506    ,53.5375619873669    ,92.2868635644451    ,264.776439400567    ,274.909904951414    ,99.5330646889657    ,0.00261580514794063 ,3.94297471348779    ,24.2227419349398    ,20.3619653318508    ,16049               ,feb                 ,2013                
13.0102112230861    ,1.09859098011672    ,214.145699357513    ,0.866261527154747   ,0.97369972433727    ,15.830317037412     ,55.0658930646636    ,89.1211138959146    ,270.382570002988    ,278.217132329394    ,93.2322575967671    ,0.00326317255848124 ,3.24959072146232    ,21.2651944375384    ,18.4577140090482    ,16069               ,feb                 ,2013                
9.94836091010039    ,1.1129902673065     ,196.884551220548    ,0.887067374026726   ,0.84190500096595    ,13.495509915045     ,56.6615086603897    ,91.4394589427511    ,268.939274870097    ,276.991067154489    ,88.7573052809399    ,0.00314343921934203 ,2.68466408306198    ,21.857568504678     ,19.2746890252709    ,16061               ,feb                 ,2013                
15.6463306654375    ,2.055878111131      ,208.084308844551    ,2.35141307279079    ,1.79837076780759    ,16.9072659084154    ,43.7519354051159    ,85.8065029910468    ,271.531963377253    ,282.445886463817    ,141.794205911065    ,0.0035931946301518  ,4.287023392851      ,22.4528773437058    ,17.0274571250765    ,16055               ,mar                 ,2013                
13.7516587283416    ,1.61776946311257    ,213.554338574978    ,1.46844137028499    ,1.86398346152418    ,15.9809236359067    ,42.773623976732     ,85.9597437240213    ,271.485185314804    ,282.626816398794    ,149.115695694881    ,0.00359910982218753 ,4.51396731295916    ,22.6156825779003    ,16.9728489422712    ,16009               ,mar                 ,2013                
13.4705333623578    ,1.28312916494185    ,209.602517290423    ,0.655823903721757   ,1.91997459721181    ,17.4668886158675    ,42.4551223081158    ,85.9398299524861    ,271.877585478752    ,283.20944161692     ,156.301014775307    ,0.00365921607851276 ,4.0506806993869     ,21.8624234205677    ,16.6669822529824    ,16057               ,mar                 ,2013                
8.8075503371125     ,2.81253289310045    ,209.603779812623    ,0.0229940602771719  ,1.83239393519248    ,10.3277217220097    ,43.441376055343     ,87.1463186475677    ,270.504505180625    ,281.381786032945    ,167.028309285962    ,0.00339477754595365 ,4.03331684102825    ,25.2573061102549    ,18.2105681331829    ,16035               ,mar                 ,2013                
11.6869754568074    ,2.12259475828305    ,-112.460566363644   ,-0.229179483117596  ,1.73946891592958    ,13.9697911214684    ,42.1979152787011    ,89.7794091420532    ,267.065031217925    ,279.359839237843    ,171.729916270372    ,0.00295867535028441 ,3.87939879278394    ,23.3098738433175    ,18.044238064709     ,16049               ,mar                 ,2013                
18.2761253122833    ,0.986301132606827   ,209.553579608469    ,0.299419776893448   ,2.07452600297279    ,24.8407294170516    ,40.6720374352319    ,83.999379586573     ,273.161381612096    ,284.201094533444    ,166.282092257781    ,0.00373932045650435 ,3.70802633269236    ,19.0382986544164    ,15.5702461988243    ,16069               ,mar                 ,2013                
14.7851366311574    ,1.1097104534193     ,202.618308880653    ,0.577090135394511   ,1.88438577133635    ,21.375126467613     ,42.0283882107553    ,85.9882857272606    ,271.765658027488    ,282.901802516562    ,164.711699044155    ,0.00359766623707922 ,3.21303483402847    ,20.1119148536098    ,16.3364745254232    ,16061               ,mar                 ,2013                
18.3760325544329    ,2.9940136350722     ,216.934027686727    ,2.0999120468956     ,2.54415012504829    ,20.8690907216775    ,42.7621204234936    ,85.1487363796993    ,272.324408674829    ,284.139731626157    ,185.266298603325    ,0.00380981957438671 ,5.25852342584006    ,20.3736678182343    ,16.1259730895033    ,16055               ,apr                 ,2013                
16.6201437130012    ,2.97941916256967    ,229.408860522991    ,1.19008838582997    ,2.54257683061519    ,19.7488427035498    ,43.1483744002423    ,86.1096497018427    ,271.940072752221    ,284.11988035424     ,186.1348461896      ,0.00380934788558459 ,5.41762075203175    ,20.6017318977642    ,16.3504984364707    ,16009               ,apr                 ,2013                
15.1628323520025    ,2.72460744885107    ,238.905879660288    ,0.301918953576436   ,2.51405383181572    ,20.3123805497885    ,44.1663442007701    ,87.1079048735301    ,272.387420969645    ,284.530877421061    ,190.710370376587    ,0.00393330658374665 ,4.4505324875315     ,20.1674555622737    ,16.3395015379588    ,16057               ,apr                 ,2013                
10.1401221840545    ,4.05045771842233    ,235.054373952316    ,-0.00190166497427164,2.4027408738343     ,13.638203054593     ,44.689940200346     ,87.7280114564365    ,271.124843423748    ,282.573985428168    ,202.53481589943     ,0.00368248682179609 ,4.56562433435179    ,22.9865780299444    ,17.3756708138757    ,16035               ,apr                 ,2013                
13.9510196276464    ,2.97574857822122    ,250.514321536291    ,-0.271649146783416  ,2.37019430532161    ,17.7132367095074    ,42.2462472986138    ,90.0734806356245    ,268.732333715861    ,281.242223233142    ,209.104700193816    ,0.00336712167930417 ,4.52021945653894    ,21.3541275707752    ,16.9615516993495    ,16049               ,apr                 ,2013                
18.6877871505717    ,1.86183126592434    ,258.041159846396    ,-0.0350955384374644 ,2.71662052355561    ,26.1848791958814    ,42.2480872858017    ,84.5358664045147    ,274.132494064576    ,285.809968327541    ,194.920312831831    ,0.00411133199121717 ,4.06872320979462    ,18.1350384894114    ,15.180159330963     ,16069               ,apr                 ,2013                
14.6931511143351    ,2.06414989984643    ,252.092696172541    ,0.291620410390945   ,2.47302308246781    ,22.143012022381     ,44.463048480956     ,87.8219313240577    ,272.662334780522    ,284.365374137941    ,194.693708991479    ,0.00401532375673858 ,3.54954154103912    ,19.257816231415     ,16.1537052011358    ,16061               ,apr                 ,2013                
23.4869213256167    ,2.18825378710968    ,220.636139958183    ,1.75674473454432    ,4.3065986646752     ,34.9183605383485    ,33.9536209129233    ,75.7377882293697    ,278.009353267012    ,292.618614400349    ,264.259011419902    ,0.00509930255526861 ,3.73586733982444    ,16.0195985043585    ,12.379537129994     ,16055               ,may                 ,2013                
21.0374608153627    ,1.56072058467652    ,232.477478440924    ,0.636234355572413   ,4.38521480321384    ,34.3725803425849    ,33.2424507792794    ,77.3275340517688    ,277.244613679499    ,292.793744254144    ,272.171525946827    ,0.00502567946148948 ,3.72163850557124    ,15.8230443447686    ,12.4096921210663    ,16009               ,may                 ,2013                
19.4248829174042    ,1.15453461091365    ,243.38256086411     ,-0.355916543714702  ,4.28513746519243    ,34.9759426353824    ,35.2840011409021    ,79.1106266630849    ,277.479244857296    ,292.88569339383     ,279.036130604898    ,0.0052320103223     ,3.14050743843279    ,15.4431308361792    ,12.4676342938792    ,16057               ,may                 ,2013                
17.7584431654823    ,1.89362847788662    ,239.801821343612    ,-0.277841569242803  ,4.13729859261837    ,30.4320206712068    ,33.285249084598     ,77.4985916377301    ,276.385903115017    ,291.096084817422    ,275.922574033713    ,0.00472180080079227 ,3.15522107156962    ,17.4721868698491    ,12.6684585877755    ,16035               ,may                 ,2013                
18.3625390557062    ,1.95872821925657    ,235.54329012904     ,-0.746064684475541  ,4.01145187727245    ,31.5006500684488    ,31.9973848055665    ,78.9831774935794    ,274.455378004124    ,289.473943375943    ,272.583342019672    ,0.00436641146964791 ,3.26917616159594    ,16.8843348585393    ,12.9082205935816    ,16049               ,may                 ,2013                
23.7820323608817    ,1.06655536658068    ,249.865656755496    ,-0.691590453280591  ,4.42005082346436    ,40.8992929442167    ,33.1549562354201    ,73.8472859650948    ,279.110811589853    ,293.674194986088    ,276.54793810355     ,0.00522968610804477 ,2.88510545540703    ,14.2081023535071    ,11.3720479820933    ,16069               ,may                 ,2013                
17.50582761823      ,1.29489547827027    ,246.501118508697    ,-0.490149770393844  ,4.11070681784637    ,35.1952955064949    ,35.0733128992344    ,76.580998864882     ,277.722206666927    ,292.121074744651    ,274.023214449535    ,0.00509746847085191 ,2.56216111560721    ,15.4144357633222    ,12.2305135726293    ,16061               ,may                 ,2013                
25.8847013515373    ,3.04608983453491    ,222.458593291608    ,1.34908347036204    ,4.81327757186196    ,37.411481917346     ,34.5235342794976    ,75.5273786903245    ,281.217402680322    ,296.12353664236     ,261.432025672902    ,0.00645215222925019 ,3.56421194349624    ,15.5451814374152    ,11.9501318927001    ,16055               ,jun                 ,2013                
29.0102148985251    ,2.29272646136303    ,221.971945682503    ,-0.48589664063815   ,4.89705929857269    ,39.0575319480144    ,33.6331094975067    ,77.5133099399845    ,280.509614921133    ,296.503682376177    ,263.699112409483    ,0.00641402437409507 ,3.61854954287851    ,15.2364329556271    ,11.900156024504     ,16009               ,jun                 ,2013                
26.5906151800156    ,2.03645470952491    ,230.365823338826    ,-1.29272842677931   ,4.86915901639064    ,38.6496243055661    ,35.8861499818166    ,80.2856720256805    ,280.885416641235    ,296.757512929281    ,279.333642807007    ,0.00679465120805738 ,3.13265987149874    ,15.0925135901769    ,12.40389559261      ,16057               ,jun                 ,2013                
23.8162908480821    ,2.51477224524064    ,239.029414089168    ,-0.969289075463769  ,4.73223691300828    ,36.4112393219258    ,33.8827053256233    ,73.4644618565974    ,280.432231490691    ,295.498687219385    ,266.209735191297    ,0.00618579798546069 ,3.13201703562797    ,16.0170877477499    ,11.9369275450622    ,16035               ,jun                 ,2013                
21.6824179545904    ,2.27489294187243    ,244.813197439759    ,-1.32105957355266   ,4.83066380147311    ,34.2503174266938    ,31.9283127452839    ,76.6369906618673    ,278.592541364439    ,294.658081224335    ,281.955978636272    ,0.00595362883595086 ,3.23632003025241    ,16.5681859829812    ,12.3209049022275    ,16049               ,jun                 ,2013                
29.093503037451     ,1.91300645402621    ,234.239247134068    ,-1.39218126269931   ,5.18755042433951    ,44.6431034086435    ,32.7465763224637    ,70.3870822019118    ,283.038338493578    ,297.79891948734     ,285.775491577801    ,0.00665827486020764 ,2.94399477975466    ,13.7681234294293    ,11.0134706699912    ,16069               ,jun                 ,2013                
24.1324072299253    ,2.0155551289806     ,237.246380091896    ,-1.32892739608597   ,4.831303945389      ,39.2648761100349    ,35.0388406601162    ,74.7216546187388    ,281.448538729245    ,296.291055159135    ,284.548751330835    ,0.00658713115511344 ,2.62895524030546    ,15.0048603779028    ,11.9041514254799    ,16061               ,jun                 ,2013                
42.72092466305      ,1.6445449487267     ,237.874277191587    ,1.24271257385223    ,6.3464741336861     ,58.755107228917     ,22.3406854030954    ,58.0845514745901    ,283.775605094745    ,301.835141754049    ,320.263301586545    ,0.0059723746484079  ,3.23458985232838    ,11.6963926704221    ,7.7498351693011     ,16055               ,jul                 ,2013                
43.8043894719522    ,1.2830049571565     ,236.500422982137    ,-0.798830575087425  ,6.51190162569677    ,58.9947204979396    ,20.3963594280097    ,59.2616589206347    ,282.664096786403    ,302.471697721938    ,320.837691037476    ,0.00565431558628024 ,3.34959287986111    ,11.6964892887801    ,7.76875084751229    ,16009               ,jul                 ,2013                
42.8849666349349    ,0.591499359362548   ,249.530865770155    ,-1.41028996566931   ,6.54174565957439    ,59.8990617207558    ,18.6164802387068    ,57.8578524586462    ,283.005199988581    ,303.388281299222    ,325.365779020248    ,0.00541032256804512 ,3.01496270387403    ,11.7222740137962    ,7.56508794126972    ,16057               ,jul                 ,2013                
41.0618757056579    ,0.640207133984481   ,245.170780724314    ,-1.22567390268531   ,6.16473282747718    ,59.5567174326274    ,22.0014800139065    ,53.9061461971392    ,282.775010509136    ,301.143820029964    ,325.308072121173    ,0.00548762580800743 ,2.86762782175853    ,11.6325257762201    ,7.37323706415741    ,16035               ,jul                 ,2013                
40.1084112236841    ,0.638936595237692   ,252.702156390788    ,-1.65989522976278   ,5.9633081969276     ,57.4407717439467    ,21.2156700747985    ,59.5004217674096    ,280.982735168244    ,300.095497650775    ,318.36498196196     ,0.00549944876473123 ,2.84845921791783    ,11.9970473583695    ,7.96329801449527    ,16049               ,jul                 ,2013                
47.9862676090427    ,0.400097926706204   ,247.43549406148     ,-1.40108424591551   ,6.73763133658198    ,68.5071721059692    ,15.8330968984226    ,45.7579528079971    ,285.817648926624    ,304.496824718908    ,323.979401778451    ,0.00493162811622086 ,2.80652805558768    ,10.2174425975648    ,6.04635375609619    ,16069               ,jul                 ,2013                
42.0878773142388    ,0.394671459733185   ,243.570196883452    ,-1.46265674359871   ,6.19567428716371    ,62.9972709181848    ,18.2422581938101    ,51.9151529211961    ,283.81198642032     ,302.748097854244    ,325.658463732588    ,0.00516407357497025 ,2.42315677368492    ,11.2357292528694    ,6.89540182466794    ,16061               ,jul                 ,2013                
37.6677672615188    ,0.582448034465796   ,221.890220675512    ,1.18242597184112    ,5.42899937878468    ,55.8121061807417    ,24.0794865539725    ,70.7143144459423    ,284.929886814261    ,302.467047781104    ,258.897096182964    ,0.00713141703985352 ,3.12940535535221    ,10.9023656029792    ,9.92915077594335    ,16055               ,aug                 ,2013                
41.0732264219292    ,0.522507671335768   ,243.143819677532    ,-0.953766225699402  ,5.55416374457749    ,56.9185390130189    ,22.2364013940921    ,74.9176524417686    ,283.651883172816    ,303.092797663995    ,259.609476539829    ,0.00697721574121475 ,3.2136375997603     ,10.7766106935557    ,10.2276038694846    ,16009               ,aug                 ,2013                
37.9058731186774    ,0.535131560751507   ,253.117377357483    ,-1.69382612258196   ,5.4379799709397     ,55.5020388553989    ,22.7919296123135    ,80.4654053257358    ,283.802650589481    ,303.35667269799     ,259.39029276571     ,0.00745364243243521 ,3.02537036790002    ,10.7591063715566    ,11.0187832478554    ,16057               ,aug                 ,2013                
38.8967419755513    ,0.58631911138871    ,246.593084398155    ,-1.62104945498833   ,5.24999392431803    ,60.0009337417882    ,23.4249167009484    ,65.9519102158605    ,283.876022917459    ,301.659189026133    ,257.478587010804    ,0.00660437491353001 ,2.85748619364333    ,10.0714167690713    ,9.30098724887176    ,16035               ,aug                 ,2013                
39.4609079360385    ,0.447391728004588   ,225.973173023843    ,-2.02787618770615   ,5.19294389297595    ,60.9975720768921    ,21.7744964420494    ,66.0976888447131    ,281.925943515636    ,300.547871096001    ,256.085797381299    ,0.00609995154350358 ,2.93734064956605    ,9.93862089450541    ,9.02966523645569    ,16049               ,aug                 ,2013                
45.1521002647896    ,0.295159859946828   ,235.880320159612    ,-1.67608754661552   ,5.70249487439867    ,68.7656464822666    ,19.5504010690581    ,65.1759725581865    ,286.807018736056    ,304.56873686486     ,257.716724954434    ,0.00692523632584387 ,2.83037685811242    ,8.4741816033325     ,8.26833743491378    ,16069               ,aug                 ,2013                
39.009228796617     ,0.383707495287589   ,235.852597164682    ,-1.80259208311391   ,5.27867972243789    ,62.8417721577753    ,20.7738333101814    ,70.6504511908193    ,284.82247275157     ,303.228135509893    ,257.981833514643    ,0.00689340056752192 ,2.52820992930607    ,9.45978447558943    ,9.25488721463115    ,16061               ,aug                 ,2013                
17.6980109265802    ,3.6557425467116     ,202.645182740639    ,1.36801211611561    ,3.00480947577904    ,30.6923080808423    ,41.7659729324414    ,89.1505586328493    ,280.495967790685    ,294.041239692677    ,156.945568044948    ,0.00714341237108173 ,4.44758195397949    ,15.4445003895439    ,16.6062781934385    ,16055               ,sep                 ,2013                
18.6790334020611    ,3.33970372123126    ,197.258506935917    ,-0.6729710910743    ,3.07645537418256    ,31.056543455727     ,39.6244759405388    ,90.3296323764959    ,279.438644096179    ,294.306607651569    ,157.056247098723    ,0.00695245380580418 ,4.57757931200005    ,15.4306165283248    ,16.5928778871277    ,16009               ,sep                 ,2013                
16.2646995328267    ,2.79859254651765    ,193.162481140137    ,-1.52748353580634   ,2.91724458599587    ,28.5538042398741    ,42.0112299930255    ,92.8009899787903    ,279.404872075399    ,294.484495524089    ,157.557900678635    ,0.00741272617162516 ,3.9694051382343     ,15.9473601573308    ,17.1591403230826    ,16057               ,sep                 ,2013                
18.7162473591891    ,3.90870249813043    ,-827.196079333724   ,-1.59410866336809   ,2.85540674588183    ,32.9594304107723    ,43.7197093714619    ,86.9600487181467    ,279.443144004558    ,292.472777706305    ,157.924336566616    ,0.0068197205682253  ,3.77779564555469    ,14.745824890997     ,16.2580869431391    ,16035               ,sep                 ,2013                
17.4544027814363    ,3.91854215322243    ,-144.707176262345   ,-1.93754092820009   ,2.89880852693075    ,32.9047023067661    ,41.106250787094     ,86.2659553301079    ,277.663748463447    ,291.322841833791    ,163.892353000677    ,0.0062490805265249  ,3.80304981042464    ,14.6564122472831    ,16.0702195608043    ,16049               ,sep                 ,2013                
21.6239769369523    ,2.57981593491453    ,199.279878158705    ,-1.49584544563513   ,3.23935186734918    ,38.3670697522036    ,38.6345784396411    ,85.9975551105438    ,282.177455424752    ,295.496037646071    ,158.715743528968    ,0.00721237969961608 ,3.59578225954756    ,13.3239644797728    ,15.1923136989063    ,16069               ,sep                 ,2013                
18.5160332414401    ,2.71348046418228    ,189.701638287421    ,-1.68644980195468   ,2.90739892009369    ,34.2513842888115    ,40.8323605216896    ,89.2751942159059    ,280.282376233146    ,294.222350985945    ,158.098919906826    ,0.00717619097299012 ,3.12862009276372    ,14.3451806700262    ,16.1040409874982    ,16061               ,sep                 ,2013                
19.265297191513     ,0.77145067741161    ,-1945.18699766012   ,2.08108413517884    ,1.55130846804156    ,23.613671796407     ,38.8041554546825    ,88.9865850101472    ,273.364853830969    ,285.401803074772    ,117.498325814293    ,0.00413624398145685 ,3.24201573878349    ,19.4712764446786    ,16.767381511234     ,16055               ,oct                 ,2013                
20.4435898223254    ,0.638703643041249   ,-814.759253944416   ,0.41171976800501    ,1.54787910964157    ,23.7599041711786    ,38.0822681598842    ,91.058428357134     ,272.695131485734    ,285.505940349395    ,118.652943359392    ,0.00411090688089058 ,3.23138842474165    ,19.5928245285218    ,17.0869284853905    ,16009               ,oct                 ,2013                
18.3159303368292    ,0.49124130988794    ,222.340205406681    ,-0.705686283533772  ,1.46652953485327    ,22.0482254118304    ,39.9496840246262    ,93.7918986941922    ,272.743024104949    ,285.706946322533    ,122.954907156421    ,0.00432611233291907 ,2.78031431974903    ,19.9642590322802    ,17.8619108226222    ,16057               ,oct                 ,2013                
18.1144450963019    ,0.805588693860599   ,217.474486657154    ,-0.819427491673035  ,1.42863190538832    ,22.5258616236753    ,41.8084653114741    ,90.179076054473     ,272.373101813093    ,283.864751181401    ,124.202223763918    ,0.00401012282373632 ,2.888831048336      ,19.7729273496054    ,17.2085316729629    ,16035               ,oct                 ,2013                
18.8566833221968    ,0.705112968943274   ,227.645648533178    ,-0.794391998128049  ,1.47504847242551    ,23.5166317375232    ,40.9034447330449    ,91.3710645251501    ,270.619954214741    ,282.952783050141    ,134.683076019004    ,0.00378658023669583 ,3.0181355845241     ,19.3356463203708    ,17.2989336993178    ,16049               ,oct                 ,2013                
23.2618302288026    ,0.284929525606464   ,225.330565061202    ,-0.382309044719592  ,1.6198628196094     ,30.2034126899151    ,36.7675298135898    ,88.123130715755     ,274.835225030104    ,286.756209792814    ,127.177824109222    ,0.00428905782302816 ,2.52444173361446    ,17.3281679441338    ,15.9053802714793    ,16069               ,oct                 ,2013                
19.3154963071554    ,0.238605624491359   ,210.446372906515    ,-0.732894949183976  ,1.46752072101242    ,26.7026305971575    ,38.2097124669495    ,90.3766030871178    ,273.49381020774     ,285.720015665907    ,127.010515852186    ,0.00422841173266956 ,2.25175742272281    ,18.2729244533458    ,16.5931115188588    ,16061               ,oct                 ,2013                
8.99580644761584    ,4.45672766817287    ,182.979550936978    ,1.70105557611777    ,0.522512020432328   ,10.6282316784754    ,64.7604833003752    ,89.2539130641273    ,270.345229721593    ,276.809645086846    ,56.355136105782     ,0.0035906493234696  ,3.78287528194027    ,22.6207964830438    ,20.6213738717496    ,16055               ,nov                 ,2013                
8.80699696625478    ,4.18072780378354    ,188.17620940801     ,0.141836725529449   ,0.552257506783016   ,10.7371630502407    ,63.3035142006959    ,89.739957695835     ,270.055077577249    ,276.875956560545    ,58.4798505598742    ,0.00359059369884509 ,4.21040154841289    ,22.4985101150573    ,20.6339041935622    ,16009               ,nov                 ,2013                
9.22872316718101    ,3.72145690161486    ,169.46670128123     ,-0.930691791286711  ,0.598632115060464   ,10.9399062455843    ,61.2929762395223    ,90.9514692141215    ,270.290398173014    ,277.73963398234     ,64.3442040843964    ,0.0036938943467685  ,3.63083695708712    ,22.6513083559672    ,20.7559696596464    ,16057               ,nov                 ,2013                
6.99214211878346    ,6.1006190508352     ,181.263838248223    ,-0.940928936139882  ,0.583319461341997   ,8.53124606069727    ,62.2825448225047    ,87.526853378597     ,269.567154496282    ,276.561187702203    ,63.774174769417     ,0.00343654156008498 ,3.52701750244365    ,24.0455990058759    ,20.9332300126679    ,16035               ,nov                 ,2013                
9.84755592441375    ,3.95679845319901    ,199.979447820736    ,-0.863987662949873  ,0.693206793270647   ,12.7238848279875    ,57.4387103269578    ,87.8641935853245    ,267.737436111009    ,276.407057847566    ,72.4029144385793    ,0.00320052234892228 ,3.84123869952301    ,22.1158531946861    ,19.9860296459762    ,16049               ,nov                 ,2013                
13.3077436685137    ,2.32425555238855    ,175.197304522672    ,-0.692371752524812  ,0.775282755642864   ,19.1880412924948    ,55.5622306352843    ,87.1658333164698    ,271.676287572524    ,279.352754200546    ,68.4515129194753    ,0.00370613475797703 ,3.27610712798309    ,19.3491089050783    ,18.5179270119591    ,16069               ,nov                 ,2013                
11.1773466064253    ,2.2686956218041     ,147.498831199877    ,-1.06792575545794   ,0.67505256046872    ,17.1617537187807    ,56.222239888404     ,88.97360590785      ,270.297925418402    ,278.321038540927    ,68.6432400545798    ,0.00356029517669295 ,2.82219132116018    ,19.9666235364173    ,19.0612921080313    ,16061               ,nov                 ,2013                
9.38633813138525    ,1.32806374518755    ,196.268062773653    ,1.05462937930852    ,0.307644774659336   ,8.25536913739081    ,74.9760101825939    ,90.2539415288854    ,266.457590255423    ,271.533930360143    ,42.6486410101745    ,0.00285163182797663 ,3.73814402125336    ,23.1235161254108    ,21.5670435986565    ,16055               ,dec                 ,2013                
8.38473543636427    ,1.36874017274591    ,201.742449912047    ,-0.564449880558711  ,0.331358695899755   ,7.48246490171533    ,74.4264134875416    ,91.4106039585211    ,266.063646913186    ,271.362903247359    ,43.5269814854308    ,0.00284283789153958 ,4.15454498512975    ,23.3229139681634    ,21.8708589181392    ,16009               ,dec                 ,2013                
7.17209125422438    ,1.45919368190567    ,166.446606105804    ,-1.29647047817707   ,0.308803765480126   ,6.60930450840798    ,73.4706952533722    ,92.2592156550089    ,266.192814369202    ,271.971308807373    ,47.0393010082245    ,0.00287898516889739 ,3.23160378883282    ,23.9466508344014    ,22.1633657821019    ,16057               ,dec                 ,2013                
5.37282210866106    ,2.43051028061052    ,185.720671090683    ,-1.16088264326055   ,0.315911764631169   ,4.68263308358276    ,73.0233402668884    ,91.2911980191446    ,264.644212896174    ,270.773017717702    ,50.8176350594911    ,0.00272477019452574 ,3.55773043227582    ,25.2065762037959    ,22.6711941195509    ,16035               ,dec                 ,2013                
6.43919558599545    ,2.20170708095316    ,218.061672736157    ,-1.05015626621115   ,0.395629938258212   ,6.6004684875646     ,66.6187491768577    ,91.6849794301643    ,262.06870406701     ,270.451870119157    ,55.6934313200078    ,0.00246455511658558 ,3.87051219508074    ,24.1134103727569    ,22.2244931710057    ,16049               ,dec                 ,2013                
10.1630240972879    ,0.905809200365169   ,173.794005921988    ,-1.03774415404613   ,0.354456954747811   ,11.9310195831463    ,70.516366667926     ,88.9304100332413    ,267.414193862942    ,273.241371127586    ,51.5059730405688    ,0.00289986518871246 ,2.929860598327      ,21.6571118664189    ,20.5421398850473    ,16069               ,dec                 ,2013                
8.48769429467269    ,0.875031768331515   ,142.560204317287    ,-1.25952424441487   ,0.310533588062638   ,10.1338722570938    ,70.9739920713356    ,91.2884674224643    ,265.773177701251    ,272.156226943675    ,51.0178313357771    ,0.00278426337517835 ,2.53504380907237    ,22.1797886467505    ,21.2627845627546    ,16061               ,dec                 ,2013                
