bi,pr,th,pdsi,pet,erc,rmin,rmax,tmmn,tmmx,srad,sph,vs,fm1000,fm100,countyfips,month,year
5.86073817945765   ,2.79723661240711   ,181.362864782923   ,1.20622416635763   ,0.498763451538411  ,5.35741885857139   ,63.6763574718464   ,90.4270223893287   ,265.858618293295   ,272.880628866613   ,54.7212578099862   ,0.00253394289981595,3.75165046388119   ,26.7764463127174   ,20.9779293378574   ,16055              ,jan                ,2007               
5.02381150845469   ,3.16974651755484   ,187.433820244283   ,1.43807777071544   ,0.490663403536009  ,3.58865973110463   ,63.4597539280999   ,94.7972682735169   ,264.910645003081   ,272.670645005877   ,55.3611521206641   ,0.00252864048859372,4.18270544658569   ,28.0932071738217   ,22.4508343125191   ,16009              ,jan                ,2007               
5.15495060205339   ,2.78400400254034   ,188.233079970037   ,1.54874185204506   ,0.494230804604388  ,3.72975730834018   ,62.3674361001292   ,96.1431541516704   ,264.939942498976   ,273.101782576038   ,57.0059107100579   ,0.00255299966617097,3.58725638612624   ,27.9633105379535   ,22.5409057715631   ,16057              ,jan                ,2007               
4.81443975249795   ,3.53825814638564   ,194.063372077777   ,1.04748130047601   ,0.575788013278332  ,5.11499710759436   ,59.5932283576445   ,87.7704859691111   ,264.440005185033   ,272.68690038568    ,62.1440512608321   ,0.00238383473942969,3.72532669593276   ,27.2495552360999   ,20.3410448390303   ,16035              ,jan                ,2007               
10.0938894172514   ,2.20381490245682   ,218.955878720086   ,0.191923700168469  ,0.772104245288322  ,13.0404592384592   ,47.6779721375497   ,83.5636388353606   ,261.794782530906   ,272.922997580912   ,71.4326455818649   ,0.00198110463467695,3.99615803715641   ,23.6354010942872   ,17.902120911432    ,16049              ,jan                ,2007               
11.6946317680372   ,1.15593786948155   ,200.487186867956   ,-0.390928943473813 ,0.650307841732653  ,15.4267345692345   ,56.5362088859996   ,86.9945108217269   ,266.927551441939   ,274.704388628833   ,60.4836591539947   ,0.00256872819521923,3.20582507526297   ,21.7268467413386   ,18.2608035697759   ,16069              ,jan                ,2007               
10.1518603744656   ,0.937544391131249  ,182.369633495156   ,-0.969802555466486 ,0.546914185231223  ,12.5617102070515   ,57.5771757037886   ,91.758727464953    ,265.090103503324   ,273.375125283974   ,61.6195810437997   ,0.00244197547168542,2.79300830965518   ,22.572045445474    ,19.7739140571069   ,16061              ,jan                ,2007               
4.19307532495677   ,3.44076455874628   ,184.925882329386   ,0.764443985484183  ,0.817424231245544  ,4.42401265751391   ,63.6408658002419   ,96.8992955590752   ,270.88969771684    ,277.151909219875   ,81.2596576543222   ,0.00358332764870076,3.9330913422915    ,25.2388803637918   ,22.4340796776199   ,16055              ,feb                ,2007               
4.39566980448684   ,3.50902548727098   ,197.694578859228   ,1.1063237595326    ,0.846945213779039  ,3.56520922594645   ,62.0857710455397   ,98.4858600990508   ,270.334411240591   ,277.278993382458   ,82.9945069588752   ,0.00357866521926899,4.36428580600028   ,26.016770227421    ,22.8419187800519   ,16009              ,feb                ,2007               
4.74087807800089   ,3.10731278838324   ,190.108704566956   ,1.2568386649092    ,0.876574562793331  ,3.93721136040017   ,61.0087551477977   ,98.9356941155025   ,270.596981152126   ,278.085856208801   ,82.3499466497558   ,0.00366893971130984,3.75415585418897   ,25.8658589645794   ,22.7503832902227   ,16057              ,feb                ,2007               
3.8029913650621    ,4.79439702254589   ,196.634294065742   ,0.439504232785288  ,0.938581762120366  ,4.56298677873396   ,59.1936724849138   ,95.1745607735563   ,270.009972070287   ,277.343429555061   ,93.8927868830405   ,0.00345366126536334,3.84687376976895   ,25.6689745088028   ,22.1722736365123   ,16035              ,feb                ,2007               
5.09237436653284   ,3.51062977995497   ,223.094408220778   ,-0.433577640025442 ,1.07269902321605   ,9.5439810258466    ,52.9546042189203   ,93.4123424445954   ,267.820330854082   ,276.882858037757   ,99.1951056772118   ,0.00309435823318339,4.1865730322083    ,22.8692028702257   ,20.7907229800648   ,16049              ,feb                ,2007               
7.69596915051709   ,1.83805282791611   ,194.339930905196   ,-0.523662263686883 ,1.04484543055467   ,12.4923848994075   ,57.1069015702553   ,93.9496177311978   ,272.214390727743   ,279.508825393922   ,90.1581432067137   ,0.00373613702740187,3.37357566901251   ,21.4513043586856   ,20.1165607254226   ,16069              ,feb                ,2007               
6.24693634208878   ,1.7662333005285    ,181.202503100759   ,-1.06722791185064  ,0.917833337975928  ,9.80165810832273   ,58.5084315050028   ,96.4869461791434   ,270.703190462367   ,278.396480943124   ,87.2734408232228   ,0.00362240026077259,2.92911065316186   ,22.4921552822469   ,21.0633968541304   ,16061              ,feb                ,2007               
9.36873172387171   ,2.55077740682575   ,206.114208620984   ,0.699816139334362  ,1.86821144934782   ,10.334315982841    ,46.7541145801734   ,90.3320300609771   ,273.147763240991   ,283.13962122974    ,136.506986103288   ,0.00404613365758394,4.48849016938348   ,24.5302469204673   ,18.4014568352911   ,16055              ,mar                ,2007               
9.28695862261249   ,2.39160070971215   ,212.197173376169   ,1.00732048294111   ,1.93390984709515   ,9.45930975566576   ,46.2696947992292   ,92.0202212573053   ,272.604884558858   ,283.347075414102   ,142.889877068129   ,0.00404373856128847,4.75872819112853   ,24.8965812030697   ,18.7617698741519   ,16009              ,mar                ,2007               
9.5597401125346    ,1.99217173506656   ,207.084377446328   ,1.07588232791672   ,1.98650788087037   ,11.1152253387442   ,46.1688764695198   ,92.0785555679567   ,273.01942557058    ,284.369249602287   ,146.303144745981   ,0.00418762996402239,4.07037539849358   ,24.1306204900434   ,18.4126369260973   ,16057              ,mar                ,2007               
7.357178945579     ,3.08171101392925   ,205.658127710389   ,0.331560659115078  ,2.00819294212468   ,9.31607521946566   ,43.6835022184685   ,89.404127042404    ,272.45911398157    ,283.108751478197   ,155.73046698925    ,0.00386911427065247,3.94595238781232   ,25.0319910619835   ,18.1777715790299   ,16035              ,mar                ,2007               
10.9921006418594   ,2.09597808369131   ,217.350790351331   ,-0.545929692709718 ,2.14282091997968   ,16.7905934959517   ,39.1052592703472   ,85.3360724450215   ,270.610330869164   ,282.764676185001   ,165.116984609541   ,0.00346796154022919,3.83044606189014   ,22.0054046597194   ,16.3542769644051   ,16049              ,mar                ,2007               
13.7543859276321   ,1.40402233534555   ,210.169616564977   ,-0.583385886933236 ,2.21976917886993   ,22.0971742623507   ,43.5650636700283   ,84.0171863713181   ,275.163767508151   ,285.864128748466   ,151.904198363092   ,0.0042797598489945 ,3.56259506225216   ,19.5349143406472   ,15.5433808003949   ,16069              ,mar                ,2007               
12.9802409120412   ,1.54023393150791   ,199.425729945322   ,-1.02252770348685  ,2.00289113539532   ,19.5405287193445   ,43.9973142487117   ,87.9116935902867   ,273.594783106666   ,284.725119077946   ,148.723190600508   ,0.00413728841680138,3.08587144116216   ,20.5518463971741   ,16.5471837741157   ,16061              ,mar                ,2007               
22.3929235234567   ,0.987512829433743  ,199.609465014297   ,0.37285341934872   ,2.980174880623     ,28.1023004305543   ,37.1286295646176   ,78.0709339408718   ,274.12434725454    ,286.462361934123   ,191.31329820735    ,0.00397315350005375,4.34622571425837   ,18.6328755402271   ,12.8901591446174   ,16055              ,apr                ,2007               
20.4527858780633   ,1.14954567099582   ,210.083091615455   ,0.554927452245114  ,2.97766769376732   ,25.9195248869044   ,37.6081755086985   ,80.7330969831177   ,273.586879463873   ,286.531015116976   ,194.513187835814   ,0.0039924021392392 ,4.36304344282113   ,19.2709130356768   ,13.6108831482761   ,16009              ,apr                ,2007               
17.4936196277433   ,1.2472723368307    ,223.935469456991   ,0.521662776836505  ,2.99264032900333   ,24.7186679674784   ,39.0598446038564   ,82.8965546023051   ,274.005189631144   ,287.129392771403   ,204.31858257548    ,0.00420474268744389,3.84585324424505   ,19.3640612125397   ,14.213347664992    ,16057              ,apr                ,2007               
12.9307093251385   ,1.94759479979653   ,222.860208972152   ,-0.274385555607278 ,2.95575232725483   ,21.4764065334879   ,38.5050745155544   ,80.9703659237733   ,273.492197849954   ,285.714190087779   ,216.108331574648   ,0.00401604592184345,3.78290251168758   ,20.3991749440893   ,14.4402301931818   ,16035              ,apr                ,2007               
13.6792783218141   ,1.9752984772098    ,231.731133212469   ,-1.02123096250306  ,2.94385662870732   ,23.0501738253495   ,37.668552084126    ,84.1217227822216   ,271.850803728995   ,284.892332751409   ,223.40889728458    ,0.00385016274833154,3.7343757326246    ,19.5080333532404   ,14.9667300541203   ,16049              ,apr                ,2007               
20.8978312295358   ,1.11888549904772   ,230.436928449468   ,-0.901871853842983 ,3.17877785291476   ,32.1192351852934   ,37.4220018714932   ,77.1666137178526   ,276.111530702424   ,288.319201382724   ,206.943525555045   ,0.00441835200276687,3.52653929460495   ,16.7294968265051   ,12.8514884924931   ,16069              ,apr                ,2007               
15.9041084610438   ,1.32604053683025   ,225.116214499559   ,-1.21339608280158  ,2.89164364436441   ,27.0899658369952   ,39.7760710632177   ,80.9033825467112   ,274.733694575706   ,286.885619465641   ,204.099796021937   ,0.00433164439959446,3.06851224646424   ,18.0979406496053   ,13.9928097487153   ,16061              ,apr                ,2007               
20.5988730791391   ,1.32690599224853   ,201.085208164598   ,-0.912314794988299 ,4.3549927596661    ,37.2607640203498   ,36.0336792238297   ,74.2430716914262   ,277.871386249623   ,292.2562994593     ,273.344548274903   ,0.00503779328640856,3.7338600814477    ,14.7602886842824   ,11.9875617620402   ,16055              ,may                ,2007               
20.2502276770094   ,1.24092980351788   ,201.629915968485   ,-0.947758374335263 ,4.4576774467651    ,36.2994175856522   ,35.3106777597461   ,77.5810404284398   ,276.994508682487   ,292.648508024207   ,281.9106766682     ,0.00502633180468919,3.77476667945998   ,15.1676010139845   ,12.2108161598245   ,16009              ,may                ,2007               
20.6974853611354   ,1.21253371907338   ,227.559202533216   ,-0.900876504927874 ,4.43061154315549   ,35.3930512892815   ,37.1085186392261   ,79.5798036889107   ,277.182567040228   ,292.787797738352   ,289.928582604931   ,0.00521833058784626,3.36108388280676   ,15.5748563761865   ,12.5089742777424   ,16057              ,may                ,2007               
17.8088206862768   ,1.85683632270238   ,235.592473564423   ,-1.1662950290497   ,4.24624979639089   ,32.5457391013701   ,37.1353477377086   ,75.8638298717843   ,276.911238001678   ,291.032241366533   ,288.297492124517   ,0.00497457916295113,3.30183560979291   ,16.4784613249125   ,12.6274071519245   ,16035              ,may                ,2007               
19.3031223192496   ,2.16086305934115   ,238.436471142152   ,-1.54575035089091  ,4.18743694387147   ,32.585784439586    ,35.21725714744     ,75.9872565072225   ,275.288124777299   ,289.792929139744   ,290.747574595479   ,0.00462912120699564,3.29231255285081   ,16.7155685829287   ,12.7406357041905   ,16049              ,may                ,2007               
26.5888729189483   ,1.10148148643512   ,235.418958684114   ,-1.65654561693868  ,4.68464886541714   ,43.4431892370014   ,34.6751961555896   ,68.7392952744459   ,279.648091928042   ,293.591804363573   ,293.294739126193   ,0.00522212969069815,3.14820106824925   ,13.7459415968315   ,10.7807789824843   ,16069              ,may                ,2007               
20.4415670947208   ,1.38903394376428   ,233.750409731672   ,-1.88642647924009  ,4.25665106779097   ,36.3142122715132   ,38.226789383976    ,75.8439487674909   ,277.859434285948   ,291.855129167704   ,289.469906474647   ,0.00524297486751094,2.7708318106844    ,15.335231759395    ,12.1995186287065   ,16061              ,may                ,2007               
27.1042160076591   ,1.37839697234752   ,199.66466492076    ,-1.65728596551919  ,4.73043015524847   ,40.7799861750976   ,36.496759574011    ,71.4004145613096   ,280.575264481491   ,294.54050454557    ,255.231158122833   ,0.00595080231620441,4.14510272453515   ,14.2715074153267   ,11.2872988195903   ,16055              ,jun                ,2007               
25.2720972497103   ,1.40673995239025   ,208.978314394053   ,-1.64267733934128  ,4.73777237039581   ,39.2581370317959   ,36.1117539460372   ,74.6617701709153   ,279.735199173244   ,295.020557934763   ,253.968643697103   ,0.00596941252986678,4.08273314540908   ,14.5915031245004   ,11.6317602526272   ,16009              ,jun                ,2007               
23.8656283330331   ,1.29210170067847   ,226.798065224568   ,-1.57121511121591  ,4.76133525747061   ,38.7380575876236   ,37.9276797749201   ,76.7908214073181   ,280.080094706217   ,295.35904750061    ,270.884176312764   ,0.00630134266141492,3.46982652837038   ,14.7100860171318   ,11.806783497413    ,16057              ,jun                ,2007               
19.6973826636967   ,2.17411216395245   ,224.528221810841   ,-1.70202842601027  ,4.74717314070257   ,36.4628047189047   ,35.4280364445854   ,67.4142898137507   ,280.221783616091   ,294.478520342428   ,262.358827684226   ,0.00572304782651921,3.44606729628672   ,15.4926551306054   ,11.3334641283209   ,16035              ,jun                ,2007               
24.9413083882798   ,2.05927494067606   ,234.919883358072   ,-1.9136819443711   ,4.88969838560782   ,39.1512019240407   ,33.0075809028232   ,69.7251892071576   ,278.747051619769   ,294.104915153953   ,283.367248405617   ,0.00560433603733747,3.42562190882494   ,15.3468613423433   ,11.0495367984188   ,16049              ,jun                ,2007               
30.8483713270476   ,1.23412127706509   ,234.823266597844   ,-2.19298072454126  ,5.16709754433011   ,48.819175269727    ,34.0731954549086   ,65.5093786294022   ,282.646643893264   ,296.473236570851   ,278.307760088371   ,0.00615023199469681,3.28182119494453   ,12.4407449405249   ,9.88926545447419   ,16069              ,jun                ,2007               
24.8894121042749   ,1.51947094538652   ,225.639037454544   ,-2.37533042514209  ,4.74891643534022   ,42.2735106683631   ,37.2045879582071   ,69.78564544394     ,281.038783133851   ,294.883821816352   ,277.490040607295   ,0.00610335770521067,2.82594230483715   ,13.9536541359484   ,10.91373465429     ,16061              ,jun                ,2007               
48.1052539178227   ,0.289936337443473  ,186.006107534796   ,-2.45795314416637  ,6.74240840150749   ,64.0346639595958   ,24.0443991014528   ,57.0181300883494   ,286.563376380741   ,304.163583807905   ,315.31540712645    ,0.00694086741830758,3.2507043008736    ,10.2569594661126   ,7.59259745407813   ,16055              ,jul                ,2007               
48.1150966932827   ,0.161379340393986  ,197.465986579298   ,-2.40873919483237  ,6.73035897305731   ,62.8334569536017   ,23.2580602346975   ,63.8007077276991   ,284.941683209109   ,304.627628641698   ,314.750919179667   ,0.00696443600791995,3.26605768391685   ,10.5077215609011   ,7.97943994338605   ,16009              ,jul                ,2007               
45.8297144265811   ,0.0774946931869753 ,217.72929188139    ,-2.26066481212775  ,6.6297544103284    ,59.9880309234127   ,24.1307855467643   ,70.2123926907201   ,285.039795207362   ,304.794431831606   ,318.858251955586   ,0.00727940958654208,3.08743997120088   ,11.0270922676979   ,8.838721686717     ,16057              ,jul                ,2007               
45.2990481413133   ,0.1214927198462    ,204.459092066967   ,-2.40342728805172  ,6.4195723106646    ,65.4143380106109   ,22.7982889345623   ,53.4227563269685   ,286.117269111576   ,304.035970306344   ,316.391383554229   ,0.00675351889912934,2.67274968077214   ,10.1888105865228   ,7.09562575777271   ,16035              ,jul                ,2007               
43.8185326680109   ,0.29616848622432   ,201.941514491655   ,-2.60080579746621  ,6.1457455706446    ,65.4752591666861   ,21.6292119301443   ,55.8520582813064   ,284.364499504943   ,302.859966725639   ,306.548972740388   ,0.00658128980336844,2.62111249364017   ,9.9615064029938    ,7.31453570089609   ,16049              ,jul                ,2007               
52.3018358283325   ,0.0841407723800672 ,236.930433793933   ,-2.81965071887256  ,6.90596102520744   ,71.9477266706803   ,20.3416237978354   ,52.4895782552959   ,288.795033577127   ,305.979627123943   ,316.865882522138   ,0.00661524331303738,2.87550349772871   ,8.93447868659905   ,6.74892391400932   ,16069              ,jul                ,2007               
45.8690215041191   ,0.0621993352940355 ,230.982114091235   ,-3.05602368737055  ,6.331380294692     ,66.275638428792    ,22.7539105886969   ,58.99341487554     ,287.132389106232   ,304.568845304989   ,317.61503085668    ,0.00697248644746445,2.43327596395119   ,9.95809155596126   ,7.57317551960153   ,16061              ,jul                ,2007               
49.9763674772072   ,0.694911006934516  ,209.488290602161   ,-3.07789753461244  ,5.29728815225781   ,66.7553979419671   ,23.4130551960939   ,61.7935332403736   ,283.048937818942   ,299.203612863978   ,262.737443304878   ,0.00560226769748589,3.54977479108251   ,9.00128764332678   ,8.61060191530101   ,16055              ,aug                ,2007               
46.9003900751832   ,0.564828366649858  ,217.464470581008   ,-3.06238772154325  ,5.32140956254469   ,64.1581508420219   ,21.8911665346495   ,68.4023665777484   ,281.248684272395   ,299.935497938529   ,262.789567697273   ,0.00556897085388803,3.56804546160333   ,9.33314819248561   ,9.20916283533395   ,16009              ,aug                ,2007               
42.2110604657698   ,0.480762457169833  ,232.4440797248     ,-2.88418822248777  ,5.21408163574434   ,61.050750893316    ,22.8019272437403   ,72.6290916190609   ,281.337023886404   ,300.346807861328   ,262.742577598326   ,0.00592542749803303,3.27489196583148   ,9.74759720025524   ,9.88645276542633   ,16057              ,aug                ,2007               
44.9442864275151   ,0.770162846819649  ,233.087727574049   ,-3.07305263422844  ,5.14362987047701   ,68.429688349416    ,21.7485227179643   ,56.7517066251969   ,282.154839708268   ,299.034399871732   ,262.288906613826   ,0.00517602737045578,3.06597409524851   ,8.55879020424256   ,8.18887557286175   ,16035              ,aug                ,2007               
45.7238080702252   ,0.601763429348102  ,235.068928987417   ,-3.07700025677904  ,5.05498955675813   ,68.6683368226114   ,20.4005299132835   ,57.5959398276532   ,280.332321523935   ,298.095300716443   ,258.391629641119   ,0.00486405215527516,3.10083042280897   ,8.61183281189915   ,8.05174352418423   ,16049              ,aug                ,2007               
50.2123165376699   ,0.398315660890699  ,245.233099888723   ,-3.26404635918969  ,5.50122983608448   ,73.8645393104415   ,20.0862914153332   ,57.9431766787541   ,285.071012467007   ,301.61103160385    ,258.592447512845   ,0.00563073393103003,3.07003951067552   ,7.58244744641875   ,7.69049062228355   ,16069              ,aug                ,2007               
46.8924884674748   ,0.408760837596819  ,241.907753666062   ,-3.60220787479201  ,5.01857586707537   ,70.2486154164228   ,21.3007260514272   ,62.7860142655196   ,283.046496373753   ,300.23608909369    ,258.50664644132    ,0.00559714130545916,2.64468152382888   ,8.31818379868955   ,8.37541632911613   ,16061              ,aug                ,2007               
38.0321001561071   ,0.906256160974012  ,218.809108656522   ,-3.22986981080556  ,3.56379683807554   ,51.7006070902318   ,27.8239167601974   ,78.5298802238433   ,278.155690979925   ,293.052435005512   ,188.006384923069   ,0.00489648790261612,4.14160224025959   ,11.0724841647678   ,12.0606037890143   ,16055              ,sep                ,2007               
37.4639074919383   ,0.669331614323387  ,220.679076606763   ,-3.25798560176375  ,3.63230924046721   ,49.1774560717671   ,26.3771203336396   ,83.3238157471726   ,276.856030267418   ,293.439742602587   ,192.038673200739   ,0.00487114799377018,4.30291474316952   ,11.6560049946727   ,12.7419993978045   ,16009              ,sep                ,2007               
37.1413017462036   ,0.486050946454207  ,236.566056397378   ,-3.10129473050435  ,3.53801036898295   ,47.8969007310867   ,26.9088761525154   ,85.5279949735006   ,276.95313369751    ,293.712880274455   ,195.193648329417   ,0.00501594863789311,3.86907785975933   ,12.1379297394753   ,13.0646993480523   ,16057              ,sep                ,2007               
32.3307075388915   ,1.27804561932693   ,230.481660195788   ,-3.27918929999945  ,3.42695633311604   ,51.3176970098118   ,28.1373461533802   ,74.0029373736177   ,277.484915189091   ,292.068989469435   ,190.895023576066   ,0.00471304720044504,3.76040781747295   ,10.9714373968956   ,11.6126249472636   ,16035              ,sep                ,2007               
29.7350187295459   ,2.15507789070491   ,228.017224063965   ,-3.17113461224903  ,3.37976444443141   ,48.789475699164    ,27.5407483035367   ,73.408260554898    ,275.868294957685   ,290.729903485093   ,194.03380160843    ,0.00438874913076817,3.81464015921404   ,11.5114266032903   ,12.1276046396468   ,16049              ,sep                ,2007               
45.5417481131411   ,0.410815278282671  ,243.647595353809   ,-3.40693434631973  ,3.85394066777246   ,61.4192381268942   ,24.2988906101322   ,72.0324376138561   ,280.264662752474   ,295.042105855959   ,196.643405367601   ,0.00491083385619964,3.56321453602981   ,9.50967457885198   ,10.2053992680687   ,16069              ,sep                ,2007               
37.4082625291682   ,0.607810033968658  ,239.552929058352   ,-3.80085888513192  ,3.41041919873109   ,54.1415514806742   ,26.2179370818388   ,78.832762054044    ,278.186872321515   ,293.483184078837   ,194.959541237781   ,0.0048975540597002 ,3.11283401359211   ,10.7099787681884   ,11.8165612487425   ,16061              ,sep                ,2007               
12.811597814023    ,2.33593074023747   ,200.776990668445   ,-2.81937075315353  ,1.60191555028257   ,19.3842452296775   ,45.0083749903541   ,91.7692911175164   ,274.9675686906     ,285.234029648615   ,108.36656294245    ,0.00468535176778753,4.15235348944485   ,19.3293456036178   ,18.8627076978847   ,16055              ,oct                ,2007               
13.7043823303301   ,2.04362594982349   ,205.515097263683   ,-2.98806215461189  ,1.66383144068886   ,19.0804121482611   ,43.6929045715594   ,94.1387889459402   ,274.197774690125   ,285.683335489388   ,110.022927608443   ,0.004692898197192  ,4.40601114515449   ,19.4734330778928   ,19.2978570249659   ,16009              ,oct                ,2007               
13.2670855205125   ,1.6960784875241    ,210.307462220893   ,-2.92081272741159  ,1.61528561447897   ,19.2859274694612   ,45.304198554562    ,95.6866819910849   ,274.440092350129   ,286.07409544914    ,114.553848624076   ,0.00486601566144776,3.80646920648313   ,19.2149440177794   ,19.5348394113971   ,16057              ,oct                ,2007               
11.3645458816048   ,2.55009845552418   ,212.096522320945   ,-2.94558140868616  ,1.64946987680379   ,20.411697229633    ,44.7368440699595   ,85.7768409225338   ,274.38395580611    ,284.437541926028   ,112.999146995656   ,0.00429568213600205,3.6949388684326    ,18.9604521125854   ,17.8976883300287   ,16035              ,oct                ,2007               
14.470845358416    ,2.18821205683351   ,224.138577773236   ,-2.51451752116574  ,1.74670353232439   ,23.9118911905639   ,42.3063946286771   ,83.008256834986    ,273.050462395081   ,283.382141869288   ,120.698770996997   ,0.00393271433827688,3.91662639520494   ,18.0788086986213   ,16.6430349850534   ,16049              ,oct                ,2007               
17.6055287485746   ,1.19800118010569   ,219.497128658754   ,-3.211657371538    ,1.85849502873931   ,29.0177649940851   ,40.8492415381934   ,89.0417074539424   ,276.469129169195   ,287.41479359262    ,118.532135401632   ,0.00480013917940409,3.42808885146199   ,15.8902738795561   ,16.9615770873477   ,16069              ,oct                ,2007               
14.6863247202883   ,1.18174216432496   ,212.131651184521   ,-3.53668173154195  ,1.6640466889662    ,24.8834288647193   ,41.8697977577073   ,91.2997662176357   ,274.983198836593   ,286.374001019162   ,117.503595260645   ,0.00466998170591271,3.0021754077707    ,17.288762611378    ,17.8120555123848   ,16061              ,oct                ,2007               
10.3593701703319   ,3.17041808606339   ,189.898230109882   ,-2.90456040634867  ,0.736781324669003  ,14.030354291266    ,55.985940872004    ,91.6711664861776   ,270.38315036601    ,277.634611412854   ,58.5919162069983   ,0.00350204612502435,3.6688224313354    ,21.2442849270437   ,20.1791149572417   ,16055              ,nov                ,2007               
12.6629704210242   ,3.10127461141148   ,197.602606598654   ,-3.1514540245312   ,0.752134678474604  ,13.6997435058057   ,55.6939065842939   ,93.6478705690222   ,269.827157032984   ,277.729593900722   ,58.9794217935445   ,0.00352182478099305,3.92095181563432   ,21.5940402815328   ,20.760473602152    ,16009              ,nov                ,2007               
13.1275685953133   ,2.8961117284894    ,200.754541160226   ,-3.11807558774948  ,0.718468815162778  ,14.5098347435732   ,56.7412386655807   ,93.6155694739024   ,270.017416681925   ,278.304008082072   ,64.695182431221    ,0.00360017547019136,3.3905235650142    ,21.3911000715892   ,20.6975851748784   ,16057              ,nov                ,2007               
13.8897284686303   ,4.1372725506277    ,204.573480726196   ,-3.09099568692289  ,0.82320770143549   ,17.66251234606     ,53.3454823940887   ,87.0939960388334   ,269.765585999223   ,277.393899677      ,64.2646953375093   ,0.0032720689077099 ,3.4861348199836    ,20.4106733949189   ,18.889101740573    ,16035              ,nov                ,2007               
16.5756654977173   ,3.63204619505617   ,219.395398823356   ,-2.43954411163296  ,0.992573207217828  ,21.2087007053577   ,47.5423421810896   ,86.4653157897971   ,267.886384162212   ,277.418034396151   ,72.6492460930916   ,0.00295109384108196,3.88839652286751   ,19.1609350046912   ,18.1132037738996   ,16049              ,nov                ,2007               
17.1008741649536   ,2.06510175539317   ,208.482880811449   ,-3.30599785913546  ,0.860019927352348  ,22.9997041225078   ,53.7678518868173   ,87.0282577864839   ,271.889599674653   ,279.779751217004   ,69.4828399622504   ,0.00362636051530852,2.98478671219897   ,18.294264867344    ,18.2616635886106   ,16069              ,nov                ,2007               
15.4861352015151   ,2.03255162815007   ,191.663877629314   ,-3.62087640059553  ,0.78791920966969   ,21.5097454813594   ,52.7993834301131   ,87.8326522611718   ,270.494605093291   ,278.812656223938   ,69.6576385469148   ,0.00342378755790866,2.59479033574257   ,18.9340952367494   ,18.4716727516868   ,16061              ,nov                ,2007               
2.89229851938319   ,6.28180173477682   ,205.777428881327   ,-3.12961608195992  ,0.42749842887614   ,2.20800431786442   ,70.884604260166    ,94.5824264746144   ,268.34355326837    ,274.016467360508   ,42.095053800732    ,0.00309318076991329,4.58250780000935   ,27.4324691466343   ,24.2645018434982   ,16055              ,dec                ,2007               
2.67126954549104   ,5.79066129325645   ,210.878014126355   ,-3.39625475956843  ,0.460091170665663  ,1.86836847541041   ,69.5258028177115   ,95.2569414127508   ,268.158492036778   ,273.895180636374   ,42.9855444834783   ,0.00309175666041867,5.33141600864644   ,27.5236160654523   ,24.205210479947    ,16009              ,dec                ,2007               
2.46140087113949   ,5.27603425275783   ,211.5156996393     ,-3.2855262452364   ,0.430223894311736  ,1.79259574095272   ,69.1436562976837   ,97.0493868980408   ,268.581516774495   ,274.389503067017   ,44.7729110269546   ,0.00318979354955566,4.54921496729056   ,27.2276774988174   ,24.3752171821594   ,16057              ,dec                ,2007               
1.29707468916302   ,8.09997594735524   ,211.656053212749   ,-3.23262297779511  ,0.502056718303168  ,1.40180456689897   ,66.289865352101    ,89.7965313826084   ,267.623818986932   ,272.941755966606   ,47.8186411516863   ,0.00282559426752601,4.47609871295743   ,27.9358297060374   ,23.3066579674902   ,16035              ,dec                ,2007               
4.89770229895008   ,4.85987852048668   ,226.484189967918   ,-2.27547883998596  ,0.590078242731832  ,6.81007745936927   ,60.6291952560476   ,87.4626293794726   ,264.798561939666   ,271.804114842062   ,53.4632855256299   ,0.00244865935319477,4.96086179605628   ,24.4683215859679   ,20.8938582833052   ,16049              ,dec                ,2007               
5.11568334194501   ,2.59425144073638   ,216.454917037806   ,-3.01138852911199  ,0.566114193705739  ,8.32139156716979   ,65.4363991742466   ,91.1506592578854   ,269.946945084353   ,275.383525485278   ,48.0346079472764   ,0.00316875370345103,4.08209720173197   ,23.0270907065448   ,20.9149104893526   ,16069              ,dec                ,2007               
5.31420351596069   ,2.11468229960476   ,201.511334985741   ,-3.29524329378585  ,0.465904621295528  ,7.83409071169677   ,66.0910783783463   ,92.5823221852957   ,268.465851548881   ,274.122883921221   ,47.4094275130385   ,0.00299938973781817,3.37222415643947   ,23.1632433491962   ,21.2872730767431   ,16061              ,dec                ,2007               
