bi,pr,th,pdsi,pet,erc,rmin,rmax,tmmn,tmmx,srad,sph,vs,fm1000,fm100,countyfips,month,year
9.2712740160057    ,2.14012375115418   ,132.427711936308   ,-1.62705728579287  ,0.612800618297595  ,8.09912897457857   ,67.512271361539    ,89.7953770935148   ,271.410147556157   ,277.277880244405   ,47.5623773580906   ,0.00363551155855904,3.10815087939961   ,24.4159849223334   ,20.6960991554711   ,16055              ,jan                ,2010               
10.1184442705907   ,1.83088124852863   ,159.909367038517   ,-2.20770350774599  ,0.706882058382376  ,9.49951460329613   ,63.6376511860859   ,90.0174388634292   ,271.157654239649   ,277.662132203477   ,48.4430152170757   ,0.00358367291219407,3.47305892091326   ,23.8390958698271   ,20.2634419235343   ,16009              ,jan                ,2010               
11.1214894802724   ,1.67209450140535   ,161.834037925043   ,-2.52602971037229  ,0.745433153815928  ,9.58991807906942   ,63.5568555727313   ,90.6074863126201   ,271.406213580716   ,277.977193667504   ,50.3239551454975   ,0.00363104398281599,3.58461457139061   ,23.9579811529959   ,20.270535631026    ,16057              ,jan                ,2010               
9.48144068282314   ,2.37420927736899   ,160.181076456512   ,-2.41481274765423  ,0.653009421265216  ,7.45114798772213   ,64.3671839598995   ,89.1695770555569   ,270.231883077303   ,276.613960055385   ,58.7019764334299   ,0.00340573979700415,3.28300161080561   ,25.5404799759311   ,20.4569990844508   ,16035              ,jan                ,2010               
14.0845228150328   ,1.92416476284467   ,191.049143538586   ,-2.32694818377619  ,0.793972285721823  ,14.5062838729681   ,56.938852569933    ,86.1958803239253   ,268.050567029127   ,276.185523818183   ,69.8197461484659   ,0.00298461929077452,3.65585810345738   ,22.326998329055    ,18.8400717499884   ,16049              ,jan                ,2010               
15.1099411635558   ,1.53107992307743   ,167.398939143692   ,-1.75786240619347  ,0.833471734663775  ,17.693716194683    ,60.439258020706    ,84.5910059363138   ,272.826212426476   ,279.098689859893   ,56.0010636516207   ,0.00366951345264615,3.19988786531601   ,20.5112104809076   ,17.9079138371828   ,16069              ,jan                ,2010               
12.1261766534651   ,1.38618922908027   ,159.835505290226   ,-2.21220261925837  ,0.714528549427797  ,14.8822466442667   ,60.9673005162287   ,87.5925369984752   ,271.369943954887   ,278.113774298859   ,57.7494760364318   ,0.00354061952714022,2.79546429625641   ,21.4710241054351   ,18.8289131621175   ,16061              ,jan                ,2010               
13.3685597495988   ,1.75547485029175   ,148.013177310348   ,-2.05621413275375  ,1.00300580300807   ,14.5878172231677   ,55.2048189504086   ,88.2384052231759   ,271.534456543471   ,279.747881302337   ,86.2042961358884   ,0.00362705181401797,2.86528077047058   ,22.4597843880516   ,18.5425697544755   ,16055              ,feb                ,2010               
15.3488021138756   ,1.20280921662625   ,159.49729357064    ,-2.87524366896063  ,1.07343981601455   ,16.8245578142716   ,52.142212749636    ,89.2151331986196   ,270.975677703058   ,279.873272861149   ,87.474065274378    ,0.00353350432638165,3.14169645324564   ,21.5915182981064   ,18.284574452035    ,16009              ,feb                ,2010               
15.3107217092173   ,1.10331458273375   ,154.283212710789   ,-3.24138837814331  ,1.11993907661842   ,17.1406892648978   ,50.5333533304078   ,88.8786771971839   ,271.191520936148   ,280.314042696272   ,90.5486295216424   ,0.00353448305106472,3.06838144112911   ,21.6077618816921   ,18.1051232004166   ,16057              ,feb                ,2010               
13.5915387187325   ,1.45467979405873   ,155.771796045329   ,-2.97191956355758  ,1.05530919989937   ,15.9227414200626   ,51.4864487987888   ,87.6913501053409   ,269.923826835768   ,278.822183113018   ,101.321971445277   ,0.00325962775852478,2.77904578025825   ,22.1585165216497   ,18.0475202785522   ,16035              ,feb                ,2010               
16.7213101197046   ,0.923274751798054  ,176.184481808163   ,-2.81457055967697  ,1.12489545544219   ,20.8321359565195   ,46.8237517798437   ,87.0086019810765   ,266.844401242551   ,277.644205220858   ,109.539828314942   ,0.00278621414415748,3.02175987602886   ,20.2748453427969   ,17.3262572757713   ,16049              ,feb                ,2010               
21.5588229423811   ,0.519539774212854  ,156.340552217092   ,-2.09880806758017  ,1.21776699107439   ,25.9762195806361   ,48.8521311609138   ,82.3059959932536   ,272.729243401629   ,281.077145613633   ,102.485806607581   ,0.00356952425494354,2.79974832308939   ,18.6971870158992   ,15.6973798557308   ,16069              ,feb                ,2010               
18.0210565498897   ,0.508051752539983  ,143.690789431017   ,-2.50119869669607  ,1.11781508774621   ,24.023085143659    ,49.1906748099479   ,84.5022239887728   ,271.428533119463   ,280.170487409499   ,99.2602779124957   ,0.00343536225838134,2.48784832865739   ,19.0924991497324   ,16.2152813536499   ,16061              ,feb                ,2010               
18.0323086195095   ,2.03940111987431   ,198.516079825826   ,-2.51471198618984  ,1.89463787872953   ,21.3849162078071   ,42.745006311625    ,88.6277178687497   ,271.698790981303   ,282.707735990127   ,150.225420183257   ,0.00357831994748614,4.34007884060958   ,20.0599251449243   ,16.9609176065285   ,16055              ,mar                ,2010               
21.9738641831001   ,1.44911093696437   ,206.904706148615   ,-3.52449395435566  ,1.96820883349076   ,24.3643502618411   ,41.7274235657868   ,88.5752474090757   ,271.221227317849   ,282.735088950556   ,156.425198239892   ,0.00350710017400673,4.61342188374053   ,19.0965700868569   ,16.5647440100472   ,16009              ,mar                ,2010               
20.652439068825    ,1.49808015824756   ,217.863957864488   ,-3.82872185627619  ,2.0369955243699    ,24.1618354298992   ,40.9362400977842   ,88.321956329961    ,271.414230351602   ,283.281018415882   ,160.461583897991   ,0.00351383247104804,4.14037701908619   ,19.1649195311146   ,16.4671877213447   ,16057              ,mar                ,2010               
17.0641750579461   ,2.65591544139509   ,222.735960358317   ,-3.54786213507864  ,2.00002665852188   ,22.1022150511363   ,40.725030456519    ,87.3608505435297   ,270.747153683784   ,282.208045056724   ,174.16094583718    ,0.00335253844794308,3.85902018129748   ,19.8622767657137   ,16.7646766114119   ,16035              ,mar                ,2010               
17.7907249248116   ,2.29369216844596   ,224.759051543518   ,-3.31200801353268  ,2.0331822384623    ,25.5071689538757   ,38.1875784704234   ,84.8050976563561   ,268.467971509685   ,280.540841586384   ,182.705769045834   ,0.0028917595675709 ,3.87348727244291   ,18.5713081332578   ,15.9444646330637   ,16049              ,mar                ,2010               
21.3370739060146   ,1.45632748859093   ,222.908025660308   ,-2.60621268587741  ,2.19378075096162   ,30.4068150623145   ,39.399127066413    ,82.6258374398919   ,273.194483200476   ,284.124786140056   ,167.150252689837   ,0.00357770553974145,3.73046412689225   ,16.7852650911043   ,14.8550159269435   ,16069              ,mar                ,2010               
18.1832890799128   ,1.59206066067325   ,219.5761799539     ,-2.99116029259915  ,2.02541432003916   ,28.0634337091916   ,40.2344998855713   ,85.1074981974208   ,271.949210329394   ,283.231872489439   ,166.630179173086   ,0.00349153106906423,3.23126385644797   ,17.3840255485602   ,15.5886235918499   ,16061              ,mar                ,2010               
16.6587553079236   ,3.15520764305636   ,190.682199869038   ,-2.48704093392167  ,2.79791552798902   ,24.3516157900682   ,42.8063975678223   ,78.5845357143993   ,274.334247274098   ,284.614303974      ,189.938208660864   ,0.00391857947757217,5.44791307379025   ,18.9933232703817   ,14.7269384157837   ,16055              ,apr                ,2010               
16.6186003555208   ,3.30413428626778   ,198.260502383742   ,-3.77680145683138  ,2.78047625319022   ,24.1581335696478   ,42.7545483463144   ,80.7998377000557   ,273.622978544517   ,284.739173001321   ,189.432181622808   ,0.00389781926941821,5.57462539790415   ,18.8546271211297   ,15.188477680575    ,16009              ,apr                ,2010               
17.4241213766734   ,3.25914946746398   ,212.037529469927   ,-4.05266722202301  ,2.8118159194092    ,24.826766560475    ,43.5112938753764   ,81.1132090861003   ,273.949932998657   ,285.136886316935   ,196.950917152405   ,0.00401678044639993,5.00619530769189   ,18.6021087579727   ,15.121683356603    ,16057              ,apr                ,2010               
14.4394606555995   ,4.37222479033987   ,206.271901519606   ,-3.6064437175822   ,2.71412111296672   ,19.6154274127986   ,43.782973069654    ,82.8391572742583   ,272.858401832285   ,283.579000955572   ,206.866323021048   ,0.00380494506161501,4.92290206256679   ,20.7731024941733   ,16.2808051173497   ,16035              ,apr                ,2010               
15.2356718514875   ,3.30024342360118   ,213.024246006272   ,-3.39065608798576  ,2.73189494396693   ,22.1862834010149   ,39.7068611765116   ,84.1444287901542   ,270.646597891432   ,282.576693157551   ,215.156887676486   ,0.00344507125858877,4.7647195688392    ,19.8249290056088   ,15.940746449491    ,16049              ,apr                ,2010               
20.626674043006    ,2.52104053324282   ,221.724578994651   ,-2.86854978869943  ,3.09448030303081   ,31.0048635536337   ,39.8028343144585   ,77.2249648031279   ,275.535403080633   ,286.586767235414   ,202.302242933875   ,0.0041529573649774 ,4.68376612330716   ,16.6631856248553   ,13.7430602540307   ,16069              ,apr                ,2010               
15.6714532471229   ,2.87000701655312   ,216.115398858434   ,-3.18014874011689  ,2.7502689514771    ,26.8771306609319   ,43.3137984144458   ,80.4040344522019   ,274.200200239029   ,284.928241155955   ,199.658352254442   ,0.00406780806860756,4.04965595524173   ,17.7174272748721   ,14.8071485148974   ,16061              ,apr                ,2010               
18.2180158538393   ,3.51977397156411   ,201.386306067711   ,-1.94104770688527  ,3.65855120902009   ,27.809073040864    ,38.5247183685424   ,74.2045971839912   ,276.336824077574   ,288.323237565098   ,237.147131063668   ,0.0044784701326569 ,4.44143301959882   ,18.411119574113    ,13.4994204178221   ,16055              ,may                ,2010               
19.5808080493733   ,2.24442567325685   ,215.077974783439   ,-3.17911283739455  ,3.74071864115643   ,28.0419824629024   ,37.9201321704717   ,76.1546865653664   ,275.6844245516     ,288.570865876485   ,246.233795655322   ,0.0044322232713119 ,4.52401649530982   ,18.592753116537    ,13.320738541486    ,16009              ,may                ,2010               
18.3131485185316   ,1.96649986825298   ,222.877996848072   ,-3.42925900379817  ,3.69517067309349   ,27.0963635436566   ,40.7971238379325   ,77.7511550558767   ,276.117818396784   ,288.506431028305   ,252.873796375644   ,0.00464877985620631,4.0274216726903    ,18.5822682636015   ,13.6433798669231   ,16057              ,may                ,2010               
15.9818958673228   ,2.76153683397327   ,215.669338297659   ,-2.92268483482506  ,3.54234340753804   ,24.6015639978294   ,39.220770114133    ,74.3251849816244   ,275.239661806709   ,286.606225836938   ,253.027107450538   ,0.00421511876807111,3.89192264361181   ,19.8870862389638   ,13.6483263520649   ,16035              ,may                ,2010               
10.7454683155837   ,3.57796255556485   ,225.393508356234   ,-2.9451160577593   ,3.39111652998236   ,21.3535123750839   ,37.7333222996213   ,75.9712519996082   ,273.184744010775   ,284.830536892786   ,249.080544139258   ,0.00384292286911724,3.99891502318555   ,20.329501950117    ,14.7504439316185   ,16049              ,may                ,2010               
17.5612950669664   ,2.04279302794223   ,227.614427536176   ,-2.51737600936822  ,3.88141345165507   ,31.397172202401    ,38.3687583253119   ,70.4816094339768   ,277.87843315647    ,289.095407575127   ,253.486566219491   ,0.00461385319867647,3.7721031074876    ,16.9178887014042   ,12.6118169538272   ,16069              ,may                ,2010               
13.5417822205013   ,2.50785125793665   ,221.623342284963   ,-2.69479733853301  ,3.54802417736059   ,25.3934079609817   ,40.9561969764199   ,73.3985151114447   ,276.5324335711     ,287.465033270587   ,250.550528375539   ,0.0045148595187826 ,3.30880160452175   ,18.8902936549989   ,13.81918239174     ,16061              ,may                ,2010               
16.5897490371892   ,4.69456646884674   ,221.688058019567   ,-0.274426993355666 ,4.26055460268905   ,21.1582066519358   ,43.5453783888222   ,74.8887300650933   ,280.751996950586   ,292.149263931923   ,250.37598177435    ,0.00616930044410732,4.03003997946636   ,20.9745496462075   ,14.8108854662734   ,16055              ,jun                ,2010               
19.5409542982865   ,3.79939060731583   ,228.578271613789   ,-2.52835162915657  ,4.28213093577052   ,25.2136275869946   ,42.715628435861    ,77.4937524686433   ,280.033265195467   ,292.604776964056   ,247.928741524299   ,0.0061495173699544 ,4.06998470078794   ,19.3872501173903   ,14.4143308575572   ,16009              ,jun                ,2010               
17.289709924221    ,3.32155217564047   ,237.788881510715   ,-2.8354987163345   ,4.21143622990449   ,24.3049619042873   ,45.7309246355693   ,81.3355014069875   ,280.393897649129   ,292.80574118042    ,259.775985679626   ,0.00654211561839717,3.39309315858285   ,19.3789748819669   ,14.9284839323362   ,16057              ,jun                ,2010               
14.9077873350282   ,4.87709254185797   ,239.62772708804    ,-2.07458510955007  ,4.09075403963705   ,20.8925601025949   ,42.9136055832097   ,74.8897076903136   ,279.69378707918    ,291.585216025957   ,248.188490787907   ,0.00594932903766033,3.30806118416652   ,21.2372354479219   ,14.9096105543974   ,16035              ,jun                ,2010               
11.1634232918173   ,5.12148223259499   ,244.829916363269   ,-1.76396836348184  ,4.11457222563983   ,17.5892932727827   ,41.3522726785682   ,79.2267884977008   ,277.865772927654   ,290.591591152657   ,265.096775830896   ,0.00577711850627632,3.41267815246672   ,22.4165757313088   ,15.4121457367372   ,16049              ,jun                ,2010               
16.3337778963507   ,3.20665740111416   ,245.141757213063   ,-1.7949332974705   ,4.50818935344776   ,28.2285357821221   ,41.9754553288274   ,71.9506091201157   ,282.338400989335   ,293.666236825763   ,267.63186229631    ,0.0064264007265482 ,3.09936327194785   ,18.1402024946536   ,13.3927533407687   ,16069              ,jun                ,2010               
12.2888919512431   ,3.78183975397337   ,243.646514421784   ,-1.8139348903635   ,4.13308914464696   ,21.8203892413578   ,45.7172543875114   ,76.0359802366945   ,280.855454075501   ,291.914148445234   ,265.16279168037    ,0.00636270162052944,2.73036202274407   ,20.2782013843211   ,14.7200762563501   ,16061              ,jun                ,2010               
41.382705341847    ,0.547588291331379  ,213.385929041913   ,1.32833041093313   ,5.83277210944933   ,50.1852094706479   ,28.1667861773897   ,63.5619345411399   ,283.302299229095   ,298.97103615268    ,305.111091416274   ,0.00624616537082406,3.7849237377166    ,13.9489639063969   ,8.67695980826555   ,16055              ,jul                ,2010               
47.4399981111897   ,0.139209516368853  ,219.857944718661   ,-1.61797755592203  ,5.98830374617412   ,54.9293744592727   ,26.3540480248367   ,66.0085561023821   ,282.304935624978   ,299.629757526745   ,308.407898246298   ,0.00607163944322702,3.87157902990186   ,12.8463082536529   ,8.36170068126663   ,16009              ,jul                ,2010               
43.3513499432225   ,0.088369587947945  ,221.911577165139   ,-2.2994145890077   ,5.83407253092335   ,53.3208383966261   ,27.2485133961708   ,70.2524204103408   ,282.519558622299   ,299.757022670623   ,313.665398635864   ,0.0062778239331073 ,3.37824336090396   ,13.0396421103324   ,8.90533263744847   ,16057              ,jul                ,2010               
41.5183801758967   ,0.245497279467732  ,216.722313640048   ,-1.3228334840374   ,5.57830225329505   ,52.3643543384154   ,29.1390280396748   ,63.0092867225772   ,282.102203067357   ,297.889626992153   ,314.18365516967    ,0.00605560273634149,3.24900401687342   ,13.4805139769134   ,8.52824425588386   ,16035              ,jul                ,2010               
36.8092647356763   ,0.487003434058124  ,225.590860993297   ,-0.799755848486573 ,5.53546992843169   ,48.5732431826409   ,26.8276009966611   ,66.4919361091367   ,280.371863745002   ,297.408362328179   ,310.332028513742   ,0.00584475177723568,3.2359709374066    ,14.2020093435024   ,9.16521818537304   ,16049              ,jul                ,2010               
46.3378098385692   ,0.127064641901622  ,225.926176945971   ,-1.46842041071139  ,6.2148144047528    ,61.8414555388894   ,23.0334626258355   ,53.9333285418424   ,285.797130759099   ,301.126498775275   ,311.748278456144   ,0.00579138027803871,3.17235699280061   ,11.2741511993333   ,7.1025477696518    ,16069              ,jul                ,2010               
38.9640113919044   ,0.168290878330798  ,223.907195172634   ,-1.37232850290855  ,5.61691458185207   ,54.4103413139207   ,26.7890438554256   ,62.5950932804027   ,283.608106165179   ,299.137618526336   ,313.374104047514   ,0.00608115143487014,2.70779025262275   ,12.8714546004285   ,8.27783440831692   ,16061              ,jul                ,2010               
48.9058433632982   ,0.650367814601255  ,198.674180180748   ,1.52223766121926   ,5.36165252704157   ,62.7293167542164   ,25.0536721272724   ,64.0614316422009   ,282.847850188338   ,298.237149474441   ,262.762693856099   ,0.00575116211249875,3.9837814443032    ,9.8925470801981    ,8.55454584214375   ,16055              ,aug                ,2010               
52.4324921201854   ,0.629402276854532  ,206.971644859274   ,-1.4930587522612   ,5.43240927079862   ,65.8140601962549   ,23.3692327484099   ,67.4959536394242   ,281.961478533147   ,299.041080201803   ,262.380974717349   ,0.00566593938769169,3.94134849392974   ,9.31247438103854   ,8.55082696720625   ,16009              ,aug                ,2010               
49.8570269095513   ,0.607924986408362  ,220.415305572479   ,-2.37185367147128  ,5.18917987158222   ,63.8993768639718   ,24.301971296495    ,72.103907430095    ,282.500272900981   ,299.24314055412    ,262.121018863801   ,0.00604489782877687,3.39737036807883   ,9.73688609430867   ,9.15357408585087   ,16057              ,aug                ,2010               
39.9345191378536   ,1.45968085385283   ,208.98948669558    ,-1.17156503593695  ,4.83678064932157   ,58.1018506570231   ,28.4630405582706   ,65.4615048841216   ,281.790038319489   ,296.952661701206   ,256.941339820207   ,0.00578259130422542,3.27153775016469   ,10.4416106905414   ,9.48976789320474   ,16035              ,aug                ,2010               
32.6441295397077   ,1.47284298987482   ,220.686519662431   ,-0.617754717549664 ,4.68812478975878   ,50.9743634749073   ,27.7440894290837   ,69.6924979645376   ,279.928288483547   ,296.298628823958   ,252.588609446904   ,0.00564365209503916,3.16791848479093   ,11.9974417257673   ,10.3817348593066   ,16049              ,aug                ,2010               
48.6009787292507   ,0.566300708641344  ,231.911243220044   ,-1.78886059495005  ,5.3870030888529    ,70.3436654900114   ,21.5143194938088   ,59.1639379462189   ,285.312882972705   ,300.399011345759   ,258.127854404315   ,0.00573693864826789,3.08951026627436   ,8.34435732923583   ,7.62260670684135   ,16069              ,aug                ,2010               
37.0320422900451   ,0.938220582030216  ,222.107855826561   ,-1.68399316351604  ,4.85181505395329   ,59.4853312114308   ,24.7553605315082   ,67.2061779319175   ,283.335430579515   ,298.712698065672   ,256.31998199528    ,0.00598109039399545,2.69437541603502   ,10.1944456331827   ,9.23521039245034   ,16061              ,aug                ,2010               
30.2626765268166   ,1.43454281818658   ,200.178279749574   ,1.23606457507854   ,3.04064921193816   ,40.2305565051745   ,39.7952612693745   ,85.4279542852331   ,280.019422542117   ,292.523437470696   ,169.341851434067   ,0.00627751987550755,4.01483606428766   ,13.4139938376732   ,14.7834498342663   ,16055              ,sep                ,2010               
30.2863323505108   ,1.16217443423798   ,205.399834097114   ,-1.59341781978776  ,3.17255909038483   ,40.3671270144762   ,37.1419380084532   ,86.070687486246    ,279.751512847238   ,293.313308517185   ,174.140747622578   ,0.00625184415991159,4.01660399154798   ,13.4325745101041   ,14.8308234451791   ,16009              ,sep                ,2010               
28.2345769042969   ,1.05627376742226   ,228.059999854247   ,-2.35690744936466  ,3.076427277565     ,38.5141970809301   ,38.2041662863096   ,89.3563112990061   ,280.393487014771   ,294.004750432332   ,182.006422384898   ,0.006753553894038  ,3.32596601508061   ,14.0155246694883   ,15.5401638480822   ,16057              ,sep                ,2010               
23.9950647481148   ,1.38914645662291   ,230.522029992484   ,-0.836275303569623 ,3.03010769323449   ,35.9022648160772   ,38.4649657783078   ,82.0110702170546   ,279.572867038504   ,292.311725601938   ,186.004125924947   ,0.00611362682977544,3.32702161326553   ,14.9256334932192   ,14.6674270475642   ,16035              ,sep                ,2010               
30.0529135320029   ,0.908148945982651  ,234.991907751215   ,-0.43046588004157  ,3.29893695520977   ,40.9195193992216   ,32.4263890109558   ,79.8776225044954   ,277.774694254595   ,292.772136886949   ,194.750733140814   ,0.0054949697149978 ,3.37272083740197   ,14.260461399383    ,13.4316214864561   ,16049              ,sep                ,2010               
32.5712976850078   ,0.725412232907224  ,245.639875681324   ,-1.82662907152465  ,3.4049581406907    ,49.1913724900992   ,33.0075578249287   ,78.9991690936573   ,282.840346098711   ,295.669806365151   ,186.951142467832   ,0.00651517609657667,2.9354638967072    ,11.5643743442767   ,12.6940186701144   ,16069              ,sep                ,2010               
26.7847155174276   ,0.802314547077334  ,244.486498258396   ,-1.62375419609474  ,3.07408074938561   ,41.7908481348316   ,35.3887712393254   ,84.6219454836254   ,281.041644249278   ,294.346979982991   ,186.823534854647   ,0.00652968439789227,2.59191683842788   ,13.3695258602952   ,14.1562781545413   ,16061              ,sep                ,2010               
14.3453035303974   ,3.74456190620051   ,192.804064952344   ,1.3550629486906    ,1.40306636839452   ,20.8082864459417   ,49.8188785632483   ,91.1201538507261   ,276.048281851034   ,286.076121283799   ,99.7807155894233   ,0.00526888442249739,3.44866765468035   ,19.143530489391    ,18.750611194842    ,16055              ,oct                ,2010               
14.5913875158972   ,2.73889452106767   ,201.043363334887   ,-1.36898680739619  ,1.51418151875834   ,22.3733540149482   ,47.1850685935868   ,90.7931445515504   ,275.466707652296   ,286.637347304928   ,102.527239611459   ,0.00517136835891168,3.70149350157219   ,18.4729108626571   ,18.1748587159989   ,16009              ,oct                ,2010               
13.6631150825562   ,2.6422225651854    ,203.739850594305   ,-1.99141689221064  ,1.52846833720803   ,21.1876946156562   ,47.3283515284138   ,91.7672347979392   ,275.822209344679   ,287.146583286408   ,108.63561630126    ,0.00535437417498249,3.26683817223195   ,19.0302479650128   ,18.5492967630202   ,16057              ,oct                ,2010               
14.4341981362038   ,3.70067787369803   ,203.110037551752   ,-0.424766618299014 ,1.55285719012666   ,23.6353152844617   ,46.3999527234835   ,86.174015041784    ,275.443820121124   ,285.712620830712   ,110.303302615042   ,0.00487002324899996,3.18980274527344   ,18.3389163319707   ,17.2782176593426   ,16035              ,oct                ,2010               
17.6950811596823   ,2.73020479160997   ,219.125769369691   ,-0.537106885696724 ,1.76604032522094   ,28.9253026666302   ,41.1366826020425   ,82.4270347864152   ,274.175658144521   ,285.422285218575   ,121.692019208924   ,0.00442799876894034,3.49462174885277   ,16.7769079900221   ,15.87387374142     ,16049              ,oct                ,2010               
17.6485186524693   ,1.95553648485738   ,207.693969652944   ,-1.5434295430899   ,1.76175271565079   ,30.9769791042432   ,42.1451155841196   ,83.9897278201196   ,278.142942311786   ,288.206367675613   ,113.576798333574   ,0.00525358369877109,2.99568943248775   ,15.9664594963828   ,15.8652607083876   ,16069              ,oct                ,2010               
15.4033688207335   ,1.99358462768733   ,195.382026614395   ,-1.37486363918656  ,1.57234689528959   ,27.0727380114662   ,43.552170070576    ,87.1989898564688   ,276.592656260902   ,287.209750410145   ,113.269688441257   ,0.00518492863228496,2.59557226601361   ,17.2540417144661   ,16.7316391428004   ,16061              ,oct                ,2010               
5.6710951622785    ,4.94772693332724   ,185.444022529508   ,1.521980202707     ,0.59055093901771   ,4.2893857629336    ,66.7404946153219   ,95.1938234525453   ,269.921471043967   ,276.313710576647   ,52.0814659063708   ,0.00370917750852418,3.93517807830018   ,26.2470499878558   ,23.4247917808459   ,16055              ,nov                ,2010               
6.37224185739513   ,3.73006532274378   ,194.651898411698   ,-1.2687649372561   ,0.585889628913099  ,5.33824518653479   ,66.4732884017673   ,96.4325302921574   ,269.662740014432   ,276.288744280512   ,52.7996604960816   ,0.00373619275984558,4.26693018202246   ,25.1017642421835   ,23.3175921270833   ,16009              ,nov                ,2010               
5.95661339236299   ,3.21751056509279   ,202.117127985775   ,-1.78313842862844  ,0.586308274959524  ,5.52128203436042   ,65.1412895577749   ,97.1514224573771   ,269.955385899862   ,277.052088623047   ,57.3777401094437   ,0.0038465695224974 ,3.75778892854849   ,24.9428694639206   ,23.0724122130076   ,16057              ,nov                ,2010               
4.81391437793803   ,4.32690996523106   ,202.113383833903   ,-0.363560699356997 ,0.657937677681625  ,6.08791865246482   ,63.3465833792979   ,93.3163323346622   ,269.283100520666   ,275.877702372405   ,57.204144104305    ,0.00351037432794368,3.89275032192826   ,24.7432452449839   ,22.2998040460717   ,16035              ,nov                ,2010               
8.19907193370792   ,3.46974639653449   ,220.188903304415   ,-0.60437211765549  ,0.821902255947013  ,11.722104299116    ,57.2664775019012   ,90.9914827339257   ,267.403366414979   ,275.423519840117   ,63.4138391931182   ,0.00313014976850297,4.28828887315981   ,22.0719466976342   ,20.8342315846673   ,16049              ,nov                ,2010               
10.254391710091    ,1.86537008333508   ,210.705859014588   ,-1.28655902308922  ,0.776022096021423  ,14.7530947543128   ,58.7380702377428   ,92.7747342053582   ,271.476462118383   ,278.825894676385   ,59.926702003173    ,0.00387192855287366,3.38940800944752   ,20.7226703286808   ,20.2648252651228   ,16069              ,nov                ,2010               
8.78550991066231   ,1.72461937939384   ,197.039086497914   ,-1.15293183027877  ,0.687181687556187  ,13.1766613246627   ,59.308671184151    ,93.8249852582443   ,270.24725945633    ,277.749831438721   ,59.7618914627832   ,0.00371681172195463,2.96195942762798   ,21.2956806217015   ,20.5742498579104   ,16061              ,nov                ,2010               
3.77859220858791   ,4.27523299064219   ,160.720589639808   ,1.78964649706527   ,0.446205473577269  ,1.58244152621303   ,67.9861057409697   ,91.904778099845    ,268.565750779308   ,274.368212170594   ,46.9127751262754   ,0.00307209153189509,4.01876597765869   ,29.129711464305    ,22.9865124931388   ,16055              ,dec                ,2010               
4.4968159636332    ,3.75201684308865   ,177.555199739966   ,-1.24952788958491  ,0.501191925622626  ,2.18252118413075   ,65.9894150352102   ,91.8317052385981   ,268.290590530787   ,274.362824900851   ,46.9636345537927   ,0.00304547810203284,4.47863939958211   ,28.4478820578822   ,22.8178546926209   ,16009              ,dec                ,2010               
5.5008351958394    ,3.93472241076082   ,182.301879671733   ,-1.76731267184019  ,0.535352186117942  ,2.88376418919193   ,64.1638954766591   ,92.1508632551829   ,268.603396570841   ,275.077543563843   ,49.5170116186142   ,0.00310117202545128,4.17202976266543   ,27.9742079890569   ,22.6638162037532   ,16057              ,dec                ,2010               
3.99203045412299   ,6.16736771794289   ,181.959488601631   ,-0.506660152631064 ,0.533635268108086  ,2.02920585163607   ,64.0189750198246   ,90.2068937383629   ,267.860929367356   ,274.21058956735    ,51.9520413055984   ,0.00295490132825015,4.06765821330811   ,29.5665278204232   ,23.0377320182752   ,16035              ,dec                ,2010               
6.97290895782782   ,4.33113217756133   ,203.334858575196   ,-0.58083515834784  ,0.687429597522802  ,6.01239833738421   ,56.8370211433079   ,86.8527587171448   ,265.739122823048   ,273.810118611654   ,57.9659508874311   ,0.00259569956493034,4.40399883613099   ,26.703276176957    ,21.1490680046487   ,16049              ,dec                ,2010               
11.2607201540959   ,2.59734308673046   ,188.079994661328   ,-1.19064088765392  ,0.716010726784454  ,12.1016644633669   ,59.3668282677146   ,84.4977735621406   ,270.458808335901   ,276.730956949652   ,53.5793970835613   ,0.00311636891956449,3.76543183227911   ,23.0770316338157   ,19.1339576457699   ,16069              ,dec                ,2010               
9.99281459248756   ,2.21511121310894   ,177.859962110283   ,-1.09469406374476  ,0.593272813949375  ,10.9403009759433   ,59.6608914320134   ,87.4412478087034   ,268.970219858553   ,275.719357610865   ,53.1223449423293   ,0.00300713620785516,3.22221181520746   ,23.3602971959705   ,19.8228670792803   ,16061              ,dec                ,2010               
