bi,pr,th,pdsi,pet,erc,rmin,rmax,tmmn,tmmx,srad,sph,vs,fm1000,fm100,countyfips,month,year
1.52767352228275   ,3.86374840781677   ,208.57071968703    ,-2.13864217193692  ,0.496005412272255  ,0.950895966663346  ,67.2426830470507   ,95.0840071436736   ,267.413565786208   ,274.30509942046    ,51.7801076080573   ,0.00301345628294953,4.50150490065075   ,30.0106381897779   ,23.8643087875506   ,16055              ,jan                ,1989               
1.4618367142954    ,4.32377195783874   ,211.619722294066   ,-1.8671073837158   ,0.549138578827866  ,0.89069591352232   ,66.1997897233142   ,94.4730400148069   ,267.223007627379   ,274.017566177767   ,52.5714981915      ,0.0029253859053947 ,4.93433542020859   ,29.8909592010475   ,23.7002452894758   ,16009              ,jan                ,1989               
1.90255766690311   ,4.21197983575667   ,208.468600281801   ,-2.15582807540894  ,0.546317990776752  ,1.2757069134025    ,64.0425973695324   ,95.6329755413917   ,267.386593689457   ,274.670925174836   ,53.675438179816    ,0.00295097175230753,3.97459525310224   ,29.6031574067762   ,23.7112231396091   ,16057              ,jan                ,1989               
0.735576963193316  ,6.42495668749777   ,213.872970661704   ,-1.85254774369179  ,0.427030437791148  ,0.214870482212114  ,69.0663545996546   ,96.8745670366733   ,265.880070593529   ,272.97704794969    ,55.857749196799    ,0.00289004590424127,4.19338335083117   ,32.6514273482001   ,25.2375598962234   ,16035              ,jan                ,1989               
3.77264579962629   ,4.60571149831922   ,234.770388024756   ,-1.95746094469922  ,0.580114569148398  ,3.02572386640502   ,60.0141075695979   ,94.8176395285365   ,263.913145488159   ,272.639610220584   ,65.3456242840289   ,0.00253533598124721,4.54659544829889   ,28.4078982520134   ,22.9465846524814   ,16049              ,jan                ,1989               
6.25004420121194   ,2.64304459600091   ,219.468606756906   ,-2.69021913212676  ,0.665755357719895  ,7.4924928574781    ,59.3913605397007   ,91.8734559925626   ,269.027508069549   ,276.132060244595   ,56.212032237669    ,0.00303430514598226,3.55602826990093   ,24.5844487727706   ,21.0819651338999   ,16069              ,jan                ,1989               
4.60595183635031   ,2.39846637465906   ,205.073617231716   ,-2.59198461616663  ,0.514476959592849  ,4.44279102241498   ,62.0085430063905   ,96.0920619593401   ,267.254110162908   ,274.833240770397   ,57.1043144804228   ,0.00295776228182826,3.0163928635182    ,25.5304214779583   ,22.554915254512    ,16061              ,jan                ,1989               
11.6133025922191   ,1.789752910563     ,152.326367427643   ,-2.15310433290296  ,0.718453064521469  ,15.3407073945422   ,51.5548824254798   ,81.5039299539368   ,263.008297071956   ,271.419068297802   ,82.1315370803017   ,0.00199728822787215,3.34040397042075   ,22.4177273599489   ,16.6713519826628   ,16055              ,feb                ,1989               
11.4717402874477   ,1.82095090550822   ,161.592469365135   ,-1.80788319550557  ,0.735968067076936  ,14.5970505603391   ,49.1103756655502   ,83.5432826716922   ,262.617296375265   ,271.47982899012    ,83.361645204378    ,0.00196768669698765,3.17738930903696   ,22.8539643868086   ,17.0518430226553   ,16009              ,feb                ,1989               
10.529265448645    ,1.59923210013059   ,178.074378786555   ,-2.03060187300046  ,0.72571421961167   ,13.1516629857162   ,49.8826753030504   ,87.1158085891179   ,262.72255607605    ,271.926776351929   ,83.6585429348264   ,0.00205745389787418,2.670570465007     ,23.3292051175662   ,17.862042007276    ,16057              ,feb                ,1989               
8.44618371160745   ,2.45968301321014   ,181.273549366919   ,-1.72658464379761  ,0.76058229956381   ,10.2102547956348   ,46.1156952138467   ,85.5675791714783   ,261.566695876656   ,271.338683321626   ,90.9363914522582   ,0.0019151836077099 ,2.88572294708781   ,24.9942244881411   ,17.967944462578    ,16035              ,feb                ,1989               
10.9327305130985   ,1.88830916826995   ,201.683773627484   ,-1.7774395285709   ,0.893188765874322  ,15.667202608073    ,39.4064214980559   ,83.8768917022301   ,259.368955587505   ,271.033844326697   ,96.3720531838898   ,0.0016468153493343 ,3.19336723827375   ,22.5439082089357   ,16.8471274160835   ,16049              ,feb                ,1989               
13.0143058122039   ,1.11689302929683   ,189.27790203283    ,-2.35315832107887  ,0.795191693951421  ,19.9723135312838   ,50.2199524944297   ,82.3142866727685   ,264.45744881364    ,273.047446680033   ,91.1242023705525   ,0.00217492002830294,2.35435809656078   ,20.2823325176108   ,16.3091021477493   ,16069              ,feb                ,1989               
10.6576644376733   ,1.05708609596159   ,178.976209859534   ,-2.24947316653144  ,0.74236454287766   ,17.2647347654334   ,48.7429006496596   ,85.5994030902912   ,263.11857790536    ,272.280799113592   ,87.6604896317969   ,0.00207797418380584,2.13475332675675   ,21.1679197472411   ,17.0408475632651   ,16061              ,feb                ,1989               
2.5454599291342    ,4.17508996603088   ,199.992010535495   ,-1.80012504946548  ,1.38805404359263   ,4.1092625996144    ,54.2875699456368   ,95.5497995222389   ,270.937230744052   ,279.107271454493   ,126.578436455625   ,0.00367237950885241,4.09218777643958   ,26.005820381836    ,21.5128792759338   ,16055              ,mar                ,1989               
2.19262727736507   ,4.24225604557401   ,207.293292452438   ,-1.510090117036    ,1.48365120374137   ,3.59720452509841   ,52.9712946382637   ,94.6363456436277   ,271.008597909687   ,279.573121946262   ,130.905167373771   ,0.00368578012945213,4.30622922372991   ,26.1993592963644   ,21.422224765289    ,16009              ,mar                ,1989               
3.08277641677733   ,3.91642958491594   ,211.857982746247   ,-1.76858945901195  ,1.5674445298218    ,4.96352308347113   ,51.2398160189967   ,94.4205943347562   ,271.50150581606    ,280.710654508529   ,132.80411083406    ,0.00379795320989234,3.87336309231097   ,25.5842000992067   ,21.0217326917956   ,16057              ,mar                ,1989               
1.96555895589205   ,5.88917878885833   ,214.394751920728   ,-1.50390526856059  ,1.4371646615287    ,2.09898625453131   ,51.9711069899107   ,96.5721269932872   ,269.616730972599   ,278.688165871368   ,143.302143746278   ,0.00350837705882587,3.77051622665718   ,28.4395076023527   ,22.6768048257235   ,16035              ,mar                ,1989               
3.32191162809462   ,4.71719357436013   ,228.955770522491   ,-1.38352774400376  ,1.58386842838561   ,6.26288618768322   ,45.3776691135126   ,94.6536738803113   ,267.922225046109   ,278.141796136887   ,144.910225732738   ,0.00312753809792224,4.12266484651307   ,25.4072981183955   ,20.92444309101     ,16049              ,mar                ,1989               
4.64546986069405   ,2.77588623612367   ,217.216806187678   ,-1.83889525406288  ,1.77863044947597   ,12.7044066306668   ,47.9417106163837   ,90.5448402508757   ,273.319298478844   ,282.447665930658   ,133.961628707088   ,0.00398301236707076,3.53276791675596   ,21.7555650745936   ,18.7835959153523   ,16069              ,mar                ,1989               
3.65768922183869   ,2.96013348096732   ,211.090816594416   ,-1.72579622720227  ,1.52581712265899   ,9.05652290165436   ,51.3454241120825   ,94.444095406142    ,271.451403506754   ,280.758639916074   ,133.496008391699   ,0.00383973457450526,3.0208060574576    ,23.0093125020685   ,20.1547138549207   ,16061              ,mar                ,1989               
14.7665150427959   ,1.82238316115821   ,181.4229941113     ,-1.23994115210395  ,3.14028976275924   ,21.0572155490926   ,36.4514807822773   ,78.9808899156024   ,274.661101558146   ,287.791973064826   ,204.369514241369   ,0.00418821626837239,4.12665839156006   ,21.4330202243946   ,14.144169516099    ,16055              ,apr                ,1989               
15.1234620287704   ,1.80425327688671   ,188.742828266813   ,-0.94300662005491  ,3.21536358745376   ,20.7707001404855   ,35.928967566556    ,78.7234425433759   ,274.505625340689   ,288.12225644565    ,205.568661548682   ,0.00419210799932076,4.28153411935302   ,21.6597127910667   ,14.0727630935007   ,16009              ,apr                ,1989               
14.4206289719381   ,1.51699590951744   ,195.49192626071    ,-1.16978942798994  ,3.24402013494571   ,21.5730858952012   ,36.6926241763433   ,80.5787182006836   ,274.854909205119   ,288.58919229126    ,215.221333161672   ,0.00437284216172217,3.8320513321956    ,21.1358237047195   ,13.9642054314613   ,16057              ,apr                ,1989               
11.3685399315643   ,2.68666845226005   ,190.914613180937   ,-0.540434673219825 ,3.09476430308575   ,14.9463074352616   ,36.1595909763172   ,82.1464021177339   ,273.014731009163   ,286.520927967934   ,226.608910589238   ,0.00400827574078322,3.87933111040419   ,24.4703735891911   ,15.2468598707198   ,16035              ,apr                ,1989               
12.9830671175971   ,2.17355935294556   ,208.033313595892   ,-0.703152067075396 ,3.09485481675965   ,19.2890557135421   ,33.0981093810941   ,84.3628154229651   ,271.199209158852   ,285.500969387724   ,230.146338308947   ,0.00370001834611086,3.89316499207309   ,22.045109961218    ,14.9302429204183   ,16049              ,apr                ,1989               
17.6501471503484   ,1.29399855872802   ,203.949472033551   ,-1.32956376119306  ,3.51912752375033   ,29.3772393382276   ,34.3461300685019   ,75.8132646934659   ,276.920198445312   ,290.034146931422   ,220.697495143979   ,0.00458648518956749,3.57398159803554   ,18.1305183249149   ,12.5139359842222   ,16069              ,apr                ,1989               
13.6795143106194   ,1.53548702758124   ,196.663851193918   ,-1.12604145767275  ,3.16311496937899   ,23.7532843769089   ,37.0938234460584   ,80.1946462368505   ,275.131471281866   ,288.338115769904   ,219.093749288554   ,0.00447437070902134,3.16266899391311   ,19.7656047613496   ,13.7746436435657   ,16061              ,apr                ,1989               
7.73555552925103   ,3.25975183867427   ,207.914768182486   ,-1.24643582252809  ,3.47451059321048   ,21.2350757139447   ,40.3266934630691   ,86.9679101260079   ,276.854458254773   ,289.700065597601   ,228.522389202151   ,0.00534462972500739,3.86574507910117   ,18.9619860611762   ,15.5471030993242   ,16055              ,may                ,1989               
9.29553536106106   ,2.96575208450099   ,227.375488030749   ,-1.09242247186116  ,3.61468446664306   ,23.498479397453    ,39.0764782496549   ,86.1376197335829   ,276.363880702844   ,290.214830696003   ,236.354339854456   ,0.00524155595021631,3.8206205614015    ,18.2624796570474   ,15.0282417014483   ,16009              ,may                ,1989               
11.8194826784396   ,2.64730642449238   ,254.383275510284   ,-1.31995975639671  ,3.65609911928254   ,24.6269901830919   ,41.121530982602    ,86.91105689018     ,276.81173165106    ,290.682886844758   ,248.079818699744   ,0.00550981520735208,3.30485283065227   ,18.1026777624315   ,15.0864796600034   ,16057              ,may                ,1989               
10.6813789784876   ,3.5426583353153    ,256.544005846106   ,-0.625419014964418 ,3.44592112106442   ,20.1471487644269   ,41.0863041431901   ,88.048328888235    ,275.284575149566   ,288.312720745133   ,251.214044325464   ,0.00501767275168664,3.3590052925629    ,20.0971163629567   ,15.7711084949639   ,16035              ,may                ,1989               
11.039028912559    ,3.34379390281342   ,254.971297927184   ,-0.811852202718748 ,3.50314160574427   ,21.5143592396546   ,36.8759672907358   ,87.8103843071078   ,273.544305339187   ,287.088659710581   ,261.044866169014   ,0.00458023057143481,3.56673842762808   ,19.5582526800185   ,15.4312117199633   ,16049              ,may                ,1989               
16.2048199479562   ,2.3703095582236    ,277.328026716742   ,-1.35822663152069  ,3.95688016172604   ,31.2338154308957   ,38.2684954802332   ,80.2922597753193   ,278.816051762824   ,291.723391943684   ,253.839815544798   ,0.00552870276374738,3.16782771427508   ,16.3050416060022   ,13.6148592476107   ,16069              ,may                ,1989               
12.9450790506107   ,2.91087043135504   ,275.212835677987   ,-1.15815096309527  ,3.62300887486992   ,25.0986280991725   ,41.4796755141622   ,84.6246576535482   ,277.126260377604   ,289.971080742401   ,253.066557459881   ,0.00542108094931976,2.81680100058213   ,18.1557728648662   ,15.027770768417    ,16061              ,may                ,1989               
23.4519573985708   ,0.875395902418448  ,191.779840627914   ,-1.15451882644691  ,4.92718582424771   ,35.3851566484763   ,33.3018033285363   ,73.4080483989951   ,281.05953722458    ,296.164927692178   ,264.980790601607   ,0.00634111942977623,3.59810815025913   ,16.600639625047    ,10.9508607536023   ,16055              ,jun                ,1989               
24.4137537501291   ,0.995653079631895  ,195.335702532706   ,-0.995081175530157 ,4.91055497333143   ,35.3125768172435   ,33.0880751799785   ,74.2765501733362   ,280.335810463809   ,296.071006928393   ,263.389894981309   ,0.00619216419258605,3.62764555356912   ,16.7027785193991   ,11.1109533225291   ,16009              ,jun                ,1989               
21.6921929617048   ,1.13923206422975   ,204.699662987789   ,-1.19634452014541  ,4.842025146842     ,33.9510178232193   ,35.9828923985163   ,79.1368385003408   ,280.527277750651   ,296.309043909709   ,279.243091317495   ,0.00671801992082813,3.15332773151      ,16.7284325917562   ,11.8961692790985   ,16057              ,jun                ,1989               
18.9878343394694   ,2.02839389426873   ,212.243387350352   ,-0.525039514373145 ,4.69228799102842   ,31.1448012894354   ,33.4560659307086   ,73.6222113933926   ,279.646708245845   ,294.952729439282   ,268.128551899303   ,0.00596359921681647,3.11814132738567   ,17.926308793195    ,11.7375288705577   ,16035              ,jun                ,1989               
20.8489995011341   ,2.06493828616833   ,219.357109844858   ,-0.813436421461791 ,4.6739093995134    ,32.3189837708514   ,32.3314065479522   ,77.416978483897    ,277.855066674078   ,293.553232848473   ,281.69625136538    ,0.00577264823130612,3.20564707008074   ,17.442033282881    ,12.0656117040367   ,16049              ,jun                ,1989               
25.9985967828725   ,1.41799919851317   ,216.077088338479   ,-1.10421901108587  ,5.17128035932939   ,41.2789743328264   ,33.0702995218695   ,70.5392083948309   ,282.843077843542   ,297.334617021802   ,288.709178247299   ,0.00667229681807021,2.95503432691204   ,14.840576617263    ,10.562271009027    ,16069              ,jun                ,1989               
19.7221198071143   ,1.74415277321784   ,219.709478949811   ,-0.734656721103382 ,4.78923690082613   ,34.5300537605916   ,35.5066566598645   ,73.872459174122    ,281.059719230715   ,295.613251762285   ,287.009691317219   ,0.00649973352609033,2.66826102594042   ,16.5045977371783   ,11.4788017827289   ,16061              ,jun                ,1989               
30.9071557275698   ,0.752298530955776  ,174.909991699213   ,-1.42526402746535  ,5.82668671186395   ,48.1597692638252   ,30.7277782966333   ,70.9835731962612   ,283.28918035708    ,300.515471711254   ,310.537515684569   ,0.00716129486285497,3.11398502681481   ,12.8034128077426   ,10.1521933241763   ,16055              ,jul                ,1989               
30.2756187533346   ,0.563053242703017  ,200.677466926604   ,-1.22914121229811  ,5.93699731324369   ,50.4542265435306   ,26.9705031526569   ,68.9602662519909   ,282.240831142483   ,300.975212276289   ,311.243746159527   ,0.00642939719564731,3.02703627645344   ,12.2690388438674   ,9.55356921073839   ,16009              ,jul                ,1989               
29.0161244111617   ,0.304256036195063  ,235.638938874474   ,-1.32396008313323  ,5.79390784386666   ,45.960249131418    ,30.238606695975    ,80.0556167793274   ,282.274604866274   ,301.371703210646   ,315.052164813626   ,0.00735566973213046,2.79854167917082   ,13.2707708795609   ,11.0395272057287   ,16057              ,jul                ,1989               
30.6337527669759   ,0.598476256204163  ,212.382805451201   ,-0.759799031446241 ,5.95035053944186   ,52.2416644667747   ,25.0817308624599   ,58.3631226466052   ,282.792917442673   ,300.630118460526   ,315.537873637617   ,0.00599923891709317,2.7660473216558    ,12.3653187369338   ,8.53757070273939   ,16035              ,jul                ,1989               
27.9208448676343   ,0.775870365992496  ,211.824190234853   ,-1.03653783291189  ,5.82166977089735   ,48.1025303847958   ,24.6331524573583   ,70.1444742161984   ,281.274794441413   ,299.77651478833    ,313.410480867663   ,0.00649840820252654,2.91839739361376   ,12.9283548445107   ,9.70911182670484   ,16049              ,jul                ,1989               
36.4716671947295   ,0.32451737792343   ,249.291932275804   ,-1.00272609805657  ,6.14571237979479   ,56.8304512691185   ,25.4877835894445   ,63.0822869600747   ,285.657482203151   ,302.252330741205   ,313.442215798908   ,0.00667905340978337,2.74964056160813   ,11.2935593684254   ,8.57490822128413   ,16069              ,jul                ,1989               
30.311133811747    ,0.426387821663368  ,229.216379464434   ,-0.533732770785648 ,5.68106917555063   ,48.456151718459    ,30.0357002733994   ,72.1606993292593   ,283.731454668729   ,300.565596968738   ,316.187007280643   ,0.00717452636565363,2.49101671038612   ,12.9913993949605   ,10.159732440922    ,16061              ,jul                ,1989               
18.3286343610975   ,3.9051018324028    ,190.329279265942   ,-1.15369932172598  ,3.97475326233741   ,35.3764445468057   ,37.5471271579205   ,86.7386347305944   ,282.542919884604   ,296.201293317379   ,229.279069576165   ,0.00751415064977995,2.90633991219427   ,14.5865260468177   ,14.7570460814017   ,16055              ,aug                ,1989               
19.7146138630331   ,3.25716214645577   ,196.7612252465     ,-1.11302521502272  ,4.21014372873315   ,39.7271316284031   ,32.0850053393311   ,83.1831830995505   ,281.265188410483   ,296.812237638534   ,230.678993975076   ,0.00663139867915598,3.03564840844169   ,13.5784108552753   ,13.6352327309121   ,16009              ,aug                ,1989               
15.6863961502419   ,2.97822021928553   ,217.914128937836   ,-1.20277553593119  ,4.0841710127842    ,35.6028046667191   ,35.1405661538339   ,89.7966269271604   ,281.288704445131   ,297.456322868101   ,231.724953717878   ,0.00750335492385221,2.8156172810543    ,14.3131308457159   ,14.7337412655738   ,16057              ,aug                ,1989               
14.8591506602523   ,2.54186264799043   ,218.537783287647   ,-0.779593335407989 ,4.02528557290909   ,37.6198298944943   ,35.3532153535229   ,83.3276711321947   ,280.624594850689   ,295.670596098482   ,234.086821258405   ,0.00677121114320502,2.70892482315105   ,13.5856507531635   ,13.920175800185    ,16035              ,aug                ,1989               
18.3114863388079   ,2.14343526718057   ,231.761613532281   ,-1.03938602215041  ,4.07008461368449   ,38.443887303649    ,31.5889787416946   ,84.8195215899561   ,278.687841568628   ,294.752054505512   ,239.837033585556   ,0.00632357419355798,2.86877141730871   ,13.8574371943749   ,13.7168522615272   ,16049              ,aug                ,1989               
18.886924332437    ,2.47087246759719   ,234.429204977976   ,-0.665875906237599 ,4.39873183203377   ,45.3632128805832   ,31.39868026942     ,79.1691100963009   ,284.111138160051   ,298.453242682456   ,231.124475336001   ,0.00708739460707488,2.72147728089672   ,11.9079423935758   ,12.4830975554741   ,16069              ,aug                ,1989               
11.9435149114708   ,2.33142005830373   ,229.179274449187   ,-0.179253748666813 ,4.00188293065493   ,35.6911026242255   ,35.1154539350572   ,87.4406467265874   ,282.091665570496   ,296.884901749996   ,231.445361027302   ,0.00740381112461003,2.44661519551906   ,13.9377718908696   ,14.3460609525148   ,16061              ,aug                ,1989               
22.1684204781952   ,0.863223478398172  ,157.246023286566   ,0.996378689472894  ,3.21950363668068   ,31.4590190362865   ,34.6145469186728   ,85.9745530927786   ,278.768025109143   ,294.397798368143   ,189.397655744513   ,0.00592175092479784,3.27505707729337   ,17.1436210607468   ,14.1893089055688   ,16055              ,sep                ,1989               
23.4476134136063   ,0.98154939456858   ,153.62678095415    ,0.968745706231872  ,3.4139301159443    ,35.0257445675852   ,30.0675787797811   ,82.3753016439885   ,277.860594162198   ,294.844860292092   ,192.392402996537   ,0.00536867278936655,3.31082440022181   ,16.1715215442214   ,13.3016071556588   ,16009              ,sep                ,1989               
20.1441944184048   ,0.790957774968818  ,166.400841194512   ,0.952229199409485  ,3.32132539112369   ,30.0644449137052   ,31.1895556569099   ,90.0331130943298   ,278.031588567098   ,295.618432998657   ,195.893300928752   ,0.00598783009250959,2.95486699126164   ,17.4660849569639   ,14.9623078536987   ,16057              ,sep                ,1989               
20.2157242271003   ,1.30925087847799   ,180.63825255733    ,0.097524351553914  ,3.19909999815405   ,34.0906799283475   ,32.2565563582635   ,79.887406288561    ,277.652803748187   ,293.889240656847   ,195.656801031273   ,0.00557308519768402,2.88813914072354   ,16.1467481891062   ,13.284466974159    ,16035              ,sep                ,1989               
24.2733137696161   ,1.27585841875058   ,177.110008009566   ,-0.40193153753378  ,3.27639831742991   ,36.193924691075    ,29.1316174681674   ,82.7726999888439   ,275.775926093491   ,292.864407059532   ,201.855947462499   ,0.00522711873061776,3.09807695495618   ,15.7780219448275   ,13.4371232212272   ,16049              ,sep                ,1989               
25.0821096408511   ,0.72828242861684   ,181.80994649561    ,1.41913513138014   ,3.54638252191365   ,40.1275457698394   ,28.1492364527282   ,80.4942518547044   ,281.03467167873    ,296.85952871666    ,197.490341805987   ,0.00603047267373223,2.73122726660786   ,14.7576966799092   ,12.4556587094717   ,16069              ,sep                ,1989               
19.3767210134967   ,0.891138920547651  ,188.892552132003   ,1.36374349916769   ,3.22205213130998   ,32.5018477588317   ,30.376718260237    ,87.397089591959    ,279.045656781157   ,295.599472037491   ,197.309785310099   ,0.00613706515314309,2.45171298931453   ,16.6369426238635   ,14.2343179189141   ,16061              ,sep                ,1989               
13.1135976070716   ,1.9397574225098    ,186.531615578193   ,0.900463301458477  ,1.47866966302107   ,20.9520705014321   ,46.5666177092076   ,93.7588116164608   ,273.916162930145   ,285.405868054259   ,109.808252658436   ,0.00476526215273902,3.33532518703086   ,18.6184797174314   ,18.7753909561844   ,16055              ,oct                ,1989               
15.1240411286756   ,1.8160409948273    ,190.72745837631    ,0.844494912957064  ,1.56601375004653   ,23.2300489853074   ,43.682564370071    ,93.5833836610273   ,273.388414540576   ,285.660242373763   ,113.326231051957   ,0.00463952928711114,3.47271670597067   ,17.9352402283868   ,18.4275238250453   ,16009              ,oct                ,1989               
15.719174089865    ,1.56062787229797   ,201.512565085907   ,0.815822884906083  ,1.58685352758534   ,23.1613001021262   ,41.9304090742911   ,94.6118749723127   ,273.842478209465   ,286.50099510439    ,120.139884514347   ,0.0048046599797559 ,3.09019877255924   ,18.3144428079359   ,18.4085678457445   ,16057              ,oct                ,1989               
14.152525437946    ,1.81526299742504   ,214.010246048701   ,-0.175194641585718 ,1.52936892363569   ,22.708204058356    ,43.1315883291635   ,92.9178447037872   ,272.975217600551   ,284.769124266055   ,122.306475414762   ,0.00450765698820789,3.15119552293205   ,18.2335253364757   ,18.3537313037831   ,16035              ,oct                ,1989               
18.327195385834    ,1.46420871229505   ,218.302016264043   ,-0.547639509661968 ,1.71373142741886   ,26.322667214075    ,37.9694569312487   ,91.2235463392905   ,271.35624591861    ,284.002963300124   ,130.283191870678   ,0.00402646769182743,3.50480512314355   ,17.4943629135878   ,17.4594733081289   ,16049              ,oct                ,1989               
21.3629527433477   ,1.01298519835458   ,206.336434076238   ,1.18771315951053   ,1.88017232994468   ,33.8410915703286   ,35.5286033517516   ,87.4561234593124   ,276.033003734189   ,288.088529330483   ,126.450113709104   ,0.00465434133731457,2.8831383643509    ,15.2656967138574   ,15.7180778931313   ,16069              ,oct                ,1989               
17.015142913101    ,1.09340040466615   ,208.307895106336   ,1.12436548028316   ,1.63717048936798   ,26.9730928509244   ,38.0966905155553   ,92.2574635716446   ,274.450686311124   ,286.774308699158   ,127.021114838533   ,0.00469536054538033,2.58466360962127   ,17.2711447468124   ,17.3263755634097   ,16061              ,oct                ,1989               
2.94040197048487   ,5.17175463445954   ,197.587651983447   ,1.08324008933377   ,0.527555478943719  ,2.47318229905299   ,62.9841074955316   ,95.7562389080744   ,272.510350051273   ,278.565985559534   ,52.7371964979237   ,0.00432524932896532,4.42999930371963   ,27.2900726731749   ,23.7386953317252   ,16055              ,nov                ,1989               
3.87233939354539   ,4.30997549479956   ,207.860519058253   ,0.898230031010083  ,0.618625113594344  ,3.52157183835144   ,60.1852528107472   ,94.9471302205524   ,272.485655341816   ,278.913679760213   ,54.4706054871839   ,0.00427456925870186,4.81193731856299   ,26.2501711294261   ,23.0634116453062   ,16009              ,nov                ,1989               
5.46810306562809   ,3.280439725559     ,208.520842389425   ,0.721749155105402  ,0.738691276335468  ,6.41613493263892   ,55.3614316094716   ,93.6691561253866   ,272.94539680481    ,280.145228022257   ,60.049716641744    ,0.00427046057620707,3.94022497816881   ,24.8318670914968   ,21.7475845522881   ,16057              ,nov                ,1989               
4.05290675845963   ,5.17896754437705   ,214.944621113944   ,-0.105963046051247 ,0.645068551400982  ,4.10524795199245   ,58.4408991974286   ,94.1937109470703   ,271.173892517305   ,278.194193213519   ,60.0131227766149   ,0.00396228483766501,4.15591609360384   ,26.4244287021736   ,22.7225975545382   ,16035              ,nov                ,1989               
6.31150365159381   ,3.39512661382876   ,233.083554867568   ,-0.544448621367034 ,0.801743056176821  ,8.55652714884352   ,50.0968300035291   ,92.9859039561192   ,268.819652321486   ,277.736288577955   ,68.2876331150048   ,0.00348824776900124,4.31028306222188   ,24.0375337848111   ,21.3565103616462   ,16049              ,nov                ,1989               
11.9279776625832   ,1.47846544474768   ,214.187456957159   ,0.824132751255112  ,1.05277189089653   ,19.6053023083378   ,46.5938412773418   ,85.7864985328307   ,274.526097000856   ,282.233943997687   ,64.3198862565392   ,0.00418760674970752,3.56236687306839   ,19.4777802972233   ,17.5175270956893   ,16069              ,nov                ,1989               
9.06460062287852   ,1.32558831412951   ,203.451020796174   ,0.842186455915043  ,0.851141211928251  ,15.6199819372377   ,48.1921553509294   ,90.0844274326461   ,272.914008144242   ,280.92814169219    ,64.1333608375108   ,0.00407566649344757,3.03648853541734   ,20.8074408152872   ,18.7496848782889   ,16061              ,nov                ,1989               
3.986200271479     ,2.6613155808683    ,219.035408032578   ,1.30710957111185   ,0.274600325460727  ,2.33990245714435   ,74.435149464653    ,96.2619871571231   ,269.639027938529   ,274.351182415914   ,42.6127880219406   ,0.00346218807583187,3.02086916855333   ,27.2301976861941   ,23.0297656743451   ,16055              ,dec                ,1989               
5.86749230670565   ,2.47089457409906   ,231.453075061324   ,0.969702439484277  ,0.34683976155252   ,3.94240522428399   ,69.7673682557055   ,95.6093240064512   ,269.269154366939   ,274.566160556409   ,43.9409411718154   ,0.00337018911543998,3.35684649251857   ,26.2904576578084   ,22.2235379128766   ,16009              ,dec                ,1989               
7.65581024593084   ,2.10433684391218   ,227.806236925761   ,0.437283126777766  ,0.392934633549924  ,6.97342305623697   ,65.7105540561676   ,95.2012892913818   ,269.41534795634    ,275.594515340169   ,47.1830612360636   ,0.00338747574617931,2.92271435826023   ,24.877708290418    ,21.6473101641337   ,16057              ,dec                ,1989               
3.91837096237893   ,3.39457628616534   ,230.052569923643   ,-0.277325122678323 ,0.3183688819193    ,2.92143042779696   ,68.2558913183179   ,96.8168452670828   ,267.918054934738   ,274.167060145566   ,49.1311311288986   ,0.00328014487202277,3.13944961666809   ,27.6043948566687   ,23.2368124798539   ,16035              ,dec                ,1989               
8.75195386606957   ,1.88764597642989   ,253.832765119543   ,-0.829879329267337 ,0.496547512717568  ,9.65253301119361   ,56.8940372057614   ,94.031262006567    ,265.601267073578   ,273.973662830665   ,55.6932618389968   ,0.00282316531570631,3.56518178198974   ,24.2713674397958   ,21.0146592930657   ,16049              ,dec                ,1989               
14.1070589905077   ,0.94325115335159   ,232.62981858959    ,-0.323187703206976 ,0.558146240614992  ,19.888375032469    ,57.4852789737749   ,88.419126105351    ,271.10911992255    ,277.75643233301    ,51.769237948399    ,0.00341986950008371,2.62647169155339   ,19.4056518540238   ,18.2155674598646   ,16069              ,dec                ,1989               
11.758876288516    ,0.81464618946382   ,219.294719357661   ,-0.100035238210574 ,0.477271353410295  ,16.5423640202218   ,57.8797126433738   ,92.2152668524708   ,269.642909803995   ,276.750188343059   ,51.0758334535541   ,0.00330294411710897,2.29468149375324   ,20.4654664951251   ,19.3689200635127   ,16061              ,dec                ,1989               
