bi,pr,th,pdsi,pet,erc,rmin,rmax,tmmn,tmmx,srad,sph,vs,fm1000,fm100,countyfips,month,year
4.80703475332518   ,1.81703156070715   ,201.026332781876   ,-1.99804565527148  ,0.430629240699804  ,3.77849312652139   ,69.6481741699235   ,94.9995984323436   ,271.243216654986   ,276.686977060861   ,53.3232264400367   ,0.00382967007541914,3.3657540622562    ,27.4841123583718   ,22.8458951633321   ,16055              ,jan                ,1994               
5.90887298351715   ,1.91153222383385   ,200.529414666964   ,-2.25423810679532  ,0.537110223563391  ,4.92984530862802   ,64.9894103836435   ,93.6793661450675   ,270.889140432539   ,276.882637835068   ,54.5448399562148   ,0.00368549695872567,3.80094987953817   ,26.7562724272016   ,22.0850498321789   ,16009              ,jan                ,1994               
7.84581244126924   ,1.79060294961422   ,201.224997106829   ,-2.33929846088092  ,0.601386473911904  ,6.96122820149634   ,62.4182935727027   ,93.0282495689392   ,271.041616555491   ,277.668570497574   ,55.2562892112424   ,0.00368946851458355,3.30031761891419   ,25.9410520310556   ,21.5514198709303   ,16057              ,jan                ,1994               
5.65029127223145   ,3.15078046710738   ,207.63354829258    ,-1.22967265410857  ,0.464238135041093  ,4.25567828881263   ,65.1109166953441   ,95.1361308654252   ,269.312036462901   ,275.869645112014   ,58.6731425996351   ,0.00355837790364777,3.4141280722514    ,28.1131427651464   ,23.0347092754395   ,16035              ,jan                ,1994               
7.97942224780373   ,2.59727330986671   ,223.532603633184   ,-0.792794495479727 ,0.563388809909181  ,6.96755414411817   ,57.9299161119187   ,95.5308714269408   ,266.368309423595   ,275.19859570097    ,66.2366196811529   ,0.003157387826471  ,3.77897575118485   ,25.782596004009    ,22.2741988799782   ,16049              ,jan                ,1994               
12.8589349155905   ,1.0149445190021    ,205.38690037583    ,-2.00342662332317  ,0.73820054928753   ,15.183723501227    ,56.8217497376999   ,88.7715491912931   ,272.265410621515   ,279.283315887899   ,57.839902095719    ,0.00374980421059832,2.95150537942327   ,21.6693985145915   ,19.191632503597    ,16069              ,jan                ,1994               
12.5608659755483   ,0.942566534720055  ,196.509566089879   ,-1.97547963310864  ,0.669228521560278  ,15.4643963074887   ,57.3471046601318   ,88.9370169511193   ,271.319999493462   ,278.375357159803   ,58.5086684368096   ,0.00361485452070235,2.55760871998566   ,21.4467093572716   ,19.2055477387935   ,16061              ,jan                ,1994               
5.08547223606132   ,2.49150569130448   ,182.222208880874   ,-2.61780005979603  ,0.800972486010094  ,9.22644296184435   ,59.5660303941129   ,89.8028757396969   ,267.121110136827   ,274.909780153592   ,80.0941955514826   ,0.00282476708780728,3.82302828834801   ,23.368652601371    ,19.5973461633006   ,16055              ,feb                ,1994               
6.31911991584915   ,2.71112340363746   ,189.097494552625   ,-2.79017540453924  ,0.891070966568672  ,10.0538170138177   ,56.7706938765357   ,90.3287640190286   ,267.003653467457   ,275.342686050944   ,84.2054393918254   ,0.0027967237077257 ,4.1886023086254    ,23.0587218712672   ,19.6162551809748   ,16009              ,feb                ,1994               
5.77177756158477   ,2.49707018251614   ,190.911521136761   ,-2.9158996172746   ,0.989348154898201  ,12.4920388860345   ,54.133330540657    ,88.1042636353629   ,267.690803544181   ,276.382403052194   ,86.8407080371039   ,0.00281138830454438,3.63904548874923   ,21.8981816336087   ,18.6694942382404   ,16057              ,feb                ,1994               
5.70644195651102   ,4.25199871597401   ,207.61499355859    ,-2.3189866909097   ,0.915604637651663  ,9.85672897454641   ,51.0571515766813   ,90.6679850174775   ,265.961134386653   ,275.298847401261   ,98.7205545325468   ,0.00263720922985869,3.5623784280078    ,23.5894314753113   ,19.8309761887409   ,16035              ,feb                ,1994               
8.70706000334078   ,3.26093664496195   ,228.495030199789   ,-2.1540256428664   ,1.05684290880835   ,13.3745275159184   ,43.1881889524262   ,90.8827612481109   ,263.469610586955   ,274.929209400013   ,102.766991423829   ,0.00231371166222065,4.07345716069286   ,22.2707634087793   ,18.9477473934998   ,16049              ,feb                ,1994               
11.3262441746921   ,1.58735243515578   ,206.519539255327   ,-2.620243453512    ,1.1829760068013    ,22.9170441000493   ,48.247979010217    ,82.1185831029147   ,269.131828066226   ,278.301455606296   ,95.8079017245014   ,0.00280835838348806,3.19302985355588   ,18.1571743122214   ,15.9511112317136   ,16069              ,feb                ,1994               
10.5532304559527   ,1.61255559600354   ,196.243474935556   ,-2.57230698421967  ,1.08973049107222   ,21.9310737332459   ,48.2522894176429   ,84.5415242132077   ,268.002977341941   ,277.735555574491   ,94.2404525969639   ,0.00274597832370852,2.82242537248515   ,18.3647725970573   ,16.5397017505966   ,16061              ,feb                ,1994               
14.658605381692    ,1.60079696165235   ,211.603237157163   ,-2.74338303410304  ,2.07019629041528   ,18.6751523563057   ,38.7265271491047   ,83.7862499611289   ,270.927478951824   ,283.470351895345   ,160.127147863447   ,0.00332385936000153,3.96636822183151   ,22.0356973112302   ,16.2647237861266   ,16055              ,mar                ,1994               
14.736285994438    ,1.35220795464891   ,213.132720181063   ,-2.89455489364601  ,2.12899963417497   ,18.4525434648087   ,37.6696347773451   ,85.2011714286535   ,270.53480918609    ,283.494624519967   ,166.634199800326   ,0.00328939562732499,4.13862117084526   ,22.1366223751941   ,16.3362189382286   ,16009              ,mar                ,1994               
15.7378214325854   ,1.05266371223685   ,224.798400179908   ,-3.07086343248685  ,2.18430806729101   ,21.2726568031371   ,36.3538471264993   ,85.3897323030041   ,270.928820362706   ,284.230230122228   ,168.725181568515   ,0.00333082004238085,3.60287522485179   ,20.9433718629037   ,15.8325669827      ,16057              ,mar                ,1994               
13.3741238204296   ,2.05047797569426   ,231.510730372289   ,-2.28841486726536  ,2.12164718490713   ,16.0840848408533   ,34.8507412606272   ,85.4475302819478   ,269.565731067055   ,282.818561954859   ,182.507502422841   ,0.00307813414243504,3.46379441273681   ,23.5968273731677   ,16.629947845017    ,16035              ,mar                ,1994               
16.2342019217777   ,1.5254420308886    ,240.882741739972   ,-2.14273037747644  ,2.2501458634116    ,21.501863087718    ,29.5041699443592   ,84.6126469086795   ,266.960306291695   ,282.195157479299   ,181.677168995299   ,0.00262169180753005,3.71978322069903   ,21.1976398391176   ,15.6155816285788   ,16049              ,mar                ,1994               
20.7502970614872   ,0.660941074185886  ,232.019158700101   ,-2.79847416074518  ,2.43409572590296   ,31.5878722236262   ,32.1956285307567   ,78.3815841595839   ,272.827389122063   ,285.788412470848   ,173.452829080963   ,0.00335377407405352,3.3105599443954    ,17.303307095005    ,13.4186023589103   ,16069              ,mar                ,1994               
18.3665688329956   ,0.725525473533245  ,229.701671293658   ,-2.67634475477471  ,2.25108960878687   ,29.7594950780713   ,33.1436733974517   ,78.8618137722681   ,271.680759508239   ,284.704256652165   ,172.433446555162   ,0.00321339483809106,2.87909095290819   ,17.7726817100533   ,13.7123603972077   ,16061              ,mar                ,1994               
13.1709932380371   ,1.78845308339543   ,179.384491971491   ,-2.94872200374577  ,2.79756209097281   ,22.7293712995998   ,41.9123916257065   ,86.5353767426416   ,275.15253701125    ,286.687340814619   ,184.826078500211   ,0.00452741091388734,4.04936693970559   ,18.9122133964047   ,15.3455290403222   ,16055              ,apr                ,1994               
11.4379099920922   ,1.94617826307406   ,189.871033208963   ,-3.13487659521122  ,2.81831844831124   ,21.5368373528505   ,40.9599076765764   ,87.4674047330898   ,274.529523722331   ,286.719774180757   ,184.132522105983   ,0.00445115144357188,4.17090062417928   ,19.1626905371687   ,15.6703609769396   ,16009              ,apr                ,1994               
12.0826949743253   ,1.98046190488323   ,216.090985722562   ,-3.46920048276583  ,2.92082543185353   ,23.9680635311604   ,39.9918777103424   ,85.5893420530955   ,275.09327684021    ,287.381482655843   ,192.33020296224    ,0.00447201712464448,3.6645062923034    ,18.2970189347267   ,15.2688864741325   ,16057              ,apr                ,1994               
10.2849332652795   ,2.85484251098975   ,206.585891985905   ,-2.62640444118427  ,2.74204306909952   ,19.3766450608508   ,40.4894531191529   ,87.1697982040739   ,273.276235382317   ,285.286553563662   ,205.104713175413   ,0.00422092761153288,3.54164099297194   ,20.3263305803854   ,16.0870700624478   ,16035              ,apr                ,1994               
12.3302886879603   ,2.76492150981661   ,220.723135654153   ,-2.51999706008795  ,2.90774751768841   ,24.447033704521    ,33.6515833846336   ,83.2381421470602   ,271.543742971998   ,284.616797579007   ,212.500570486745   ,0.00361048430769744,3.64562697970145   ,18.5524339870093   ,14.8601643104938   ,16049              ,apr                ,1994               
15.2737777458083   ,1.7922459510585    ,237.067525097181   ,-3.43139139789948  ,3.20420256611923   ,32.0427411113406   ,36.224768596962    ,79.5896273669075   ,276.905647430148   ,288.637064286774   ,198.761168906608   ,0.00450208846951956,3.47798484365145   ,15.542365323031    ,13.6184367003925   ,16069              ,apr                ,1994               
11.3889533334975   ,2.11231413032031   ,231.86810014145    ,-3.24596037713621  ,2.93574121001667   ,27.5272914504217   ,38.2359043567962   ,82.1607179809864   ,275.590194508786   ,287.228772704069   ,196.701888795332   ,0.00439499794007164,3.04497489904569   ,16.7305247505177   ,14.558843673622    ,16061              ,apr                ,1994               
12.8134733915091   ,1.9973143699224    ,202.373202587494   ,-3.18852853971254  ,4.02931727338214   ,29.8763526256667   ,37.6903115832978   ,83.2581354351644   ,278.294255548212   ,292.419988751965   ,254.477939532285   ,0.00577912308429869,3.4784226220521    ,16.330302063757    ,13.5688442431265   ,16055              ,may                ,1994               
13.7080662506545   ,2.02630597286621   ,211.239174427934   ,-3.32097471160061  ,4.16510534805295   ,29.6792601639816   ,36.0534200003912   ,83.9864649910079   ,277.78834030696    ,292.916878237345   ,260.860910373782   ,0.00570154455381083,3.48954041847452   ,16.597796729376    ,13.5311900816202   ,16009              ,may                ,1994               
13.7125085579234   ,1.87098867150579   ,222.987276447012   ,-3.66939497113228  ,4.15180631241491   ,29.3507063864123   ,36.8541020414906   ,83.1181524504385   ,278.214725351641   ,293.041330482729   ,264.091859485257   ,0.00577363861859926,3.05929834633104   ,16.8441738125586   ,13.5521684254369   ,16057              ,may                ,1994               
12.8076946572349   ,2.51370981269435   ,228.276493431002   ,-2.86467787117249  ,4.00258959796576   ,27.6982999827782   ,35.4660417229224   ,81.7832947547411   ,277.229375557612   ,291.480479775497   ,260.064416420343   ,0.00534970892304366,3.02482152538411   ,17.5875400166829   ,13.6723449776038   ,16035              ,may                ,1994               
11.8422726436771   ,2.78124440495514   ,230.260931250881   ,-2.69675420762945  ,3.88558686076928   ,26.7379866087401   ,34.5159806393738   ,85.3329866961203   ,275.473346217755   ,289.887097481931   ,263.411405430346   ,0.00515876561353266,3.19367294601098   ,17.5514448902454   ,14.3088879130344   ,16049              ,may                ,1994               
15.0866805519661   ,1.67894256625235   ,219.618010083869   ,-3.74464689941542  ,4.33014016540498   ,34.7119808141087   ,34.4137187595509   ,76.3784382737709   ,280.090551531971   ,293.744339057695   ,262.221581421372   ,0.00571127814138416,2.87173055717199   ,15.2030871137784   ,12.212155105781    ,16069              ,may                ,1994               
11.8859586460745   ,1.92072936278125   ,215.857864450044   ,-3.63010200554346  ,4.00255241183655   ,30.6197089281949   ,36.8040972455156   ,79.9778848346536   ,278.75660255247    ,292.214126269616   ,259.013718141552   ,0.0056155948142785 ,2.51107636193408   ,16.1549646730456   ,13.1358069001881   ,16061              ,may                ,1994               
17.429382607907    ,2.23631974791569   ,211.911109269794   ,-3.14115427845299  ,4.7576177242852    ,30.6174770275425   ,35.4383411642946   ,77.9844919066043   ,279.771572603872   ,295.078567814663   ,269.091688776212   ,0.00605260395404687,3.84579785627266   ,17.2239219583111   ,12.7844169338708   ,16055              ,jun                ,1994               
17.4313950206608   ,1.89458715297829   ,220.986222723532   ,-3.24903562271148  ,4.84280509003521   ,30.6737403292157   ,34.293962414307    ,79.8904262753398   ,278.922923769377   ,295.598402082755   ,267.49383136516    ,0.00597096672713301,3.91910863968983   ,17.1931780926104   ,12.8634615941396   ,16009              ,jun                ,1994               
17.6179477691395   ,1.64056490884473   ,229.633678130527   ,-3.69798535505931  ,4.92822093288104   ,31.0833895099958   ,34.7081756536166   ,81.2384063307444   ,279.185180582682   ,296.018652420044   ,283.318118390401   ,0.00609751238604076,3.38457113659382   ,17.079264638106    ,13.0068094580968   ,16057              ,jun                ,1994               
14.6935703606045   ,2.78986177351375   ,237.271434218086   ,-2.78449131528452  ,4.68864443740683   ,27.7387274780435   ,33.3577662395372   ,75.2498802487492   ,278.654958672016   ,294.354794981448   ,269.251894010365   ,0.00556955207633957,3.24610781848557   ,18.5092619174127   ,12.8961555878993   ,16035              ,jun                ,1994               
16.5396098816001   ,2.96473401695893   ,240.462986306112   ,-2.58275249180336  ,4.75841080277705   ,27.7929755815343   ,30.6336888214412   ,77.8584222979032   ,276.95367218977    ,293.302998535042   ,285.315928087904   ,0.00537299686924696,3.32492164120733   ,18.7879696963257   ,12.9815233567941   ,16049              ,jun                ,1994               
21.1008884536664   ,1.54232439431652   ,237.792025670765   ,-3.88414873392612  ,5.36223441772495   ,38.2050079342303   ,30.1023527548275   ,71.849929339023    ,281.399254527916   ,297.092860097086   ,292.102277579622   ,0.00578956857558967,3.24768298107885   ,15.2074728644468   ,11.3077938293603   ,16069              ,jun                ,1994               
17.0958035372163   ,2.03828912096473   ,230.416468454951   ,-3.76946045248962  ,4.914425867681     ,32.3513999603997   ,32.9681746154449   ,73.7307262289294   ,279.851349234253   ,295.239245992193   ,291.396353840894   ,0.00571116526289163,2.80877587989014   ,16.879387081162    ,12.2822157268025   ,16061              ,jun                ,1994               
39.4885208088254   ,0.288720084245238  ,183.805290537155   ,-3.34841989980313  ,6.18918308793319   ,57.6059868763314   ,23.2920166890681   ,62.4872052526784   ,284.819299083868   ,302.561274492169   ,311.244590689394   ,0.00671360712800337,3.0576905838984    ,11.6276871469666   ,7.98380018638359   ,16055              ,jul                ,1994               
39.1469804238321   ,0.323803471134505  ,200.66023717718    ,-3.50369742824246  ,6.14652966274335   ,56.2594622127608   ,22.4044290578281   ,67.3986109099922   ,283.387721467096   ,302.779221213076   ,311.742260645491   ,0.00658752255893335,3.05178383464325   ,11.8888227818098   ,8.49753838783231   ,16009              ,jul                ,1994               
37.3923983043061   ,0.340462215080737  ,225.010754940318   ,-4.00548353592555  ,6.18205711526255   ,54.6820185156791   ,21.7883838390535   ,71.8158664906409   ,283.366317694879   ,303.216562091458   ,316.630601122456   ,0.00670308888469252,2.94656459900641   ,12.1466066680416   ,8.99498372516324   ,16057              ,jul                ,1994               
30.9057199902649   ,0.654216251795919  ,177.397334588445   ,-2.72719921949802  ,5.89243714502756   ,52.5083755875466   ,23.4089059465491   ,60.959523685338    ,283.257054358902   ,301.299664739127   ,314.340989744062   ,0.00626100274780216,2.75794445711862   ,12.5207216739817   ,8.34770074783678   ,16035              ,jul                ,1994               
28.8972993274124   ,1.108149405289     ,192.226676368005   ,-2.40896743323787  ,5.72243752829824   ,48.6924940678487   ,23.2411271067587   ,68.6528861132364   ,281.209814778893   ,299.729232614995   ,311.987205620048   ,0.00626765518327397,2.87733099102104   ,13.2197850727857   ,9.28978777395812   ,16049              ,jul                ,1994               
39.1706723303574   ,0.585292276219934  ,240.213229724741   ,-4.12602739028115  ,6.53727026540533   ,61.6641921445956   ,18.0608145041118   ,57.1310821950734   ,286.539181656481   ,304.143137454246   ,313.820267224406   ,0.00603437206529326,2.92315873870238   ,10.7115461012403   ,7.40095740374726   ,16069              ,jul                ,1994               
33.9077234599267   ,0.710934766764266  ,221.314642189566   ,-4.01901978270738  ,6.00869057102859   ,55.9255835729674   ,20.4255256726563   ,62.3621634877672   ,284.573698767406   ,302.31994631347    ,315.889911260073   ,0.00613327256266809,2.53980048079867   ,11.9638198339218   ,8.18915800900816   ,16061              ,jul                ,1994               
51.0143540416654   ,0.130924336716941  ,167.021525288426   ,-3.81121571956839  ,5.52113220385626   ,66.9905622733726   ,23.7396569604594   ,72.5081264820451   ,282.958355687773   ,300.999842680325   ,276.469917405732   ,0.00641380910462217,3.44492294675054   ,8.89036970468975   ,8.88267818403073   ,16055              ,aug                ,1994               
50.0215376371106   ,0.103052682762901  ,183.263701945299   ,-3.89280397793245  ,5.53968520755189   ,64.7351772725571   ,21.8217039752675   ,76.4313493194551   ,281.583850305029   ,301.614757598277   ,275.819790983773   ,0.00615448600574005,3.34738654635475   ,9.44188524225464   ,9.35576432104852   ,16009              ,aug                ,1994               
47.6855598827127   ,0.0765720133023757 ,206.072329571862   ,-4.38620715737343  ,5.4926767844154    ,63.2448223907717   ,20.9693298489048   ,78.6466998555583   ,281.715394705495   ,301.998552831834   ,276.392601517708   ,0.00613616927981287,3.12058302554392   ,9.75913162946701   ,9.71072898803219   ,16057              ,aug                ,1994               
49.947010559261    ,0.113736769225596  ,196.399707970728   ,-3.02548384918471  ,5.42321816256888   ,68.280110336233    ,22.1475638920505   ,65.9614850944202   ,281.693882836901   ,300.938258252446   ,277.144399401908   ,0.00586537344056397,3.02682617309352   ,8.99770726538417   ,8.17778873776931   ,16035              ,aug                ,1994               
44.874290631825    ,0.195113842841444  ,205.473443786913   ,-2.56127846090838  ,5.23370355783311   ,61.4002834066503   ,20.5959197842365   ,72.8300190255926   ,279.780763472415   ,299.659984689388   ,272.734933427992   ,0.00572043702593439,3.03518269897115   ,10.3478396922696   ,9.31227465499855   ,16049              ,aug                ,1994               
55.7140203104453   ,0.0842846754193884 ,227.634633140809   ,-4.42391551135908  ,5.78716890861685   ,76.9694607928639   ,17.5859070956059   ,59.1936076376301   ,284.927105511265   ,302.927708050496   ,274.437055081402   ,0.00545899325381525,2.99376761350875   ,7.58565868557332   ,6.93548651195629   ,16069              ,aug                ,1994               
49.3828971057609   ,0.0823535064191383 ,210.712161810118   ,-4.4942387335885   ,5.36823071857606   ,70.8804977831921   ,19.1738123291176   ,66.8072897469448   ,282.949901425212   ,301.65287601773    ,275.052528635593   ,0.00560468057966517,2.67371888587838   ,8.54003791407374   ,7.96930936716995   ,16061              ,aug                ,1994               
28.2666232680241   ,0.88989283613623   ,211.858072415723   ,-3.90160591056154  ,3.41239605690717   ,45.5629932194253   ,27.7988364147715   ,81.7520375376048   ,280.074898504982   ,296.77914753562    ,182.948975276031   ,0.00605436240486412,3.11859670499715   ,12.4874662530112   ,12.7653050366416   ,16055              ,sep                ,1994               
28.6951989316727   ,0.730255469519285  ,212.789782408521   ,-3.97309946872779  ,3.46621140815332   ,45.1050137107894   ,25.7989949777517   ,83.150972573997    ,279.026267960227   ,297.069029034195   ,184.681288022073   ,0.00578191524244757,3.13201298299861   ,12.7598704981381   ,12.861495486472    ,16009              ,sep                ,1994               
30.6803957279663   ,0.569336396952625  ,226.91341356646    ,-4.49312618215879  ,3.55762318617105   ,46.5752725782394   ,24.49203484869     ,83.31939159139     ,278.990148376465   ,297.527976689657   ,187.897090169271   ,0.00568786839089201,2.9814632089138    ,12.6447911469142   ,12.7244152193069   ,16057              ,sep                ,1994               
36.603759485452    ,0.77086996367133   ,229.5704301848     ,-3.26687528601493  ,3.45362245721074   ,53.0089719336162   ,26.3056476733481   ,76.2292704734775   ,279.042814763118   ,296.031903533183   ,191.529864411895   ,0.00544420751035666,2.88690913556074   ,11.3819879781872   ,11.5085764345441   ,16035              ,sep                ,1994               
36.1884740237847   ,0.575053884020041  ,236.42256601358    ,-2.89195269650279  ,3.52786532724224   ,51.785684015531    ,23.7374479402633   ,78.9400965658645   ,276.941845796844   ,294.9936845864     ,197.452242778466   ,0.00508768371958218,3.06331891429417   ,11.6690169360323   ,11.7635394105955   ,16049              ,sep                ,1994               
39.5844962891207   ,0.413632641878118  ,237.966342899634   ,-4.51027253392333  ,3.84952641926347   ,61.9766171712076   ,20.9877233647195   ,70.1854503519395   ,282.060621675706   ,298.538688814704   ,188.458735263029   ,0.00527077274346797,2.82444907185653   ,9.45053192532211   ,9.82337007446085   ,16069              ,sep                ,1994               
36.8711258477924   ,0.39413281102888   ,235.028989554634   ,-4.69681627395724  ,3.53349197015946   ,57.3030040719949   ,22.2629569983679   ,74.9451961816835   ,280.405415440919   ,297.373436419695   ,189.170102364826   ,0.00528311573710426,2.52796651463206   ,10.4771563462975   ,10.7423609449187   ,16061              ,sep                ,1994               
14.5441633856318   ,4.2708225693978    ,195.736794206633   ,-3.82016373498286  ,1.40652950239794   ,23.9650641506189   ,48.8598445407205   ,94.2979097947425   ,273.930799874433   ,284.639074254919   ,103.896889886485   ,0.00471070114826443,4.18969910013142   ,17.0222264171739   ,19.4398212632889   ,16055              ,oct                ,1994               
20.5005267747162   ,4.28162648235996   ,209.24390239296    ,-3.97875573225981  ,1.51364069317538   ,28.1326786675002   ,45.3809858115717   ,93.2472985914405   ,273.438638715167   ,284.969196031967   ,104.951902423385   ,0.00451646959316679,4.4290927898613    ,16.1523794955847   ,18.7092829536996   ,16009              ,oct                ,1994               
20.3462422666239   ,3.75484743003583   ,220.772254158951   ,-4.46917625308037  ,1.61134959148063   ,29.6940251755084   ,41.9517073003707   ,91.8801130036385   ,273.638558649863   ,285.691159239738   ,110.682453738797   ,0.00442784809503674,3.82585201522996   ,15.811753096119    ,18.1024139218177   ,16057              ,oct                ,1994               
19.3253806535993   ,5.2755813903221    ,215.61909742988    ,-3.440849634104    ,1.48652849519872   ,28.8657660517246   ,44.1150898533092   ,90.91500350449     ,272.891461971064   ,283.854016264797   ,110.796831338848   ,0.00423101798262164,3.88775968660983   ,15.9823741941134   ,18.3049075682346   ,16035              ,oct                ,1994               
17.0734156519557   ,3.49640366400092   ,227.976415339641   ,-3.04275437269314  ,1.57356558862006   ,27.482120045155    ,40.3897880199024   ,90.9266897506562   ,271.146040343347   ,282.999198671154   ,118.440771578676   ,0.00395399450871249,4.2547974981181    ,16.3418439857061   ,18.053607397688    ,16049              ,oct                ,1994               
24.5881823084043   ,2.25793544229294   ,228.290179702893   ,-4.5175810992824   ,1.94799964261791   ,40.2179362582239   ,34.2508045811478   ,83.5984438984522   ,275.709332294869   ,287.084645806787   ,114.8546058562     ,0.00411709059916719,3.52978767471846   ,12.9709080462828   ,15.3441616386221   ,16069              ,oct                ,1994               
22.0780511787896   ,2.14648334810203   ,221.963216836025   ,-4.76331281235067  ,1.72976268113645   ,36.6003337755613   ,35.4372536642206   ,86.4872603308389   ,274.378812878903   ,286.094890577194   ,114.466276994612   ,0.00408015506310645,3.04167605924212   ,13.945947624594    ,16.1519853892691   ,16061              ,oct                ,1994               
1.89569578327587   ,4.74149013982283   ,216.485671419371   ,-2.70872470691534  ,0.398976848140584  ,1.06075802484675   ,68.8655438196839   ,97.9779036188322   ,269.19434591746    ,275.038191903406   ,56.0281203475345   ,0.00350155820353059,4.19370529309876   ,28.0636065230612   ,24.8338933026349   ,16055              ,nov                ,1994               
1.86210066736465   ,4.67421759499652   ,221.267864340156   ,-2.6718317507757   ,0.454828079225573  ,1.06595047380244   ,66.3114563101142   ,97.4162867273334   ,268.999747932028   ,274.744425166805   ,56.6382511394734   ,0.00339171544860413,4.74830797266443   ,27.7246435206788   ,24.5459840420905   ,16009              ,nov                ,1994               
2.35793935505627   ,4.29563201332325   ,217.51985748291    ,-3.18552887479464  ,0.541483750577395  ,2.36417215331725   ,63.3469815940857   ,96.5241195233663   ,269.436580912272   ,275.301786397298   ,60.4391495749156   ,0.00332979494538934,4.19715574814876   ,26.6136121253967   ,23.8277636407216   ,16057              ,nov                ,1994               
2.32559762219229   ,5.95365499574849   ,215.541423994475   ,-2.49454887308984  ,0.441646434443362  ,1.8302785831547    ,65.8793418638298   ,98.0927496783073   ,267.258606107576   ,273.396494574409   ,61.3044155370189   ,0.00307949738853648,4.07679474196693   ,27.5067046990774   ,24.8633945413338   ,16035              ,nov                ,1994               
4.55287489501419   ,4.44067367888009   ,225.145722282124   ,-2.24614773663089  ,0.521632364395926  ,5.14816171069697   ,58.2046398792668   ,98.5593336422642   ,264.616182669505   ,272.819833827689   ,68.0773191483001   ,0.00279478530156685,4.44464076448797   ,25.2889924763194   ,23.6426164537526   ,16049              ,nov                ,1994               
5.14172465953301   ,2.4259714153748    ,218.984409605628   ,-3.49307878132172  ,0.749728625358054  ,10.5092649907791   ,55.1709346067459   ,92.8110005468821   ,270.383064357057   ,276.83289531633    ,62.6649594182849   ,0.00322856691208587,3.7433239661011    ,22.052759958801    ,20.8679403904288   ,16069              ,nov                ,1994               
4.40565817150507   ,2.20095773444963   ,208.893717108416   ,-3.8376868234193   ,0.56888245369613   ,8.33437979953324   ,59.3460242699657   ,96.4870456685048   ,268.818983312349   ,275.467684680109   ,63.3078131389355   ,0.00319111396715086,3.14704327435533   ,22.6688377094006   ,22.0757322293011   ,16061              ,nov                ,1994               
1.25529123379495   ,3.78882732686608   ,182.370887586021   ,-2.007761261836    ,0.292183302920353  ,0.481341523421109  ,73.630822734545    ,96.4308856461764   ,267.724674324276   ,273.520864466286   ,43.287132484661    ,0.00320813671705876,3.53793014547135   ,30.4052370759522   ,24.9271456855805   ,16055              ,dec                ,1994               
1.59603756982998   ,3.50226018401965   ,188.263574675907   ,-1.83092493524213  ,0.352419705332222  ,0.538673827972394  ,70.8316535144633   ,96.4678877482518   ,267.235652001134   ,273.46488902075    ,43.7191012745543   ,0.00311196356581495,4.08738920635726   ,30.1251805702375   ,24.5955599184807   ,16009              ,dec                ,1994               
2.84002752605888   ,3.19834954465507   ,191.202075576464   ,-2.34153787374496  ,0.39954432586596   ,1.41004124445063   ,69.4364657141368   ,95.4406059633891   ,267.472019327799   ,274.015311599731   ,46.613038034757    ,0.00307967242066904,3.75239192618926   ,29.6033660790126   ,24.0884152150154   ,16057              ,dec                ,1994               
1.37854679415596   ,4.53319024435485   ,200.079493043992   ,-1.78671801524989  ,0.306591910629489  ,0.417663256565704  ,69.9002335985922   ,96.9586607273739   ,265.952046184258   ,272.631474890249   ,49.5376115310352   ,0.00294689055628779,3.46316306473841   ,31.9306701764328   ,25.0076529074757   ,16035              ,dec                ,1994               
3.98909402757855   ,2.73797079875333   ,217.907793372946   ,-1.53932420843497  ,0.4255014846112    ,2.77853194208849   ,60.3967917263024   ,96.206588226007    ,263.687539393917   ,272.085252366075   ,55.9228393273926   ,0.00257991796994808,3.78312295983043   ,28.8728617839507   ,23.3911161557749   ,16049              ,dec                ,1994               
7.57890334740819   ,1.93539112928471   ,201.10515805995    ,-2.74343163795012  ,0.570182293968245  ,7.43232169305074   ,61.8397115921592   ,90.4525038516883   ,268.799707235245   ,275.549366314186   ,50.9548923414234   ,0.00298372816363741,3.26725690250091   ,24.8213491621714   ,21.142212528511    ,16069              ,dec                ,1994               
5.95361750239363   ,1.76391199297418   ,193.587309794781   ,-3.07612480900504  ,0.454076935588985  ,5.06019009644914   ,63.3456938157725   ,94.2308946026258   ,267.364620156196   ,274.730744433863   ,51.1474817441515   ,0.00295385436511524,2.82215784930986   ,25.8075288593933   ,22.2964655446612   ,16061              ,dec                ,1994               
