bi,pr,th,pdsi,pet,erc,rmin,rmax,tmmn,tmmx,srad,sph,vs,fm1000,fm100,countyfips,month,year
2.25145682767245   ,5.28115893279068   ,189.13068566423    ,-2.15781825461996  ,0.557863830351013  ,1.25949974803603   ,64.7843471609642   ,91.7491458536824   ,266.228793050163   ,273.079995104062   ,51.0978422576366   ,0.00259852813973648,4.41438714884737   ,30.6479600503532   ,22.8361671235826   ,16055              ,jan                ,2008               
2.26706915920974   ,4.98173792745849   ,196.20832460931    ,-2.66763703733741  ,0.568938453223305  ,1.02568561379058   ,63.61054815375     ,94.3185140832186   ,265.530861234365   ,272.955591518157   ,51.4972835725718   ,0.00258344175590646,5.07822185382745   ,30.5507152311264   ,23.2661458694609   ,16009              ,jan                ,2008               
2.92954903503625   ,4.18749648717623   ,188.752090724207   ,-2.58506175875664  ,0.571501101178508  ,1.65791488968403   ,63.397717979185    ,95.1423379590434   ,265.739036365632   ,273.368696569627   ,52.6221360378881   ,0.00262399033289365,4.49005216325483   ,29.429263061708    ,22.9761882308222   ,16057              ,jan                ,2008               
1.86754150255119   ,6.62212495375629   ,191.792191190706   ,-2.30131701367938  ,0.675896721477114  ,1.34656943280897   ,60.0452857785959   ,87.7098510365999   ,265.185934304427   ,272.711125015668   ,58.6716441436296   ,0.00238326958531353,4.63321940781255   ,30.6045106907199   ,21.8709751185214   ,16035              ,jan                ,2008               
4.42999741362648   ,4.17212955847622   ,212.311560191928   ,-1.50892375699684  ,0.81671956442584   ,6.22414965052411   ,54.1305330155856   ,84.8251024580831   ,263.185825759953   ,272.38391547055    ,67.0645877665735   ,0.00211233688643818,5.12950063800685   ,26.0285372312198   ,19.8479990209483   ,16049              ,jan                ,2008               
9.03194819462097   ,1.94504516054191   ,196.414527119059   ,-2.46157216866386  ,0.740519693275865  ,12.111683470118    ,59.0642374360152   ,86.6469223663399   ,267.867777581089   ,274.947947951089   ,56.2125350709658   ,0.00267032335486997,3.92601767606482   ,22.6222409983226   ,18.751460997631    ,16069              ,jan                ,2008               
8.00579157493537   ,1.48261500262985   ,183.021609126838   ,-2.79136152536744  ,0.613468405926936  ,10.3079928547159   ,60.3805565860741   ,90.6847793092984   ,266.164735412191   ,273.818968465506   ,57.6309986811134   ,0.00256363584216988,3.36619001121656   ,23.0961919010115   ,19.8632640082243   ,16061              ,jan                ,2008               
4.53779853108102   ,2.37386531985503   ,197.709047280502   ,-1.22270341992215  ,0.85016257313684   ,3.75329588382471   ,62.3870672431152   ,92.2611324337214   ,269.933746512815   ,277.50377156719    ,86.1881412599172   ,0.00338725622836172,3.97309414381003   ,28.7500450940499   ,21.2608557252026   ,16055              ,feb                ,2008               
4.49861258634696   ,2.45265784134753   ,207.829930722865   ,-1.83206294991326  ,0.912693066161916  ,3.49492767348946   ,59.4396768047562   ,94.3365930652377   ,269.511914315308   ,277.853132310804   ,88.0898993323641   ,0.00337175989157653,4.43772957047616   ,29.0141655981591   ,21.6663228093016   ,16009              ,feb                ,2008               
4.63060389291587   ,2.44788385553019   ,209.877685832977   ,-1.81600512981415  ,0.932696131334773  ,4.07494805477235   ,58.5434691381454   ,95.0886257539477   ,269.964895755223   ,278.631199406215   ,87.9930786739077   ,0.00349021329569431,3.79980056962797   ,28.3302031622614   ,21.5909934372561   ,16057              ,feb                ,2008               
3.138936857607     ,4.32414587971348   ,211.946863622616   ,-1.51821435069097  ,1.00527884492415   ,2.74969706564675   ,55.9052669201974   ,90.9083765007441   ,269.390806642266   ,277.586412961517   ,96.704397299613    ,0.00320586454286156,3.95544927371922   ,30.1019887181792   ,21.5346446394452   ,16035              ,feb                ,2008               
6.33352813626823   ,3.2405977105858    ,230.105934239356   ,-0.628451864171599 ,1.14189450234903   ,7.99578112143249   ,49.7778612407702   ,87.9608422705946   ,266.914517468428   ,277.022074343274   ,102.655364717884   ,0.00281204169777705,4.23860528853123   ,26.0302217931255   ,19.6690541211274   ,16049              ,feb                ,2008               
10.6580802337945   ,1.19507406706615   ,216.174932691138   ,-2.04348676387426  ,1.10320334390625   ,15.0264946417894   ,55.964315288025    ,86.3315580089735   ,271.926955567688   ,279.922302438431   ,96.938322352853    ,0.00356928844390312,3.426178124983     ,21.8160188511367   ,17.819618600575    ,16069              ,feb                ,2008               
7.76887578441384   ,1.21522052586518   ,203.047044139263   ,-2.48090349314298  ,0.959020963116794  ,12.3859498639203   ,58.0043045278142   ,89.1316437096354   ,270.546739954312   ,278.501422413688   ,93.6703673005808   ,0.00342008699887018,2.87327659658762   ,22.3768507252055   ,18.823380997499    ,16061              ,feb                ,2008               
5.27314504332781   ,3.67497327998548   ,222.321884726491   ,-1.17717741636255  ,1.43371522877616   ,7.25543948702975   ,48.6838109720185   ,93.5401469668306   ,270.065914436116   ,278.545140177166   ,136.079205442991   ,0.00326012332575562,4.67702419118832   ,25.0378585070012   ,20.0669146090505   ,16055              ,mar                ,2008               
5.04124813407871   ,3.59989015533624   ,226.918559287563   ,-1.77337297426878  ,1.47123763939651   ,6.36884599833893   ,48.4506924420419   ,94.2780482668439   ,269.489302787919   ,278.584499754508   ,140.279802619831   ,0.00322897421262944,5.01267191571438   ,25.3923415584313   ,20.3170315323269   ,16009              ,mar                ,2008               
5.47490919054343   ,2.86196789872262   ,230.557783530451   ,-1.79028534273307  ,1.49819453458632   ,7.89208571652852   ,48.605912846596    ,95.0434324855189   ,269.834354720577   ,279.214662308231   ,140.342075402044   ,0.00330003877835078,4.29526014789458   ,24.4961148548126   ,19.902775541121    ,16057              ,mar                ,2008               
3.66356106221421   ,4.40335437851685   ,231.771616298538   ,-1.35704113229049  ,1.49808465955625   ,4.38200461064193   ,45.800542061223    ,94.8055805387629   ,268.508292160653   ,278.077971772121   ,151.79406011816    ,0.003064219152907  ,4.23521867417414   ,26.8145986598112   ,20.623294449646    ,16035              ,mar                ,2008               
5.06839643446086   ,3.35013948168168   ,243.180327833264   ,-0.411940712507332 ,1.53985940816372   ,8.89502378305217   ,41.5599861584666   ,95.1754142584219   ,265.31449330203    ,277.264172027921   ,155.429115797583   ,0.0026907620074357 ,4.27263650618474   ,24.1923841208118   ,19.6682712004951   ,16049              ,mar                ,2008               
8.24519859925099   ,1.77976445255042   ,235.467152230798   ,-1.99109745779989  ,1.68802307565417   ,17.1837604974948   ,45.5226376737338   ,91.1505070578256   ,271.373714039691   ,280.563725622683   ,142.495655441811   ,0.00337088125949777,3.88946268011295   ,20.2373913122864   ,17.6319791291405   ,16069              ,mar                ,2008               
6.82348706291461   ,2.04304985171698   ,227.812950429202   ,-2.30186105743256  ,1.4999180499219    ,13.9684466926837   ,46.8472373095934   ,93.7891589520423   ,269.921880198809   ,279.16515152844    ,140.586848947723   ,0.00325443775528261,3.33075157296527   ,21.4113486820588   ,18.6873143611034   ,16061              ,mar                ,2008               
11.5188112319496   ,1.85922351000813   ,225.016435419679   ,0.0166334798470119 ,2.52056365366335   ,16.6432982526607   ,42.5102549399859   ,82.9371187804004   ,271.896203491881   ,282.841066960674   ,178.861446137814   ,0.00336025841126924,4.46075050063912   ,22.262599263237    ,15.4093979248131   ,16055              ,apr                ,2008               
11.1074053875604   ,1.77933370493926   ,231.102559247407   ,-1.0991846719202   ,2.56400432628993   ,15.8949817273567   ,41.6146683446519   ,84.4358776190342   ,271.136776817668   ,282.959525902502   ,177.979282356578   ,0.00328224846588988,4.64829651472366   ,22.5488868931577   ,15.6535179388359   ,16009              ,apr                ,2008               
12.2626770432206   ,1.4364691183567    ,237.144398379008   ,-1.38807264854511  ,2.62223501950502   ,18.840615664317    ,41.1976228005091   ,84.7892795397441   ,271.364710413615   ,283.63839952596    ,186.828358913422   ,0.00335548333645177,4.04290698764722   ,21.2058416565259   ,15.2486245141029   ,16057              ,apr                ,2008               
5.27929443035134   ,2.86808051831542   ,237.083186868852   ,-0.895572835481722 ,2.56875037750868   ,11.5022172803966   ,39.415748329176    ,86.4349328512201   ,270.260418504388   ,282.268930907515   ,198.212009551443   ,0.0031455147465057 ,4.00950267535015   ,23.834146183893    ,16.6103000536025   ,16035              ,apr                ,2008               
7.30592569827035   ,2.51258552924943   ,249.127828659173   ,-0.105343511445995 ,2.56124131406269   ,14.6617064670913   ,37.1426596400094   ,88.6819895442714   ,267.784458652665   ,281.178019323593   ,211.175749198839   ,0.00289188182515796,3.94643945400228   ,22.3830311746218   ,16.6822824190836   ,16049              ,apr                ,2008               
15.3319753968703   ,1.21013567469177   ,243.843661292309   ,-1.74634086777607  ,2.85314144695081   ,27.947498664669    ,38.6153109943166   ,78.9003440204151   ,273.022141182911   ,284.969462297137   ,193.359062179185   ,0.00345690240649799,3.76162681384626   ,17.5497506530952   ,13.4412656119376   ,16069              ,apr                ,2008               
10.8462249478082   ,1.6230634590811    ,237.908559902575   ,-1.87800184688621  ,2.5464016303379    ,21.3038177639985   ,40.8829840252879   ,84.9530848852531   ,271.46680381922    ,283.350284128741   ,190.031710233242   ,0.00337382631267988,3.27381402032434   ,19.6156021998277   ,15.2799994024692   ,16061              ,apr                ,2008               
17.8467865700792   ,1.45711554008684   ,199.656726747526   ,-0.101367209428622 ,4.09989704598979   ,31.4444663328715   ,37.7163757406255   ,77.195697738848    ,278.042414803089   ,291.434289285834   ,240.14614162245    ,0.00521159270806363,4.22480540819635   ,16.5571379541923   ,12.4658517255167   ,16055              ,may                ,2008               
15.9416532483089   ,1.55212968916105   ,199.635037381086   ,-1.27816734135268  ,4.08773084473214   ,29.433602133742    ,37.22850171326     ,80.8248609851212   ,276.889416436335   ,291.530059208645   ,244.717066603732   ,0.00515077640632238,4.13813885439441   ,17.0051813227549   ,13.0562004197483   ,16009              ,may                ,2008               
16.2664900924021   ,1.51963981478926   ,221.131871894991   ,-1.6754243645072   ,4.00540227543923   ,30.33654819427     ,39.0546212642424   ,82.1682395350549   ,277.301596113636   ,291.784133330314   ,247.9898972419     ,0.00538205933141252,3.54578412388602   ,16.5579771500249   ,13.3647544937749   ,16057              ,may                ,2008               
12.2007678519097   ,2.28461074214783   ,225.503115930995   ,-1.01874958234954  ,3.95613321350369   ,24.8518652986035   ,35.8511548996752   ,76.1060856217732   ,276.533795637006   ,289.909799608716   ,251.63759244185    ,0.00472978422975137,3.61406162834213   ,18.9053852242207   ,13.3150814280523   ,16035              ,may                ,2008               
12.4196552298453   ,2.59958093728183   ,235.355417633802   ,-0.387442400262195 ,3.82866085532575   ,24.8525376893084   ,35.3508667980353   ,78.3174551016319   ,274.811510758172   ,288.376622979481   ,254.318148914099   ,0.00443992440603681,3.5042009264767    ,18.8121682900098   ,13.8167517507019   ,16049              ,may                ,2008               
20.0167122655838   ,1.60789119619449   ,234.859063476699   ,-2.01709717777749  ,4.23876904663966   ,37.9748274003799   ,36.9120692849797   ,72.1504031946808   ,279.799285004257   ,292.780906757528   ,246.309174689503   ,0.00543197640978948,3.26753190265188   ,14.4222369361833   ,11.7998697963772   ,16069              ,may                ,2008               
14.6888077035199   ,1.99775759640995   ,236.701170746247   ,-2.04921678619936  ,3.8433804390304    ,30.6154959334656   ,39.295899574231    ,77.7898009825757   ,277.961701293718   ,291.038884361468   ,243.687308680372   ,0.00529253020738849,2.82660381876923   ,16.4579396743642   ,13.2246004511153   ,16061              ,may                ,2008               
19.0781423266762   ,2.75807789053937   ,212.719399710447   ,-0.237260719702486 ,4.68420620252403   ,29.9849217975745   ,38.3311831145947   ,71.3693182501773   ,280.201429897146   ,293.623524774413   ,266.576367581005   ,0.00573313130293839,4.42511050110818   ,17.6262203398392   ,13.0349129549924   ,16055              ,jun                ,2008               
18.1512568456467   ,2.40032418826393   ,219.561555851141   ,-1.21848340752062  ,4.68709208400997   ,28.3605987567638   ,36.7921865211201   ,75.1860710309572   ,279.089155178333   ,293.968815104167   ,263.285192451251   ,0.00563612112337338,4.48278286393577   ,18.2756555310838   ,13.3604611947927   ,16009              ,jun                ,2008               
16.2181825972456   ,1.97853463382522   ,236.742574966431   ,-1.55236285279195  ,4.61877628187338   ,27.5752012760242   ,39.0750386514664   ,78.6310744832357   ,279.364154871623   ,294.288017196655   ,274.83833491389    ,0.00598395794614529,3.66312179148197   ,18.384310154438    ,13.6703903885682   ,16057              ,jun                ,2008               
13.0238762755388   ,3.51110029455597   ,240.88845640778    ,-0.780458097909909 ,4.5753473511878    ,24.7172743174047   ,34.9510076911286   ,69.129928886462    ,279.084808151751   ,293.056346944388   ,263.422236150482   ,0.00522529193156033,3.66914730009855   ,19.7256225381291   ,13.1271659712291   ,16035              ,jun                ,2008               
15.4916388656717   ,3.00722909342019   ,251.837119890979   ,-0.277371888208468 ,4.62200614196197   ,26.4094373217273   ,33.1081834616374   ,70.4248755638683   ,277.60579829219    ,292.146243179706   ,276.934042272621   ,0.00502616429587092,3.63656214023664   ,19.5976625502271   ,12.7481122542986   ,16049              ,jun                ,2008               
19.636400362615    ,1.44733502086577   ,248.155990116439   ,-1.86907384835463  ,5.03396623174987   ,36.3196499787125   ,34.6658459141505   ,66.5771195627576   ,281.957008100703   ,295.640447456781   ,280.599162720189   ,0.00579244684122516,3.30338819682492   ,15.8738099059957   ,11.3919980622018   ,16069              ,jun                ,2008               
15.6404600882962   ,1.74387315647579   ,247.384005775136   ,-1.86622965978279  ,4.62072422757293   ,29.663321842635    ,37.1133934717205   ,71.3658914576549   ,280.237727385382   ,293.985910425107   ,278.340298152955   ,0.00570857778660435,2.86473818603626   ,17.9680061913062   ,12.5450520518069   ,16061              ,jun                ,2008               
46.0700214382082   ,0.37431363190738   ,219.271951150533   ,-0.680841947993869 ,6.07447415526195   ,58.1980968947811   ,26.5153189425796   ,61.1866456875838   ,283.073880897359   ,299.812498630699   ,309.573007338268   ,0.00623069909241381,3.77552409109075   ,11.3022333308708   ,8.18709676793953   ,16055              ,jul                ,2008               
47.5480667772529   ,0.231419017380215  ,226.986578224679   ,-1.40914456329549  ,6.11920993294873   ,58.5399742876443   ,25.2435835900027   ,65.133765203713    ,281.623702574787   ,300.122010448184   ,310.912259592084   ,0.00602087300088762,3.79541326326868   ,11.3914850797105   ,8.28833085877633   ,16009              ,jul                ,2008               
42.9592962394381   ,0.15097889543541   ,240.692268454183   ,-1.71370166132847  ,5.90806870645092   ,56.3956897021878   ,26.2538006888666   ,70.3495688853725   ,281.798278547718   ,300.497287848688   ,315.548741900536   ,0.00637283598177976,3.23684207747059   ,11.7851285600662   ,8.92412036080514   ,16057              ,jul                ,2008               
44.8213074399429   ,0.346475068777789  ,236.674491508144   ,-0.714641016302204 ,5.8946492488799    ,60.2028582653001   ,23.9565652181806   ,52.6469319346234   ,282.17684120876    ,299.174273798608   ,314.650264917158   ,0.00541221169380727,3.13188871468739   ,11.4368044236896   ,7.32070158484492   ,16035              ,jul                ,2008               
43.6061986563096   ,0.376778133340071  ,245.58047047894    ,-0.649359838641108 ,5.82961015852758   ,60.2590391427073   ,22.2895386904578   ,55.420088175617    ,280.710495008337   ,298.812253484672   ,313.525515558391   ,0.00537337126614698,3.02618939423111   ,11.2995989354079   ,7.49416989490018   ,16049              ,jul                ,2008               
50.9700408791445   ,0.207830665999699  ,250.375676738387   ,-2.17347913470498  ,6.31009073045226   ,68.8532413583347   ,21.3864710798588   ,51.2893929416524   ,285.364894891291   ,301.9989455853     ,315.039974847662   ,0.00571284906234838,2.96662724711102   ,9.6052732873584    ,6.82503174637358   ,16069              ,jul                ,2008               
44.4592580590488   ,0.188123728931983  ,238.106042300183   ,-2.17275850381446  ,5.8295373025496    ,63.4457401737344   ,23.6412456950262   ,55.4065818745942   ,283.700420065391   ,300.358085211294   ,316.598986807457   ,0.00579905522943424,2.57497757210855   ,10.6413855833614   ,7.40046424377572   ,16061              ,jul                ,2008               
38.799913313549    ,1.80666568121254   ,187.846360529053   ,-1.14365213359939  ,5.04967079630383   ,53.902920230869    ,29.6713889149988   ,72.4463330057059   ,282.945291770085   ,298.27488197034    ,257.146037861469   ,0.00654189476936083,4.12074577564676   ,10.9423327642846   ,10.9511311769834   ,16055              ,aug                ,2008               
38.321103429988    ,1.57529925804007   ,194.65966399896    ,-1.65204356848841  ,5.17931296475449   ,53.7535616038614   ,26.7566202916952   ,75.7820400886805   ,281.535985723482   ,299.111222458104   ,256.290857426104   ,0.00627851717170142,4.1811685387609    ,10.9871570390926   ,11.0945122268824   ,16009              ,aug                ,2008               
35.1490278433697   ,1.44993368103139   ,204.519967360958   ,-1.81199285725753  ,5.00163058934673   ,50.9629240660514   ,27.8216976788736   ,80.1418393925698   ,281.901959666591   ,299.577934973932   ,255.658502088977   ,0.00670099791890431,3.6758673592729    ,11.5484118471607   ,11.8263375184613   ,16057              ,aug                ,2008               
37.0532972833234   ,2.01112662605555   ,204.634282304443   ,-0.923784587450159 ,4.90283130525461   ,56.9573990679987   ,28.3365955835376   ,65.8863570613896   ,282.302292738004   ,297.72248441874    ,254.260953368964   ,0.00597349522661826,3.43368855274237   ,10.2685183281708   ,10.1874411383015   ,16035              ,aug                ,2008               
40.037169230283    ,1.34375256791013   ,218.248191371964   ,-1.15507121330558  ,4.93673748827334   ,60.8047117413247   ,24.4896546999165   ,63.5440530507579   ,280.744600353859   ,297.488549996041   ,253.497692282014   ,0.00549606217407691,3.34312409395507   ,9.80904140386135   ,9.17196479518338   ,16049              ,aug                ,2008               
40.8706287252983   ,1.16597594270906   ,215.728302761072   ,-2.18809365758709  ,5.34921565135224   ,61.9584486054741   ,24.4842975096434   ,66.2537769594336   ,285.332321059073   ,300.964270262219   ,253.641712117652   ,0.00641351524426054,3.41553686739392   ,9.4572193413248    ,9.54918871428487   ,16069              ,aug                ,2008               
36.0541904699206   ,1.41759170826611   ,209.489432838258   ,-2.26145063998491  ,4.88937328409049   ,56.4666152299165   ,26.2852068794025   ,72.9264727353223   ,283.220366447203   ,299.639892329982   ,253.004509853891   ,0.00644607569486542,2.93130194471856   ,10.501748139939    ,10.7026328785646   ,16061              ,aug                ,2008               
30.817759536062    ,1.1315567562119    ,194.399610868501   ,-0.892217554654083 ,3.25112679409801   ,43.6271568295723   ,30.9927076592203   ,79.126419415886    ,279.043822865427   ,294.72376400041    ,192.733747176182   ,0.00532694207338312,3.15940971665585   ,13.6804405603553   ,12.8738906889132   ,16055              ,sep                ,2008               
32.5277970785813   ,1.15136863629846   ,199.088552875067   ,-1.40553670532678  ,3.43371269398422   ,44.5870225185944   ,27.6564769624488   ,80.303425969833    ,277.896595640766   ,295.503443375988   ,197.045365448299   ,0.00502450753185215,3.2845931317209    ,13.574091638945    ,12.9404426553075   ,16009              ,sep                ,2008               
32.1254043658473   ,0.939302296876907  ,203.615891454955   ,-1.55998142937819  ,3.47818172167738   ,43.6089416357676   ,27.8472394351959   ,82.1097502473195   ,278.189526835124   ,296.016400034587   ,200.577345987956   ,0.00522414913144894,3.05677551923196   ,13.8448561525345   ,13.2495296389262   ,16057              ,sep                ,2008               
30.6161970253882   ,1.40616061853178   ,202.976697256344   ,-0.678160890384371 ,3.30520979955299   ,47.6423696148639   ,29.9485362983069   ,70.2981851146287   ,278.587520536459   ,294.006888675488   ,196.397934977482   ,0.00488221348120409,2.91475314398397   ,12.6485314816468   ,11.6238135114365   ,16035              ,sep                ,2008               
37.916787974578    ,0.943567839088029  ,208.127331362333   ,-1.2166012183326   ,3.53403068589911   ,54.6777418270623   ,25.2381242051463   ,64.9489686190772   ,276.967320196822   ,293.483828222278   ,202.271499540546   ,0.00422253074579791,3.15148812730983   ,11.3303893402123   ,10.5052866775394   ,16049              ,sep                ,2008               
40.1617203664025   ,0.777830668811067  ,211.232877318829   ,-1.88973196931914  ,3.79978576220718   ,57.1128482497312   ,24.5918780541037   ,68.4709717833847   ,281.571588820187   ,297.403899284268   ,203.209266736036   ,0.00506219093759632,2.89712779851308   ,10.9679261559471   ,10.3267028437579   ,16069              ,sep                ,2008               
34.7676251563553   ,0.790370878774272  ,204.442874315882   ,-1.97587479771046  ,3.43753761041591   ,50.989827346539    ,26.0913360987156   ,73.9565279758338   ,279.592109856724   ,296.186280772312   ,202.79414353594    ,0.00503737895288338,2.50823613227892   ,12.2924986795946   ,11.5192515050084   ,16061              ,sep                ,2008               
24.5509083672253   ,0.724996590925279  ,180.12908441239    ,-0.925739597163114 ,1.90031278718915   ,32.7176333797986   ,36.5984202045282   ,82.8241744031948   ,274.27024529975    ,286.324618127991   ,114.76266141674    ,0.0041021156106164 ,4.11056011689702   ,15.97075290052     ,14.8477206661235   ,16055              ,oct                ,2008               
25.676522320345    ,0.666840713353848  ,188.082835939418   ,-1.41922461695389  ,2.0011682883545    ,32.2813374704476   ,34.5166656310651   ,85.6916601236004   ,273.603687004589   ,287.142795260568   ,115.780875189793   ,0.00412382370734822,4.27656890807158   ,16.1700883089165   ,15.2932572023494   ,16009              ,oct                ,2008               
22.6926246033573   ,0.662982060707385  ,200.257515973391   ,-1.58486277341843  ,1.97530645750223   ,30.5702262290832   ,35.0526045193211   ,88.1139540856884   ,274.0398675734     ,287.658183239352   ,120.250092511946   ,0.00430081045833386,3.77553042661759   ,16.4791105411899   ,15.9446650177433   ,16057              ,oct                ,2008               
16.9077620379996   ,1.61770098214096   ,197.639962876822   ,-0.661018707280635 ,1.89791580814339   ,30.1325939425682   ,37.5526159909317   ,77.8172370034172   ,274.453345975113   ,285.517533740999   ,118.797433761184   ,0.00397758696670554,3.79387057284448   ,16.3106600326234   ,14.76447662302     ,16035              ,oct                ,2008               
21.661864444245    ,1.2333501136041    ,209.863625616179   ,-1.36226594173423  ,1.97894016887501   ,35.5943344501708   ,35.8710290064263   ,76.6788404198052   ,273.124855251335   ,284.675254292204   ,126.042481467369   ,0.00373836690084128,3.98127498337231   ,14.6600143922184   ,14.1026701791861   ,16049              ,oct                ,2008               
26.6691450626322   ,0.604928313197505  ,215.653519773804   ,-1.82824383710582  ,2.11174923662731   ,40.4210806988592   ,33.7117661467416   ,78.9077001656872   ,276.750624265304   ,288.518196986424   ,123.095075313153   ,0.00438438680220803,3.4262383382074    ,13.6605063443844   ,13.4919242408125   ,16069              ,oct                ,2008               
22.971921171463    ,0.690352339481265  ,207.550062606221   ,-1.93555397854396  ,1.89409490630837   ,35.8956410383358   ,34.4829459367069   ,82.2442235628849   ,275.142774471567   ,287.517868115215   ,122.164657792102   ,0.00424929090968096,2.99578284006442   ,14.918293285675    ,14.5353704628961   ,16061              ,oct                ,2008               
8.5950499443062    ,3.87204530284483   ,186.924758999044   ,-1.32888845061508  ,0.740888182792317  ,13.5617122450477   ,59.373480957722    ,90.6836400308073   ,272.870725713869   ,279.675025988083   ,57.5810192811963   ,0.00413764144015461,3.9270689043652    ,20.8655990417439   ,20.2187792995176   ,16055              ,nov                ,2008               
8.70731020268729   ,4.21276862242165   ,198.578266048996   ,-1.65234029700858  ,0.78309222781329   ,12.654979846588    ,57.9092928779196   ,91.9387257088806   ,272.648833530283   ,279.948834174342   ,57.5454194477089   ,0.00421845857729066,4.36383478801396   ,21.3362446465201   ,20.5318790659632   ,16009              ,nov                ,2008               
8.41328811079248   ,3.96306337508063   ,195.3546051477     ,-1.72852160612742  ,0.750502874021729  ,11.6363033909898   ,59.0405175933838   ,93.4307130158742   ,273.004266174316   ,280.664707234701   ,61.3332658901215   ,0.00447843389826206,3.82446426550547   ,21.8296929394404   ,20.9261288077037   ,16057              ,nov                ,2008               
7.35091759254304   ,5.61463982457002   ,199.16439345551    ,-0.967275833762003 ,0.831557948095035  ,13.0445373159473   ,55.7916640155999   ,88.8417455386914   ,272.492951345948   ,279.617423283239   ,62.1408862245007   ,0.00407524712695008,3.89884905832766   ,21.3200357812152   ,19.7625766067626   ,16035              ,nov                ,2008               
11.0054174381024   ,4.07491867672757   ,215.241963870097   ,-1.5568879753219   ,0.994489066454177  ,19.1115907282782   ,50.062745901954    ,86.5991700075329   ,271.121816945121   ,279.691422388481   ,69.0513146929807   ,0.00376124011814563,4.10661118773652   ,19.2151004694661   ,18.1899526098185   ,16049              ,nov                ,2008               
12.9033414895387   ,2.2876401295902    ,200.690131839988   ,-1.96312472877655  ,0.894056469669529  ,20.6771658360746   ,54.4027598814531   ,89.8294551053787   ,274.677842377851   ,282.392051783815   ,64.7511876079063   ,0.00460919332321162,3.45996028547193   ,18.346851385596    ,18.6415764064075   ,16069              ,nov                ,2008               
11.9770668511124   ,2.10179729376696   ,188.543218822256   ,-2.10704503487026  ,0.788708804931604  ,19.7357134726093   ,54.8238488641324   ,90.7467500618338   ,273.246113430895   ,281.301374577294   ,64.7109927172175   ,0.00441924810051   ,2.97027126939829   ,18.7156089351854   ,18.8085794351646   ,16061              ,nov                ,2008               
6.04194540447863   ,5.63908027088773   ,184.873329132997   ,-1.76216883963518  ,0.508718090599456  ,8.2871622842123    ,61.9070639496477   ,84.5312616607289   ,264.564968658573   ,271.107737403315   ,42.7000482454548   ,0.0022252937552148 ,4.03446592238868   ,23.8504561951458   ,20.6859820334509   ,16055              ,dec                ,2008               
6.581877010118     ,5.04185289512489   ,198.701929805171   ,-1.91139670677439  ,0.577772855388342  ,7.78792241965783   ,60.5290541511551   ,87.1912473750067   ,264.770806433322   ,271.75581042649    ,43.1843906534259   ,0.00227308084211713,4.41649650229505   ,24.2428610995441   ,21.1295152570134   ,16009              ,dec                ,2008               
5.27679603134841   ,4.2579270739605    ,206.695077954133   ,-1.89556203752756  ,0.47658540738374   ,6.3893971143214    ,63.0299209578832   ,91.8625601609548   ,265.248048016866   ,272.395165176392   ,44.8882149146398   ,0.0024466314035817 ,3.66590220318238   ,24.7860311028163   ,22.2917218842506   ,16057              ,dec                ,2008               
4.08763742438876   ,6.12209451493136   ,208.585536493862   ,-1.29992592762407  ,0.498854252282816  ,5.65882959229543   ,63.0790798482969   ,87.7636976908764   ,264.748999900361   ,271.436608588855   ,47.5582260239368   ,0.00233485950782604,3.8667452661566    ,25.0506805442772   ,21.7515136547707   ,16035              ,dec                ,2008               
6.26049052347408   ,4.52441714852924   ,230.159687701479   ,-1.73676936385557  ,0.588304791011672  ,10.136829933236    ,57.0802733870663   ,87.901600098873    ,263.083735301717   ,271.249661362263   ,52.12730995953     ,0.00218691571907753,4.25555597223293   ,22.7173669833529   ,20.7764262803515   ,16049              ,dec                ,2008               
8.24545512228694   ,2.54581125685663   ,213.982038954618   ,-2.01552026794556  ,0.507631900793675  ,12.9033858501662   ,62.6826870559584   ,88.412877183122    ,267.008917051373   ,273.605818728415   ,47.5771327153034   ,0.002608468710686  ,3.18780160186125   ,21.1870297773637   ,20.1912254907231   ,16069              ,dec                ,2008               
7.90861390277425   ,1.857605401835     ,202.017333002327   ,-2.19497421691733  ,0.409828270267767  ,11.5392458316985   ,65.0234075372869   ,92.3031067635402   ,265.447973410026   ,272.390335978358   ,47.1716498227816   ,0.00253009248381229,2.78340155897718   ,21.4653224895152   ,21.2459987907042   ,16061              ,dec                ,2008               
