bi,pr,th,pdsi,pet,erc,rmin,rmax,tmmn,tmmx,srad,sph,vs,fm1000,fm100,countyfips,month,year
3.4802438214375    ,3.78546180412261   ,169.478346712938   ,5.23889922016442   ,0.510946997037197  ,2.00054679326926   ,64.8738864137565   ,87.8718453623393   ,267.042729452567   ,273.368990224749   ,51.1360903306579   ,0.00280577484748246,3.4878042487055    ,30.8125602289704   ,21.2699964221502   ,16055              ,jan                ,1997               
2.89284295060674   ,4.19742527074242   ,185.726100918445   ,5.81728581563961   ,0.540891364683266  ,1.46388942796839   ,63.3469987051203   ,89.652617752882    ,266.990286031782   ,273.468863478324   ,51.8220444908805   ,0.00283426021299613,3.88343990078908   ,31.6412655848041   ,21.822995553196    ,16009              ,jan                ,1997               
2.79279210533977   ,4.2154053569498    ,190.647679296867   ,5.75848864197731   ,0.535896074872824  ,1.86552711931134   ,62.3831666251152   ,91.5296008393072   ,267.206272090789   ,274.256232718191   ,53.8279886848696   ,0.00291088710258332,3.29619603949208   ,30.4811566638947   ,21.9171636224562   ,16057              ,jan                ,1997               
0.788992506850049  ,5.88023219727534   ,191.552228331769   ,4.41062827728599   ,0.502346561737534  ,0.334309237536046  ,63.1087571352035   ,92.5937147347979   ,265.662508214958   ,272.846213895351   ,58.1281299718542   ,0.0027337240553841 ,3.55117492608953   ,33.9805527988661   ,23.6944951383477   ,16035              ,jan                ,1997               
2.55834181117357   ,4.41402323489937   ,216.666768540307   ,4.54338803396557   ,0.596222618456093  ,2.03934629171927   ,56.0506653109423   ,93.1886953056544   ,263.17516606018    ,272.46114383384    ,64.554373546326    ,0.00245289813059992,3.91715429398614   ,30.3217743464137   ,22.3343150896187   ,16049              ,jan                ,1997               
6.2444764630842    ,2.5316172981333    ,201.168214780535   ,6.14318246382443   ,0.638784149370873  ,7.46368451297001   ,59.8994811957759   ,87.5582172333917   ,268.817984501535   ,275.802262839725   ,56.5333165827961   ,0.00301264326823995,2.97021949460882   ,25.4975538681515   ,19.5448218882444   ,16069              ,jan                ,1997               
4.45506465589723   ,2.32954325745743   ,187.013947448486   ,5.79538192171039   ,0.563384426804868  ,5.59057230658729   ,60.1567577523761   ,90.0921491756658   ,267.585369111124   ,274.935322675346   ,57.0366234930634   ,0.00292248731840212,2.58420987432399   ,25.9374199711905   ,20.3653303216026   ,16061              ,jan                ,1997               
4.7613342678372    ,3.2489316918629    ,187.09175233966    ,5.03415362955938   ,0.664017328049666  ,3.52745784066044   ,64.9687221163795   ,95.3687826624203   ,267.722352845889   ,275.92708410928    ,84.5068545321869   ,0.00320802625269177,3.36318324122584   ,27.6379682609854   ,22.1811479728829   ,16055              ,feb                ,1997               
4.13281380869204   ,3.45440530096436   ,198.583577596401   ,5.64800412650174   ,0.689417467617122  ,2.43061176092518   ,62.876552456834    ,97.2995944760759   ,267.811474984718   ,276.070193467257   ,86.6454999017595   ,0.00327413110082161,3.74955032827586   ,28.4810680766682   ,22.714524961586    ,16009              ,feb                ,1997               
4.41211131793497   ,3.32335340722249   ,203.226783394643   ,5.81579433361689   ,0.765442908688315  ,3.3242098427292    ,60.7778983592987   ,96.1559395422254   ,268.629563042777   ,276.774446999686   ,85.9235402263914   ,0.00331808195314287,3.23618823505938   ,27.6809195974895   ,22.0051435605117   ,16057              ,feb                ,1997               
2.56154795765159   ,5.32871463764041   ,204.267632298655   ,4.44615081484004   ,0.698554466539002  ,1.38035420952222   ,59.8140661996572   ,96.8017030714214   ,266.52469607013    ,275.40235881984    ,93.9225020381267   ,0.00306857429804637,3.26762359132987   ,30.5025998234785   ,22.7530519766449   ,16035              ,feb                ,1997               
5.19329313581235   ,3.10372351813023   ,224.68692534863    ,4.61985497019972   ,0.807430190632295  ,4.40223379829716   ,52.2616113489293   ,97.7577105078208   ,263.423094110292   ,274.795026546862   ,97.3505964675724   ,0.00268479402865711,3.61351541743085   ,27.6275297392167   ,21.9671222884063   ,16049              ,feb                ,1997               
9.75420234144181   ,1.6965469956678    ,209.472300700098   ,6.414097849273     ,0.923333920529888  ,11.0224624175353   ,57.2243888369036   ,91.7584861809284   ,269.970349308186   ,278.011178004277   ,91.505239562828    ,0.00334570382191583,2.99751935081344   ,23.6195312797613   ,19.567041163776    ,16069              ,feb                ,1997               
7.76867098699545   ,1.52284679063989   ,194.89509041011    ,6.04860085495247   ,0.822103259225135  ,9.67096151280205   ,57.356270752381    ,93.5616661812648   ,268.685369935199   ,276.876275572614   ,88.363627290219    ,0.00319897903193645,2.4983092585871    ,23.8800505130885   ,20.0380629659966   ,16061              ,feb                ,1997               
6.13066742690603   ,4.29135245660024   ,205.96266284534    ,5.28926958174372   ,1.58048087595058   ,4.35839498337792   ,52.4484161175407   ,93.5691086042296   ,270.654098863195   ,279.97823957724    ,128.515014515761   ,0.00358346540325508,4.95024944948482   ,28.5327574695611   ,20.9649150745337   ,16055              ,mar                ,1997               
5.30607611308111   ,3.97100050197691   ,218.301610878575   ,5.91473378138194   ,1.60127219899644   ,3.67369658705711   ,52.6939264120185   ,94.3509332984885   ,270.876368852307   ,279.968155795551   ,132.31293852053    ,0.00365654199900033,5.27442169337355   ,29.1488814953744   ,21.2100101186247   ,16009              ,mar                ,1997               
4.26934360737657   ,3.66759752216659   ,218.581769759117   ,6.11571727275848   ,1.67895818808386   ,4.14291326432744   ,50.9629708320864   ,93.7482906316942   ,271.583866178451   ,280.902673497354   ,135.219410389931   ,0.00371978346536297,4.41259576424476   ,28.2188382173354   ,20.8043189251807   ,16057              ,mar                ,1997               
2.08643767575484   ,6.51569181589584   ,225.74012417723    ,5.04709977092165   ,1.47525934793407   ,1.42411225143402   ,52.4915290727936   ,95.4455439506364   ,269.573498897921   ,278.507604681599   ,143.213260366282   ,0.00342195284194361,4.27039238581885   ,31.0189632604256   ,22.3237650129566   ,16035              ,mar                ,1997               
4.87620080283772   ,4.4192778888365    ,238.790384842699   ,4.8077977843367    ,1.71287697213884   ,5.96163939247113   ,43.2638677902108   ,94.2943421712185   ,267.136397202019   ,278.556963557559   ,148.52182573495    ,0.00295825161478216,4.59228013880015   ,26.9754695191744   ,20.2769967447212   ,16049              ,mar                ,1997               
7.05663114586019   ,2.52770156230571   ,224.019879095345   ,6.60230852235872   ,1.90855747175994   ,11.8950186387525   ,46.0122504077205   ,90.508090447779    ,272.721329659249   ,282.559900754646   ,139.081931553608   ,0.00374977236176004,3.92334491166654   ,23.0929362114615   ,18.3978556801949   ,16069              ,mar                ,1997               
5.21747424216259   ,2.79222083180672   ,218.29384493885    ,6.28238692953567   ,1.71279675171268   ,9.85242342260366   ,46.834060222999    ,92.3827221259471   ,271.4662341141     ,281.259601480133   ,137.389907102653   ,0.00361454768726561,3.33033481940242   ,23.6436825073169   ,19.0890871261285   ,16061              ,mar                ,1997               
9.71446858666485   ,3.27292638278358   ,200.919309483478   ,5.12575839216654   ,2.45543300175045   ,17.8682182040561   ,40.4835655165307   ,83.9639158848055   ,272.258198348518   ,283.804828332972   ,179.67906812817    ,0.00372835351200519,4.13792217019818   ,21.1151026161937   ,15.5449758899882   ,16055              ,apr                ,1997               
7.24432222000296   ,3.73364681713853   ,205.293737768892   ,5.63981011022007   ,2.45570357332568   ,15.1112981693397   ,40.9267521017402   ,86.3326432192349   ,272.075210186057   ,283.927284785464   ,178.129004839233   ,0.00380866859531622,4.31440525852012   ,21.9141827163847   ,16.2700414209911   ,16009              ,apr                ,1997               
8.19578933066254   ,3.78971788594701   ,211.219964799503   ,5.88686101118724   ,2.43515321136514   ,15.2010709689843   ,42.8058731555939   ,87.5963855088552   ,272.790174565633   ,284.121178375244   ,185.566161205292   ,0.00398142815588896,3.78703892672062   ,22.0064639275869   ,16.6538481060664   ,16057              ,apr                ,1997               
5.42726949862473   ,5.34284901479725   ,210.450178240345   ,5.15637659270466   ,2.29871825877632   ,8.90484049936456   ,41.1860996851877   ,88.6561202613126   ,270.78536075756    ,281.99330943822    ,190.996816927081   ,0.00355080182495831,3.68262327225633   ,25.2674572988326   ,17.8777410533749   ,16035              ,apr                ,1997               
6.87873829775827   ,4.24416169759839   ,227.110966486126   ,4.69973529541763   ,2.36616599982837   ,13.5137305588594   ,36.8285569379212   ,89.1481461019633   ,269.133452621292   ,281.140094333754   ,195.152593141294   ,0.00325378045560692,3.92163911605288   ,22.9073710113969   ,17.0883834556319   ,16049              ,apr                ,1997               
9.7926878551618    ,3.07026525214945   ,220.625342255693   ,6.57285320482577   ,2.67234608983611   ,20.8514713334952   ,39.4904563755913   ,83.4736582924338   ,274.550990009818   ,285.525057069503   ,187.075029290891   ,0.00407600799783377,3.5551511119925    ,19.632067416271    ,15.4746538768265   ,16069              ,apr                ,1997               
7.32598555628595   ,3.49871679709303   ,216.42239736312    ,6.28442322452535   ,2.39244188530058   ,17.1088998407043   ,41.876978081317    ,86.5769678431109   ,273.204389680384   ,283.984283871821   ,182.597076438084   ,0.00399107505325562,3.06342480481492   ,20.8442275428247   ,16.5286756472154   ,16061              ,apr                ,1997               
15.5669332037982   ,2.6646877042493    ,192.119055035484   ,5.03038921506644   ,3.88362259467918   ,25.5783187439444   ,39.0598512502934   ,81.7976132500113   ,278.264140475592   ,292.243385710945   ,239.399630714821   ,0.005787252906928  ,3.30171598624411   ,19.0428107808694   ,13.9913068461447   ,16055              ,may                ,1997               
17.00863367058     ,2.39007425000672   ,204.229138487121   ,5.60706110066446   ,4.01364357780013   ,24.6464836889607   ,38.768313851514    ,84.6359052343163   ,277.626538711551   ,292.821832839258   ,251.024731334054   ,0.00594941301033645,3.3674434087367    ,19.634685065278    ,14.3442326924527   ,16009              ,may                ,1997               
16.2349948302452   ,2.09459800916288   ,228.815991372754   ,5.97973125378291   ,4.07756849000531   ,24.7670072909517   ,40.0138068057645   ,84.0864819865073   ,278.601067854358   ,293.281162783715   ,260.935320333665   ,0.00622300026532743,2.9699898706713    ,19.6112200175562   ,14.1796416484156   ,16057              ,may                ,1997               
13.6282426357574   ,2.82738908943541   ,235.655817271218   ,5.36169275555332   ,4.0151849874149    ,21.1511359160805   ,37.2741884025912   ,81.8709610307687   ,277.075698074146   ,291.711897042961   ,262.457142470162   ,0.00550319349998961,3.05036009116118   ,21.3795691952734   ,14.0561274161876   ,16035              ,may                ,1997               
15.3119976549348   ,2.27912023958347   ,239.138440484312   ,4.68813001429466   ,4.08790519746195   ,24.9282312706397   ,33.7352603374633   ,83.5131603258722   ,275.077134088747   ,290.721207030591   ,270.818282468471   ,0.00504331477283129,3.20385931999309   ,19.6529460024405   ,13.7490085262099   ,16049              ,may                ,1997               
18.1071273501939   ,1.57746758813675   ,246.444031583193   ,6.87104420355934   ,4.3823778010739    ,31.3328317445127   ,36.3850039428979   ,75.634137997406    ,280.55785739827    ,294.562405651883   ,267.30153630342    ,0.00615627861872771,2.70680597571025   ,17.4446345708978   ,12.3346869057574   ,16069              ,may                ,1997               
14.3880357348763   ,1.90341843607466   ,248.764822702381   ,6.58818028124239   ,4.1286298459576    ,26.1560343035187   ,38.0207606104335   ,78.50796914107     ,279.156978345814   ,293.199357860853   ,266.66765794421    ,0.00599443366545866,2.42478630935882   ,19.0583622430808   ,13.3129138035064   ,16061              ,may                ,1997               
12.8632936701346   ,2.4004599237011    ,227.451974546713   ,4.71045268710258   ,4.20454476929496   ,24.2476486671118   ,42.8116389176483   ,83.5295767110398   ,280.368211391957   ,293.57734040102    ,254.010638662163   ,0.00687814600342841,3.59120632141869   ,18.5844681629919   ,14.1024243892466   ,16055              ,jun                ,1997               
17.5106543902749   ,2.02664983426946   ,231.004001484115   ,5.16379246391958   ,4.11166190292238   ,25.2268860963675   ,44.6445670498428   ,87.0616030104297   ,279.733944154397   ,293.561241429797   ,251.000126855613   ,0.00706154727634167,3.66232691043933   ,18.7267958054176   ,14.4093070329294   ,16009              ,jun                ,1997               
16.1398401920758   ,1.59043164391459   ,258.577677158674   ,5.4451370815436    ,4.12420970396201   ,25.6711277392705   ,47.498926000913    ,88.2378737373352   ,280.258138554891   ,293.653874867757   ,265.379471036275   ,0.00740382204569566,3.25402161242565   ,18.2341606626511   ,14.5766722548803   ,16057              ,jun                ,1997               
11.543338208777    ,3.2391773878092    ,248.61141787722    ,4.74531304592646   ,3.96137037828323   ,23.0417507617889   ,43.2792999606304   ,84.0859765849204   ,279.104948979083   ,292.348502320282   ,246.830415717912   ,0.00658880880496637,3.16118822638379   ,19.0957551839572   ,14.4327595729236   ,16035              ,jun                ,1997               
10.3724897950938   ,3.43405053151894   ,241.668709939141   ,4.12485558073793   ,4.00189177726374   ,20.8403673442785   ,41.4149593606632   ,88.4114736821883   ,277.447158045295   ,291.29973357449    ,262.165574917623   ,0.00637184640250093,3.18249743169555   ,19.7888860780647   ,15.380448500365    ,16049              ,jun                ,1997               
20.2695578598946   ,1.4051378047161    ,268.963631245095   ,6.43782194072975   ,4.42660886476384   ,34.3492319416447   ,42.9118277986632   ,79.3600931041806   ,281.977377822522   ,294.523470462792   ,266.830602102569   ,0.00711032175297107,3.03797684779354   ,15.5906585519964   ,12.5430622735763   ,16069              ,jun                ,1997               
15.4325629674949   ,1.63430175379537   ,263.656953208035   ,6.04907011788739   ,4.0559256214084    ,28.8022683386632   ,46.5508935271544   ,84.2217040448149   ,280.569316197755   ,293.008957770902   ,262.803882146998   ,0.00713265063459202,2.67555304213989   ,16.9809461621214   ,13.6931747545552   ,16061              ,jun                ,1997               
17.4761202431577   ,1.46007977720693   ,187.883412016668   ,4.8106100467661    ,5.29058223673979   ,31.8007072549757   ,36.1284792702717   ,80.5625217903124   ,283.671290964937   ,298.973098238357   ,292.886503575349   ,0.00805861255577825,3.28322466514381   ,16.7896078482703   ,12.625070253375    ,16055              ,jul                ,1997               
18.3931490228975   ,1.59499145150707   ,194.840088365369   ,5.294689987303     ,5.23450120684527   ,30.5527224021004   ,36.8253270149413   ,86.9933126922508   ,282.6659474716     ,299.131520556184   ,293.819388208828   ,0.00829810226168309,3.3301137455617    ,17.1218161015912   ,13.5104200487306   ,16009              ,jul                ,1997               
16.574524310251    ,1.52680129322749   ,207.532556684296   ,5.51284156481425   ,5.07712344331126   ,29.2739560173404   ,38.8255192618216   ,90.4874350154015   ,282.725467425931   ,299.175036345451   ,297.692947619038   ,0.00871910126444193,2.86309556907223   ,17.2059815574461   ,14.1775165968557   ,16057              ,jul                ,1997               
17.0701677647008   ,2.1253801217219    ,197.376880317096   ,4.99203404630885   ,5.02026912982797   ,29.5927170349128   ,37.1797547779735   ,81.9841443855115   ,281.827947895857   ,297.766402714348   ,296.805594135142   ,0.00785026490627159,2.76690164033415   ,17.6371511544422   ,13.2458668678038   ,16035              ,jul                ,1997               
15.0980772748499   ,2.6294690231267    ,219.377520383427   ,4.40221865366281   ,4.91474263647068   ,26.7066471607003   ,35.6347969592474   ,84.9378703240483   ,279.99684591659    ,296.495963929928   ,297.805960155903   ,0.00753617851919084,2.77349439428175   ,18.5011198011791   ,14.0133678758577   ,16049              ,jul                ,1997               
18.7494323177545   ,2.00158135335366   ,221.639923309003   ,6.71280566468808   ,5.43168590125162   ,38.2181538127302   ,32.6745210140558   ,76.0098025687341   ,285.037726549192   ,300.388889030442   ,296.164364779059   ,0.00799956156984511,2.6320637975435    ,14.658396084226    ,11.65919391295     ,16069              ,jul                ,1997               
14.0001899196161   ,2.67287316342398   ,208.452107522002   ,6.57924127447375   ,4.99308378576946   ,30.2197064669474   ,37.3484767940768   ,83.2665968915044   ,283.377703238284   ,298.505508727946   ,298.141398298426   ,0.00828535027817633,2.29680736871822   ,16.699669615487    ,13.5598828036828   ,16061              ,jul                ,1997               
31.3802073711411   ,0.642978212205683  ,152.747895996488   ,4.9394193287576    ,5.07249168841373   ,46.4506195521079   ,30.6225532160548   ,75.9263865649265   ,284.169058328414   ,300.355247028634   ,255.526980899521   ,0.00752514406008089,3.28402668871475   ,13.0008212552513   ,10.7800831000327   ,16055              ,aug                ,1997               
34.9886616492743   ,0.610570302406956  ,167.627012106839   ,5.4256623078145    ,5.16791844964141   ,45.7939011129083   ,28.9143926846569   ,82.5355467282081   ,283.1344136389     ,301.162123244508   ,258.385337370865   ,0.00762317046035301,3.29526797028575   ,13.5109414624722   ,11.6162903365754   ,16009              ,aug                ,1997               
33.1703345916127   ,0.52972023713057   ,181.540898739888   ,5.57177333831787   ,5.19412286843023   ,44.8499094747728   ,26.9751381855626   ,85.4135811639601   ,283.304733625843   ,301.852005344514   ,260.304547906691   ,0.00765171425417066,3.07674305050604   ,13.7854554374756   ,12.0147713531217   ,16057              ,aug                ,1997               
31.9524406142841   ,1.00852170987395   ,170.674264396269   ,5.27421708019625   ,4.96492950606377   ,47.1583938134901   ,29.0079260582018   ,73.3513240344624   ,282.855715439133   ,299.747211859284   ,260.810950622059   ,0.00705990771374187,3.02159720461698   ,13.2826373156475   ,10.5167824920395   ,16035              ,aug                ,1997               
23.7618396681662   ,1.06869014569742   ,182.536072965322   ,4.79967472398378   ,4.73837712977386   ,38.7103410014163   ,28.4851356406505   ,78.6221669941425   ,280.593984498236   ,298.126192812355   ,256.672188649726   ,0.00669585147386687,2.99672903201612   ,15.2137720832314   ,11.8633139845668   ,16049              ,aug                ,1997               
40.5234108744102   ,0.434897158339097  ,189.961901329318   ,6.85674406967911   ,5.51468782137443   ,57.7104199975241   ,23.1605067978609   ,68.8106050845033   ,286.034669250625   ,302.901243672117   ,259.660685651278   ,0.00701735273933134,2.93303264465459   ,11.2220549115399   ,9.00797797211783   ,16069              ,aug                ,1997               
31.3076700093919   ,0.577758087403054  ,180.555497431701   ,7.19413366659285   ,5.05580493091933   ,49.2817959601134   ,25.1088886977958   ,72.7514380564597   ,284.29710312927    ,301.233121908051   ,260.544811274204   ,0.0069211380939456 ,2.58549686841283   ,12.9651743201884   ,10.0251261626711   ,16061              ,aug                ,1997               
15.5160924643629   ,2.19111948958783   ,157.045651364425   ,4.7168094549323    ,3.14147327673124   ,27.829666861716    ,40.1387420015898   ,89.0863304483547   ,280.549475373947   ,294.390728010431   ,171.632657531194   ,0.00694704749219028,3.98175117160067   ,16.4528138869747   ,16.134067597278    ,16055              ,sep                ,1997               
16.7089801487188   ,2.03644610468879   ,163.611586663662   ,5.19901202980583   ,3.21863069926964   ,26.8111566837017   ,37.8202416079519   ,91.9575562463945   ,279.489466289091   ,294.848014991053   ,174.540896698239   ,0.00686709957897178,4.11346657360799   ,17.0935065470739   ,16.5704022377436   ,16009              ,sep                ,1997               
17.3495071034442   ,1.71193891036417   ,172.730502334515   ,5.32016998847326   ,3.32032985821366   ,27.9894831148783   ,35.4099835262299   ,92.9790323727926   ,279.896485921224   ,295.73506833903    ,179.196157581329   ,0.00693667365199265,3.66052159672976   ,16.9461071618398   ,16.449648241361    ,16057              ,sep                ,1997               
15.9607856790372   ,2.63491283532464   ,176.158088385292   ,5.21750588060853   ,3.1898506462364    ,29.81407307068     ,37.1126577664967   ,84.8384094106555   ,279.118550305571   ,293.748838420113   ,179.256869294729   ,0.00619357596263106,3.46105380980711   ,16.3317680357543   ,15.3245228877279   ,16035              ,sep                ,1997               
15.7140729552675   ,2.26406489942858   ,179.823582814595   ,4.65652592711317   ,3.26827590759784   ,29.0991766509676   ,35.0758966583524   ,85.6385442059859   ,277.384462093597   ,292.978014083249   ,188.367215036269   ,0.00587142741697316,3.52563409624858   ,16.7517467214841   ,15.3852496104664   ,16049              ,sep                ,1997               
23.3918309016402   ,1.39438454833458   ,179.570171522967   ,6.54023534303893   ,3.60944963037011   ,38.1568455031424   ,31.5327057365853   ,85.0550090086014   ,282.178708750679   ,296.981599948495   ,182.316471777115   ,0.00672970824296389,3.3036046389165    ,14.1597238429302   ,14.1331910901741   ,16069              ,sep                ,1997               
19.5899791168308   ,1.6246922515316    ,171.134786805601   ,7.12484169466108   ,3.32252128319635   ,33.8347179672935   ,32.8825274393907   ,86.6452776612001   ,280.556084675434   ,295.669429486908   ,181.667004349343   ,0.00648965459777499,2.92847653374527   ,15.375899280464    ,14.8646914084096   ,16061              ,sep                ,1997               
7.12392739963949   ,3.60747155130315   ,204.807969404283   ,4.77286979462057   ,1.284310648629     ,12.9594585079619   ,51.367118122947    ,97.5042792122376   ,274.372377643512   ,284.233741730883   ,98.1170688802845   ,0.0049107222752993 ,4.29662965470128   ,21.3150306863961   ,20.5793252395757   ,16055              ,oct                ,1997               
9.719157176822     ,3.39174782825034   ,213.079839359101   ,5.15603512984056   ,1.32343399468656   ,14.3578024890234   ,48.4673222849264   ,98.4331273608454   ,273.587677712613   ,284.525481595227   ,100.450406746046   ,0.00490521645625137,4.6039406475299    ,21.0582286916996   ,20.4052622833878   ,16009              ,oct                ,1997               
11.5936147926814   ,3.0658927093239    ,221.590595424925   ,5.22780088265737   ,1.38508848948584   ,16.5196090267974   ,46.1509392762953   ,98.1120976097353   ,273.991206610895   ,285.109886213733   ,103.210635519951   ,0.00493334717387634,3.92965445845358   ,20.4587336217203   ,19.8390637673101   ,16057              ,oct                ,1997               
8.11875342656804   ,4.32628849286031   ,215.776907349384   ,5.24317977393152   ,1.21043916470138   ,13.100402796856    ,51.5640528428557   ,96.701495186658    ,273.049239549323   ,282.569678193086   ,105.627378120337   ,0.00459950843315179,3.85331300953226   ,21.5708955786103   ,20.4755042556818   ,16035              ,oct                ,1997               
9.75775595410934   ,3.3170352084663    ,222.122865381191   ,4.55690591923028   ,1.38398458467484   ,16.9898505085639   ,46.900332946948    ,94.7011107896534   ,271.175856014715   ,282.037160609126   ,116.398970419726   ,0.00419349557010735,4.13862568288528   ,20.174506037771    ,19.2277693472831   ,16049              ,oct                ,1997               
15.3905579546435   ,2.11631087224133   ,232.110457006191   ,6.21977137711809   ,1.64613447327161   ,24.9691336799001   ,40.9099843341235   ,93.7050749407116   ,275.763469444013   ,286.318200127676   ,106.373087923959   ,0.00481002087265363,3.62757830600688   ,17.3927235798279   ,17.6640688861796   ,16069              ,oct                ,1997               
12.2441827109166   ,2.12613998735991   ,222.13012399865    ,6.79778050128422   ,1.45027047388953   ,21.6338631313536   ,42.6191498419025   ,95.4867951177782   ,274.418824889697   ,285.034008659702   ,107.351848523987   ,0.00465979145095448,3.07316873357061   ,18.4176697003876   ,18.440154076131    ,16061              ,oct                ,1997               
8.22241173562248   ,2.59279479130295   ,148.190534704989   ,4.49600469689964   ,0.643483116919244  ,7.52265991723851   ,61.2372360355079   ,94.6699371285563   ,271.645733215583   ,279.694264742376   ,60.9121930803945   ,0.00415077281054505,3.59985532541497   ,24.6031804826525   ,21.7521433458734   ,16055              ,nov                ,1997               
8.9349463825599    ,2.71996158239628   ,160.946977343636   ,4.88824468768795   ,0.653748996420607  ,7.88950061437162   ,59.9434744727682   ,95.3754916076359   ,271.597278927534   ,279.986381172617   ,62.3552192714322   ,0.00423950103643815,3.74986732102475   ,24.4854268459644   ,21.8453222455358   ,16009              ,nov                ,1997               
10.0879579005026   ,2.66891902916956   ,174.630165517695   ,4.98723495403926   ,0.682374863568693  ,9.33683627610626   ,58.6296021343867   ,96.8091883328756   ,271.792065806071   ,280.734365442912   ,67.4668772484461   ,0.00434930323483422,3.39401390296221   ,23.7146012369792   ,21.8509911298752   ,16057              ,nov                ,1997               
7.52735494192879   ,3.60373063686217   ,166.824948952121   ,4.89736031259425   ,0.715732636970847  ,7.76926228649385   ,57.6581174666315   ,93.6168003711337   ,270.283747440093   ,278.864552725428   ,68.1913869449839   ,0.00379507572771135,3.34091067260802   ,24.6824953667289   ,21.5235957907152   ,16035              ,nov                ,1997               
8.57566393631625   ,2.67786744654329   ,190.009221919406   ,4.28754947023195   ,0.806402688190208  ,11.0285382849876   ,51.9601633485893   ,92.6817914736015   ,268.04737562203    ,277.933886407729   ,75.9106088620237   ,0.00333567157754043,3.44913435521757   ,23.0790053369799   ,20.5531832045226   ,16049              ,nov                ,1997               
12.131229508973    ,1.56215338183271   ,183.07334393724    ,5.90604600081894   ,0.840295985184358  ,16.2504559299658   ,54.1259402501179   ,92.3061183392258   ,273.532808760101   ,282.066952960716   ,71.1431632495819   ,0.00437058701606155,3.06171597411288   ,20.7075697475576   ,19.5127254309289   ,16069              ,nov                ,1997               
9.87480193529376   ,1.42047361106979   ,170.042109430362   ,6.33652085115102   ,0.791753977233385  ,14.4690543809541   ,53.0994527107428   ,92.9097586287611   ,272.005694861714   ,281.121482672573   ,71.5609800879949   ,0.00409566656617094,2.69873151588703   ,21.2971356659881   ,19.794590793825    ,16061              ,nov                ,1997               
4.88776308718075   ,2.13317780289211   ,187.352623569818   ,3.77745126745828   ,0.248549144288151  ,3.85771866679709   ,74.7720913194989   ,96.571119532958    ,268.017808225027   ,274.076063401545   ,48.5034581672344   ,0.00321541385873973,3.37880499497036   ,25.571594483437    ,23.5860699021767   ,16055              ,dec                ,1997               
5.07964742754896   ,2.1407301794339    ,198.995172034871   ,4.23167175301433   ,0.277358669172251  ,3.88276658175583   ,73.3663166633019   ,96.1007033729929   ,267.937654965493   ,274.164022544244   ,50.0650153380174   ,0.00322990168016441,3.82548482060668   ,25.5050446324095   ,23.3312868120167   ,16009              ,dec                ,1997               
6.5596861833202    ,2.03046416780725   ,198.431568066915   ,4.36695875644684   ,0.30619124152036   ,4.69383706833591   ,70.7605397059123   ,96.9572440045675   ,267.823436747233   ,274.644467931112   ,53.0598060480754   ,0.00321992030514715,3.53057625061274   ,25.3361105925242   ,23.2509383484522   ,16057              ,dec                ,1997               
5.99648984798409   ,3.02356924582394   ,201.875156289679   ,4.28397566458136   ,0.341704671074117  ,4.50356759062463   ,69.868944984393    ,93.947484990255    ,266.557899858987   ,273.384066684285   ,56.7771485099497   ,0.00290613169785966,3.52454452239518   ,26.2389473449352   ,22.8435643007925   ,16035              ,dec                ,1997               
7.01351815291876   ,2.18452129672942   ,225.756657802629   ,3.7451391643766    ,0.434368606879247  ,6.77368280005822   ,61.0463113810603   ,95.3025755496465   ,263.096879946319   ,272.776768821194   ,61.5526149961617   ,0.00251968008942318,3.77974727780601   ,24.8178146558083   ,22.3037423374999   ,16049              ,dec                ,1997               
10.6121991787093   ,1.20135590976109   ,203.951123623499   ,5.19663924393169   ,0.436021552554958  ,11.7098307957682   ,64.2852395096777   ,93.5620294064337   ,268.956762896587   ,276.091206591057   ,57.6262006764743   ,0.00317327286392357,3.17802628276607   ,22.2084352251893   ,21.1187676722141   ,16069              ,dec                ,1997               
9.32733712725921   ,1.10917830065639   ,192.748225999732   ,5.64387592402371   ,0.386672466773714  ,10.3963215010306   ,63.9804411438871   ,94.669996448128    ,267.454995853645   ,275.21721900961    ,57.4271848841475   ,0.0030200039980402 ,2.70799750600308   ,22.6888844892013   ,21.5155555680435   ,16061              ,dec                ,1997               
