bi,pr,th,pdsi,pet,erc,rmin,rmax,tmmn,tmmx,srad,sph,vs,fm1000,fm100,countyfips,month,year
1.73147671665419   ,6.30919902067996   ,191.079639195162   ,1.36008302948919   ,0.506446540753284  ,1.07224406797767   ,65.7719010561091   ,95.0591185769917   ,270.423732306368   ,275.390431138635   ,45.8274005528831   ,0.00345965685114807,5.13870387785972   ,29.3233755758112   ,24.0859748139477   ,16055              ,jan                ,1990               
1.90425146943163   ,6.08135168834892   ,196.792442720704   ,0.952430420749889  ,0.582533400519291  ,1.30234382137412   ,63.0125778338044   ,94.5044369247038   ,270.208817748674   ,275.465100932972   ,47.5139421942489   ,0.0033729154155555 ,5.6556786913343    ,28.9401569978088   ,23.6960672468465   ,16009              ,jan                ,1990               
2.50423347154602   ,5.16760011077408   ,205.812072364669   ,0.0368522273167522 ,0.674600094839209  ,2.58487840639835   ,59.1267033337009   ,93.5908777384604   ,270.461892331031   ,276.349531791441   ,48.8983627331641   ,0.00335933764555281,4.80632863834981   ,27.9011440916984   ,22.9808961474511   ,16057              ,jan                ,1990               
1.37724316216519   ,7.9365394251594    ,209.013082451233   ,-0.419491737241192 ,0.434612121306624  ,0.805782946859926  ,66.3402603921823   ,96.7157998097054   ,268.241920587222   ,274.24982986393    ,54.6797222768855   ,0.00329186400600082,4.78610301513281   ,30.5376680720546   ,25.0378132659937   ,16035              ,jan                ,1990               
4.28171338832203   ,4.6006892892612    ,224.405333360813   ,-1.21498561362362  ,0.51813253375848   ,5.23505933514346   ,60.3412619255241   ,95.9909138754924   ,265.887569783742   ,273.338661807968   ,62.2857993045922   ,0.00293815779967735,5.04080496876828   ,26.1247574479419   ,23.0543187189591   ,16049              ,jan                ,1990               
6.75617221661801   ,2.30003095891571   ,212.454556638709   ,-1.35567042645924  ,0.921703582724991  ,12.8098179907711   ,51.9354946899151   ,88.3127141067113   ,271.835553458627   ,278.042639018545   ,50.9314057032816   ,0.00336108012195585,4.38586436573217   ,21.8352950424989   ,19.3497873387379   ,16069              ,jan                ,1990               
5.63334366230389   ,1.70920243102911   ,201.434827336245   ,-1.27573677889243  ,0.673661318563185  ,9.9344891939392    ,56.5983039751208   ,94.3012313822434   ,270.124593801353   ,276.677024733509   ,52.219678738695    ,0.00336131181252459,3.71012703975465   ,22.4531034621135   ,20.8708680772489   ,16061              ,jan                ,1990               
4.61649150741894   ,3.11189313218444   ,174.680832204388   ,1.99010325839746   ,0.833741953724591  ,3.43882104542      ,58.4181101012412   ,94.0809866789157   ,266.896015692009   ,275.717402965584   ,87.8742932524841   ,0.00288357172515651,4.2863751769171    ,29.4799941680769   ,21.9763260846416   ,16055              ,feb                ,1990               
4.46378291905299   ,3.30827813268035   ,182.553579814407   ,1.48475630697869   ,0.905090203368603  ,3.43854553667059   ,55.7848210411362   ,94.7592607886733   ,266.566740953408   ,275.995933513367   ,89.7439914632428   ,0.00283467516420708,4.67876193159128   ,29.082309325872    ,21.9717913935573   ,16009              ,feb                ,1990               
4.53493335063436   ,3.07364024762064   ,199.585782573722   ,0.520173889462215  ,0.96033120607159   ,4.53632719336113   ,53.4735406899452   ,95.5444957733154   ,267.078047182901   ,277.073160591125   ,88.7944777386529   ,0.00291395450195913,3.88957489748086   ,27.9400930690765   ,21.683454272747    ,16057              ,feb                ,1990               
3.29043932191723   ,5.25089493534089   ,204.370966132675   ,0.599611132361068  ,0.873706266987192  ,2.25788817988059   ,52.83368007138     ,95.8056879153031   ,265.513899805754   ,275.402931714555   ,99.6223070606369   ,0.00272883158464396,3.8614057733668    ,31.6412736998696   ,22.6956365210021   ,16035              ,feb                ,1990               
6.50021759439948   ,3.25763772318574   ,219.646260262238   ,-0.633264603339525 ,1.00809385687342   ,6.68090161802077   ,43.8598433508439   ,95.5888864346253   ,262.744143572396   ,274.81230527412    ,107.020484846113   ,0.00236741267015028,4.26616399775833   ,27.4807324580103   ,21.263533198058    ,16049              ,feb                ,1990               
10.6802937069198   ,1.30872955347708   ,210.127746967839   ,-1.4300593677875   ,1.20074529580436   ,17.6258633924523   ,48.3885512929367   ,87.2435826009425   ,269.071814520292   ,278.703850684228   ,97.535728798102    ,0.00296309193859446,3.54789760038314   ,20.9099746812292   ,17.5991327383757   ,16069              ,feb                ,1990               
8.74355580224647   ,1.12241869758916   ,196.227554461363   ,-1.37058192819932  ,0.998856711459765  ,14.0030839151819   ,51.0378029737731   ,91.6307920762189   ,267.464676984226   ,277.235485094919   ,95.4263207020135   ,0.00288689994853369,3.00715896286677   ,21.9509828360894   ,18.9149286130525   ,16061              ,feb                ,1990               
13.987376185149    ,1.33752738305903   ,182.947067871363   ,1.5589862144533    ,1.81668874478571   ,16.7774421975084   ,43.1331393703844   ,89.4611218400674   ,271.197387986998   ,283.051321787488   ,148.478737174697   ,0.00364296023158591,3.31732510972051   ,22.5603410758045   ,16.8922845028191   ,16055              ,mar                ,1990               
13.4328711266116   ,1.37971995956662   ,196.933839823367   ,1.04088899271317   ,1.86339194572343   ,16.6855292479303   ,42.1106966444271   ,90.0938755558929   ,270.923068762144   ,283.277529296176   ,155.835411320799   ,0.00363902017738781,3.2879073038245    ,22.5082385512248   ,16.9950377223464   ,16009              ,mar                ,1990               
13.3714304559936   ,1.42794252526376   ,220.482841389253   ,0.0828893981936077 ,1.91766778649822   ,17.0228542797027   ,41.5124832743983   ,91.1070671038474   ,271.36229913527    ,284.03228302002    ,159.697153992807   ,0.00376322081984742,3.00430393138239   ,22.283998423238    ,17.1477452582698   ,16057              ,mar                ,1990               
9.62579369449933   ,2.33136011903489   ,232.105667435309   ,0.380765779945445  ,1.83325162611854   ,11.4431208443868   ,40.6494248775297   ,92.9374541575527   ,269.590218219394   ,282.362095411174   ,173.032212185907   ,0.0034948927877121 ,2.90144629109111   ,24.7805980096237   ,18.2122307718349   ,16035              ,mar                ,1990               
12.3941938428313   ,1.88374090596422   ,241.361980057787   ,-0.856509996165857 ,1.91211937609819   ,15.7769315238399   ,35.1379083364716   ,93.216989929649    ,267.286134689757   ,281.264416182073   ,172.528304202396   ,0.00306839786730004,3.32107135945508   ,22.7609760468468   ,17.6893767200864   ,16049              ,mar                ,1990               
16.8567499091656   ,1.24944840681096   ,233.595573957759   ,-1.6564526323581   ,2.13994382644946   ,25.5758047931581   ,38.4974876520283   ,86.0774641821708   ,273.475049087132   ,285.513562602382   ,165.436295942827   ,0.00390904024024461,2.84374269159864   ,18.7283462728738   ,15.5203105926678   ,16069              ,mar                ,1990               
13.0838737819444   ,1.42121737337341   ,228.284206074485   ,-1.50340230471503  ,1.93355234652575   ,20.9248238092929   ,40.3969297327699   ,89.2471077216526   ,271.972329864054   ,284.090207947314   ,163.906356606093   ,0.00378348653503179,2.48561882093982   ,20.0795432825274   ,16.6924381558655   ,16061              ,mar                ,1990               
13.1571425994882   ,2.22664243508187   ,183.179550163834   ,-0.0739091143959977,2.77771031881066   ,26.7973582310932   ,40.2743959466126   ,86.1319148902213   ,274.830667792426   ,287.454773761346   ,189.439064805563   ,0.00459839639347174,3.75377332678548   ,17.1183355590444   ,14.8772461378362   ,16055              ,apr                ,1990               
12.4991199524101   ,2.66209215752825   ,201.17982945548    ,-0.778621546241695 ,2.77058474109958   ,24.4942055322715   ,40.5030169771033   ,87.3886205624311   ,274.500590764935   ,287.559849262426   ,188.952744973388   ,0.00461130427192948,3.73611403386268   ,17.9879403601502   ,15.5528325786252   ,16009              ,apr                ,1990               
12.6261837805244   ,2.90843068689108   ,208.76843653971    ,-1.14167509978016  ,2.77435815306505   ,23.5529222114484   ,41.2919339348475   ,88.7929447542826   ,275.04063482666    ,288.015332061768   ,195.909362893422   ,0.00483095963598074,3.26292192095518   ,18.4783699258169   ,16.0245205012957   ,16057              ,apr                ,1990               
12.3414784764862   ,3.91006078796961   ,223.731853712109   ,-1.08339548049005  ,2.69683023060687   ,20.8666139501545   ,40.6388414489122   ,88.8542736134116   ,273.695056159871   ,286.150290635306   ,208.028026750173   ,0.0044866939152163 ,3.25425192310913   ,19.9111363651553   ,16.5066603578254   ,16035              ,apr                ,1990               
12.6530823853435   ,3.42600987791184   ,246.755906486825   ,-1.70017121680424  ,2.85324345824993   ,23.6806380971047   ,34.9466541372288   ,88.4486341698031   ,272.027261662607   ,285.687607224842   ,219.197481861388   ,0.00412328210998658,3.37673621321132   ,18.8895773696324   ,15.885038363395    ,16049              ,apr                ,1990               
16.0548844774291   ,2.30202549912713   ,228.188161614081   ,-2.35855489793946  ,3.04791634224103   ,31.5593909167563   ,37.957204727948    ,84.6736030456217   ,277.241353616697   ,289.624490663797   ,202.416477318286   ,0.00509229499731319,3.07743171361041   ,15.9494557014336   ,14.3820179468383   ,16069              ,apr                ,1990               
14.3323621109521   ,2.45600012778907   ,217.494436907904   ,-2.20551889987031  ,2.75646966884616   ,27.7007169303815   ,40.7701929539032   ,87.38564571244     ,275.624568293968   ,287.912614159282   ,199.69277811497    ,0.00495490243696266,2.73220480866012   ,17.0942949459244   ,15.289460168003    ,16061              ,apr                ,1990               
8.40201470273482   ,4.75475617537425   ,189.313521001976   ,-0.461847788982115 ,3.13929220235286   ,18.9373726233881   ,43.6734261780514   ,89.5925151157012   ,277.266341213083   ,288.614179766417   ,209.608061210767   ,0.00556049554135374,3.72679950102825   ,19.7931493875374   ,16.5816056871737   ,16055              ,may                ,1990               
9.94178716095773   ,4.5903054230494    ,192.812591998649   ,-0.775278676830276 ,3.32574627885929   ,19.8287619552052   ,41.7046495442355   ,88.9220214584534   ,276.603138777472   ,289.235482568481   ,218.291391568185   ,0.00541608218602462,3.79321818293495   ,19.7451962683806   ,16.1334613828082   ,16009              ,may                ,1990               
10.7590438732795   ,4.32937654497643   ,210.482165430374   ,-0.571897927771012 ,3.38925306831637   ,19.8377094192346   ,43.6366882041193   ,87.8119103302494   ,277.263918225688   ,289.602803974767   ,229.344860699561   ,0.00562996532520159,3.35154147007773   ,19.984956731181    ,16.1386460245809   ,16057              ,may                ,1990               
7.65541942152303   ,5.0063965332904    ,209.181564733523   ,-0.618025389862909 ,3.18293377300373   ,14.8954105608608   ,43.0941803478279   ,89.4814448374514   ,275.588758849369   ,287.544192689491   ,230.290668618408   ,0.00514600927034378,3.2486730633902    ,22.0670851343432   ,16.9466532482048   ,16035              ,may                ,1990               
6.54189331826913   ,4.41871109223592   ,224.650032744414   ,-1.26391143471859  ,3.22053809666609   ,15.9540776936415   ,39.1689127040864   ,88.9727964587057   ,273.85375700016    ,286.15248720832    ,238.499431598809   ,0.00461850643261879,3.33156472204163   ,21.4778588655212   ,16.5073535469782   ,16049              ,may                ,1990               
11.660946144555    ,3.51198159285469   ,211.687248582411   ,-2.01637535532953  ,3.69283478953457   ,24.7104671500573   ,40.1507269244205   ,82.7791465705318   ,278.933425326871   ,290.704227746921   ,236.15028976222    ,0.00563295503313306,3.20561619252815   ,18.267949833754    ,14.9496470052908   ,16069              ,may                ,1990               
7.40247573079161   ,4.40661854232368   ,197.464150498672   ,-1.82452291537579  ,3.33512269756184   ,18.5150963187742   ,43.8332632253469   ,87.2455998275541   ,277.236596783013   ,288.942153304203   ,233.986067303846   ,0.00552154175935438,2.78983848047587   ,20.1355401636346   ,16.3758970548934   ,16061              ,may                ,1990               
14.1505233428547   ,2.00233484243333   ,204.483598710676   ,1.35609661890973   ,4.61588910657846   ,20.4819959608217   ,39.9775998564251   ,78.3293605527106   ,281.042750710486   ,294.565486000595   ,264.351383380864   ,0.00673028777662629,3.86974938815186   ,22.008092236617    ,13.8364615996352   ,16055              ,jun                ,1990               
14.1539425115235   ,1.72448406460487   ,213.917295482267   ,1.34350220180122   ,4.7010012595141    ,21.4278127029582   ,38.155439111608    ,78.43888730984     ,280.495837408363   ,294.962494588698   ,264.334973127978   ,0.00655236939382528,3.89644956191381   ,21.575215407001    ,13.5658093095061   ,16009              ,jun                ,1990               
12.3732447958564   ,1.49831235681971   ,229.364609079997   ,1.42558763802052   ,4.73816812860966   ,20.7902847340411   ,39.9648515907923   ,80.2097036094665   ,280.999011103312   ,295.315866546631   ,278.834797952016   ,0.00690828309805753,3.37990915036201   ,21.4255424874624   ,13.7440964742502   ,16057              ,jun                ,1990               
12.9817625210086   ,2.15575198457958   ,225.782217143992   ,1.1658396583951    ,4.56024860784653   ,20.0861372847086   ,37.0119054024114   ,75.9270223756001   ,279.910461476321   ,294.126775539148   ,261.2056122923     ,0.00627480135965433,3.39796612249704   ,22.22168645432     ,13.4522996532825   ,16035              ,jun                ,1990               
14.8587211653842   ,1.99915170835476   ,236.68028055409    ,-0.122166016444489 ,4.56157179416132   ,23.4563931138246   ,33.9262147557951   ,78.9094523570648   ,278.037071320476   ,293.101099478829   ,270.3566430347     ,0.00591661210147204,3.36419138537083   ,20.7871891664957   ,13.1884191481243   ,16049              ,jun                ,1990               
15.0729952254043   ,1.31284886398577   ,238.466918017414   ,-0.694756817265203 ,5.13063768832654   ,29.3158383945305   ,35.1287874447896   ,69.0254175553347   ,283.146639356426   ,296.624100903734   ,282.606123252773   ,0.00669513181247873,3.15879232896203   ,18.4881810256292   ,11.5009836862856   ,16069              ,jun                ,1990               
10.9365388820406   ,1.55271608570473   ,237.7183904148     ,0.0583517972595436 ,4.68831994953891   ,23.3051692551489   ,38.6345771122242   ,75.137121279903    ,281.26651090932    ,294.864181455502   ,279.041743093023   ,0.00669633338007224,2.82465653473681   ,20.1212325626825   ,12.7541910732416   ,16061              ,jun                ,1990               
30.5649979375702   ,1.16551329345243   ,167.130242744599   ,1.46625299847829   ,5.60331879908482   ,46.3853957820474   ,32.2129959434085   ,73.6985684856545   ,284.502651051033   ,300.597890440914   ,291.538796660214   ,0.00791748338111302,3.10191717009992   ,13.3922254667962   ,10.3740668111346   ,16055              ,jul                ,1990               
31.9388649754246   ,1.04548732626072   ,181.018729674059   ,1.55800438867753   ,5.79622827556484   ,48.5610938566426   ,28.001259744611    ,72.8936735722235   ,283.237373895239   ,301.29362510802    ,291.845975320652   ,0.00720645756812528,3.13645894880353   ,13.0119484417037   ,9.95576748444757   ,16009              ,jul                ,1990               
31.3921680016251   ,0.788139082611569  ,185.222553804882   ,1.66698059529066   ,5.71895185007203   ,47.691089997753    ,28.2716489939536   ,75.8230157686049   ,283.485312549222   ,301.401346209126   ,297.213533748504   ,0.00740387623476225,2.84963341255342   ,13.3187201532241   ,10.2734970449632   ,16057              ,jul                ,1990               
28.3847640709822   ,1.45994469049353   ,183.818867940292   ,1.10485545810971   ,5.5239539907223    ,46.1879667108969   ,29.5996483486248   ,68.9475525211672   ,283.123785829964   ,299.634516384237   ,301.566128145223   ,0.00706437558040451,2.73471748537023   ,13.6159475323676   ,10.1328965792395   ,16035              ,jul                ,1990               
30.8673963469534   ,1.18614561544355   ,204.346045172433   ,-0.314698621998741 ,5.44516352321458   ,48.0864444836698   ,25.7397963353291   ,70.3464440199363   ,280.964048690259   ,298.497206136967   ,302.34866727421    ,0.00640377275982395,2.73556756272028   ,13.3583207938916   ,9.9886072293455    ,16049              ,jul                ,1990               
35.9772208357422   ,0.798640227518823  ,199.378818303033   ,-0.736332967957073 ,6.11591750637342   ,57.6385348242522   ,22.2125313946229   ,60.2359243988148   ,286.653855138716   ,302.909327011016   ,298.59375309282    ,0.00660310297995891,2.68766056427117   ,11.3645739718225   ,8.19348624884846   ,16069              ,jul                ,1990               
28.3823164317147   ,1.11300813816875   ,184.246270850734   ,0.166516650314173  ,5.60316747705068   ,48.9285100544335   ,26.3982398021193   ,67.7787191634558   ,284.60847085878    ,300.825786573287   ,300.999135046125   ,0.00693862713279733,2.39398169917954   ,13.0296789666107   ,9.65704423928064   ,16061              ,jul                ,1990               
26.940686809227    ,1.75391594236169   ,160.615438645506   ,1.66054639191621   ,4.63705841779361   ,42.0336415332484   ,34.3435325308592   ,82.4240746092356   ,283.778421243728   ,299.230277064121   ,252.777876405907   ,0.00802316643948226,3.01263816947246   ,13.6390628232339   ,12.7407626797443   ,16055              ,aug                ,1990               
30.1637509739996   ,1.45220715486723   ,174.017392245179   ,1.7459315717573    ,4.82984833058384   ,45.5997723034944   ,29.9312982182394   ,81.8349080108509   ,282.680328340015   ,300.117776188101   ,253.124252831943   ,0.00744315545455241,3.01765884420621   ,12.9528919282954   ,12.2915178249983   ,16009              ,aug                ,1990               
28.6124887047911   ,1.17639755520609   ,193.439539476931   ,1.81815256992976   ,4.75355921056963   ,44.8081030410336   ,29.9789008492808   ,84.4902214259486   ,282.987806032242   ,300.190019570627   ,253.083290028726   ,0.00761990803061053,2.82364095885907   ,13.0225672315782   ,12.7124742877099   ,16057              ,aug                ,1990               
21.100558022935    ,1.6996552931958    ,165.645285354844   ,1.25991708939138   ,4.51556283767654   ,39.8118770803979   ,32.2792032057499   ,78.3451874250443   ,282.625826142246   ,298.306281908695   ,249.998399012428   ,0.00726780052782264,2.7110974468712    ,14.1398486047831   ,12.7710007543186   ,16035              ,aug                ,1990               
22.2017247452892   ,1.91604830545145   ,172.958542452751   ,-0.207354817644162 ,4.41677792136403   ,40.4759498760463   ,29.1113445760789   ,79.5340377981093   ,280.817459379149   ,296.947471339339   ,246.537269308821   ,0.00671551824733386,2.78005464571285   ,14.1021972432661   ,12.9101073419144   ,16049              ,aug                ,1990               
32.5269338481481   ,0.888794492367878  ,207.881278710024   ,-0.666829587675883 ,5.07292012753354   ,55.9257787023718   ,24.8070985989178   ,71.0362881743869   ,286.079542266967   ,301.338028404206   ,248.252798659196   ,0.00689474186898261,2.70598737679824   ,10.6331277604718   ,10.1218001022819   ,16069              ,aug                ,1990               
24.1518603491925   ,1.08001827817064   ,174.680593204749   ,0.280455576158424  ,4.58508869448651   ,45.5406372837625   ,28.7022895248564   ,79.5092925181296   ,284.021681974488   ,299.552343040554   ,247.592396058073   ,0.00726801460683078,2.41567745354296   ,12.6932679350234   ,11.9634153379564   ,16061              ,aug                ,1990               
34.5688193477031   ,0.0531922889630654 ,200.165400457333   ,1.71852514822297   ,3.7560756069479    ,46.9051216753422   ,28.6232962915763   ,79.1487164114074   ,281.065127349979   ,299.055199249226   ,199.716553268119   ,0.00634762872117782,2.73287495839089   ,13.4379736571973   ,11.6853435227246   ,16055              ,sep                ,1990               
35.8615372109313   ,0.0681466944471619 ,210.498299984231   ,1.72580825776979   ,3.95412941044839   ,49.0497231342383   ,24.4686623044738   ,78.3950134841648   ,280.315999445266   ,300.015722030248   ,202.319195625862   ,0.00592179543185333,2.75776716447206   ,13.0833726997676   ,11.3056489384856   ,16009              ,sep                ,1990               
33.6545638435342   ,0.073007136101524  ,237.174519919614   ,1.72350777683159   ,3.98183674720923   ,45.8651628373464   ,23.5777764032682   ,83.4819687054952   ,280.326853118897   ,300.136282058716   ,205.213148180644   ,0.00608034103022267,2.74854108357429   ,13.7605533916155   ,12.2855154750347   ,16057              ,sep                ,1990               
33.3905711796057   ,0.280103802996004  ,226.172237058224   ,1.21816541215666   ,3.80594824257663   ,49.3544543875196   ,25.2688765522458   ,70.9472976891569   ,280.491449689697   ,298.574155824431   ,205.769927355368   ,0.00578017139232568,2.59533175733662   ,13.2229360892623   ,10.2521332195059   ,16035              ,sep                ,1990               
32.7352990906062   ,0.354117205249141  ,209.72359733847    ,0.0259136462787931 ,3.82203189828062   ,46.556631015386    ,23.3406081789761   ,75.3528133215617   ,278.42343976928    ,297.379559281695   ,210.652131887845   ,0.00552521346908861,2.75006565039862   ,13.9013721246161   ,11.0393108998689   ,16049              ,sep                ,1990               
41.4902111436261   ,0.105563359743452  ,257.671628303061   ,-0.625888531964518 ,4.2527469943339    ,60.8156405855203   ,20.2107109480363   ,67.3965595490155   ,283.834809995165   ,301.375941524404   ,205.068399924348   ,0.00580471807162389,2.64708055775221   ,10.6245391300868   ,8.91781935942577   ,16069              ,sep                ,1990               
32.7918259017643   ,0.147683184530288  ,251.713156514347   ,0.278234162585959  ,3.83784029191519   ,50.0933131470168   ,22.648210317701    ,77.1849601425087   ,281.74739760722    ,299.955713487525   ,205.450100043851   ,0.00604177915145445,2.34650955155861   ,12.7949751353461   ,10.9248593487359   ,16061              ,sep                ,1990               
10.1438754212177   ,4.43563799015099   ,230.011165295308   ,1.38006538835409   ,1.44675664351105   ,19.3813663034501   ,45.6557919978146   ,93.7962007546637   ,273.662263575262   ,283.42111511514    ,102.046842108427   ,0.0044908180931336 ,4.76031092448205   ,18.5755153804381   ,19.3404681394256   ,16055              ,oct                ,1990               
9.35292743024133   ,4.59074996627681   ,233.483737689981   ,1.47414932671854   ,1.57703651099584   ,19.1384838680269   ,42.8301373805952   ,93.4698690256787   ,273.240382570783   ,283.756569795559   ,102.541175229924   ,0.0043403892170785 ,5.01763642553292   ,18.7514647059505   ,19.3652465144604   ,16009              ,oct                ,1990               
8.34930993952578   ,3.92264396513662   ,232.079103858702   ,1.44216513534387   ,1.63014246328223   ,19.7962753841573   ,41.6074586385296   ,92.7348340840493   ,273.824063233406   ,284.516573033487   ,105.49536532802    ,0.00440944728066003,4.34145176291466   ,18.6336617271362   ,19.0133779358095   ,16057              ,oct                ,1990               
5.88993863006783   ,5.71107611317252   ,230.771363039374   ,1.06848351783667   ,1.39745423964399   ,14.4472236314549   ,46.2081721835984   ,94.4785010855479   ,272.154145594143   ,282.14671035035    ,102.530833320225   ,0.00412590479442386,4.39030764438784   ,20.5212915032637   ,20.6311303870232   ,16035              ,oct                ,1990               
9.99126280605666   ,3.9726551251156    ,245.927168550719   ,-0.130196013169291 ,1.57588185682277   ,19.1845444733358   ,41.0231656351436   ,91.8501562707787   ,270.642353084378   ,281.7206705995     ,111.732273310946   ,0.00371932079136309,4.50610013401767   ,19.2754015520947   ,19.0641924554261   ,16049              ,oct                ,1990               
14.1699883538712   ,2.41164336922005   ,236.290856132882   ,-0.844728015628834 ,1.97911350584059   ,32.651475110156    ,35.496455299005    ,85.1528519207144   ,275.817318747696   ,286.148083847227   ,108.668700385509   ,0.00422571278980883,3.92982881214571   ,14.5813790779186   ,15.9920315566876   ,16069              ,oct                ,1990               
9.36670728818638   ,2.65848460952399   ,228.370846025533   ,-0.0642920367152894,1.63210940701473   ,24.454730092923    ,38.6704434140845   ,91.5466332441964   ,274.118545926815   ,284.810099317754   ,106.913674711768   ,0.00427744792876986,3.37187376697042   ,16.9097474701276   ,17.9313389886954   ,16061              ,oct                ,1990               
3.19689900179014   ,5.36531563626886   ,222.927460972664   ,1.89854444953803   ,0.726438956445055  ,4.03128289387562   ,59.5227285267394   ,94.8151696214296   ,271.974847592117   ,278.319358317057   ,55.0464843930531   ,0.00396959483981214,5.61806637347971   ,26.2721687282881   ,23.0748903920785   ,16055              ,nov                ,1990               
3.18775218835457   ,5.19554191514468   ,227.260438537598   ,2.14613503064865   ,0.799542795142243  ,3.52581281392133   ,59.0358510260046   ,94.2715841214332   ,272.046373073119   ,278.200215970553   ,56.1129483634904   ,0.00391616154589766,6.1405845299275    ,26.6300786607129   ,23.0152188903011   ,16009              ,nov                ,1990               
3.4663189040469    ,4.85268379193048   ,224.708210993449   ,2.13515357629396   ,0.874645207868268  ,4.78986430272101   ,55.8408545974096   ,92.2440062567393   ,272.5551712087     ,279.216717748006   ,61.0057313203812   ,0.00389939544027826,4.83907607801755   ,25.9099420887629   ,22.0940948975881   ,16057              ,nov                ,1990               
2.02373169593282   ,7.79908199139134   ,224.69100623692    ,2.00084985745382   ,0.627755308944871  ,1.81143622487824   ,61.597161698291    ,94.8000093683212   ,270.184142980381   ,276.676723012998   ,59.6801183849762   ,0.00366421910004468,4.71222587183296   ,28.6157070675394   ,24.0191278559797   ,16035              ,nov                ,1990               
5.42601558722938   ,4.41941085908777   ,236.060660337114   ,0.766527772308927  ,0.807639513916952  ,7.04942904240732   ,53.8352558201908   ,93.4604556779625   ,267.698402126804   ,276.234512820255   ,66.5976021378482   ,0.00319621458425385,4.89843126350508   ,24.8960685288586   ,21.8931795814895   ,16049              ,nov                ,1990               
7.73603542519903   ,2.64539398296525   ,229.49239284359    ,-0.0608567382124337,1.16104222191581   ,14.9887408375541   ,48.1676198162072   ,84.9902760150386   ,273.868464203697   ,281.126568851029   ,63.4723871401075   ,0.00383519981724232,4.24262837217241   ,21.0451429678157   ,18.496775524034    ,16069              ,nov                ,1990               
5.39753789752722   ,2.68496851503603   ,219.726361441284   ,1.05264292622483   ,0.897824422571777  ,9.9047850889885    ,50.8316004750486   ,90.3093147771746   ,272.036021154314   ,279.653976507686   ,62.4409755396777   ,0.0037264344594172 ,3.45653779552659   ,22.9477173524126   ,20.1379162630759   ,16061              ,nov                ,1990               
5.94908176621982   ,3.45592523029557   ,185.060931679055   ,2.12707047284017   ,0.584156236450082  ,7.35033697916767   ,54.3992578352103   ,81.8914481049212   ,262.062688208477   ,269.226990273558   ,36.244931282101    ,0.00195577050307229,4.52264325099554   ,25.9752807724459   ,18.8460102766793   ,16055              ,dec                ,1990               
6.0592434510754    ,3.07031283016506   ,189.207280466378   ,2.4423246563539    ,0.65439258502664   ,7.10875466156536   ,51.6470705750896   ,81.6726301580726   ,261.957531009952   ,269.332177481567   ,38.3332300125965   ,0.00189232649227661,4.83023411263611   ,26.0909253641463   ,18.7036498276675   ,16009              ,dec                ,1990               
6.6831739533005    ,2.65187511218588   ,199.048567127685   ,2.36800449326634   ,0.694297478910225  ,9.46747853640589   ,48.9869030087789   ,80.5670221659342   ,262.488349901835   ,270.489977938334   ,42.9395410703023   ,0.00188088515063282,4.0147803256015    ,24.841345237414    ,18.0639945356051   ,16057              ,dec                ,1990               
2.50881240107185   ,4.56502608981999   ,201.131142692199   ,2.46345396525764   ,0.491377455402832  ,2.27678870639988   ,55.2599418171028   ,89.6908346341478   ,259.971987247803   ,268.044867249826   ,46.4451570951745   ,0.00180941907337801,4.06664928154176   ,29.5297621257881   ,21.882966843888    ,16035              ,dec                ,1990               
7.22545911322405   ,2.66049841783294   ,226.765275010946   ,0.828150901356497  ,0.55668928016019   ,8.84148170166415   ,47.9971836348809   ,91.162597560823    ,257.648057864156   ,267.616446896263   ,53.4058517004732   ,0.00157682861821335,4.28457618703104   ,25.0010989696464   ,20.709663358659    ,16049              ,dec                ,1990               
12.8399795903026   ,1.50808190736594   ,210.744087974552   ,-0.0121130167760632,0.802325028344597  ,22.1687078455765   ,42.6526370631607   ,74.356998017935    ,263.953484688553   ,272.156317998169   ,46.6112037230303   ,0.00185855119539715,3.56801850583783   ,19.3707218196515   ,15.2926842964057   ,16069              ,dec                ,1990               
10.2063975383941   ,1.3869269085735    ,199.072000539171   ,1.27288441150642   ,0.629315104695504  ,17.0236000747002   ,45.3601934777147   ,81.7092725811583   ,262.11807442447    ,270.669475406195   ,46.7326059262615   ,0.00181909109125111,3.12314194149386   ,20.9966813368574   ,16.9500911842693   ,16061              ,dec                ,1990               
