bi,pr,th,pdsi,pet,erc,rmin,rmax,tmmn,tmmx,srad,sph,vs,fm1000,fm100,countyfips,month,year
4.43204458875331   ,4.04134089488519   ,139.016821262325   ,-1.23849921748144  ,0.452558798373505  ,3.26190644116592   ,70.4951487507903   ,92.3371610551594   ,269.571089298558   ,275.598215495861   ,49.9337672090904   ,0.00348056215163544,3.23144727403719   ,28.7378739094047   ,22.6252737288359   ,16055              ,jan                ,1995               
4.41153802351941   ,4.03906127493168   ,156.865632638423   ,-0.760609522256155 ,0.458886607673633  ,3.43582364297169   ,68.1377773026424   ,93.0078258430669   ,268.870581935439   ,275.709376740533   ,50.3344477951857   ,0.00344005696070019,3.48367925642169   ,28.4763119951144   ,22.6199254066713   ,16009              ,jan                ,1995               
4.64847004395692   ,3.75257708942272   ,161.742670135498   ,-1.61835531741381  ,0.525864920660613  ,4.08253023277572   ,64.9399391094331   ,93.7187085926917   ,269.038500577865   ,276.387511261971   ,51.4382939687852   ,0.00341467012844664,3.29933755965963   ,27.40596181285     ,22.1758814437928   ,16057              ,jan                ,1995               
3.71602889113253   ,5.19529925423468   ,166.05319147787    ,-1.48808945716478  ,0.475501454141531  ,2.33204291686611   ,63.5442821780014   ,94.1713676944335   ,267.757139451392   ,275.435858397597   ,57.8412339111585   ,0.00329675740849595,3.24703070406113   ,29.6096531417192   ,22.969161958167    ,16035              ,jan                ,1995               
5.69999169681751   ,4.00846583022116   ,190.017350193783   ,-1.31288068230467  ,0.511717266077286  ,5.44906785718432   ,57.9608709207507   ,94.5793685344698   ,265.49715508285    ,275.068621906046   ,65.1476171972798   ,0.0031374221461633 ,3.64735454079275   ,26.5420668724718   ,22.0428831480312   ,16049              ,jan                ,1995               
7.10963455037949   ,2.11765717534695   ,168.417192765427   ,-2.24873727177554  ,0.701189893454812  ,10.9839553178086   ,60.016646506438    ,91.0214680330659   ,270.73690035986    ,278.146077957403   ,54.9763110282402   ,0.00346315283665592,3.0142903324446    ,22.6154416289765   ,19.77578557572     ,16069              ,jan                ,1995               
6.63308104500584   ,1.82461873513739   ,156.730957747205   ,-2.56288669358929  ,0.590908229080908  ,8.80597767692763   ,60.8639758025383   ,94.390715426936    ,269.444073169843   ,277.433434673768   ,56.899924884126    ,0.0034367960211657 ,2.63016736634538   ,23.4635010991088   ,20.8559267098222   ,16061              ,jan                ,1995               
8.62295259119824   ,3.12370086901458   ,174.918586274777   ,-0.462914723672985 ,1.08564698751545   ,7.75042147561412   ,51.0390410454115   ,87.1887644302978   ,269.462443282785   ,278.580669970459   ,93.0557381197118   ,0.00335317034492182,4.40204049883381   ,26.1948321570655   ,19.6374604469324   ,16055              ,feb                ,1995               
9.04370658324108   ,3.15109922360995   ,179.923168279187   ,0.199099237396872  ,1.07753134470997   ,7.50613977691103   ,51.0114887040848   ,89.0348334792098   ,269.229737856584   ,278.469027760265   ,95.0526286384763   ,0.0033439996647557 ,4.44154056818528   ,26.3716889012192   ,19.9014903725151   ,16009              ,feb                ,1995               
8.54279582067351   ,2.83243809898388   ,192.450498795488   ,-0.996334346632163 ,1.06533207490508   ,8.10603285911377   ,51.6966537840026   ,89.2377547774996   ,269.789751156398   ,279.128937802996   ,94.9916402755465   ,0.00341874615806903,3.5284217816272    ,25.9505693704741   ,19.7916698917321   ,16057              ,feb                ,1995               
7.40729625038483   ,3.62259945635024   ,194.551725674864   ,-1.23433235722415  ,0.983348372076477  ,6.04294203704366   ,50.6169636547655   ,91.9212971286664   ,268.125360695699   ,277.512420965372   ,105.790262398278   ,0.00323004168397456,3.79475593732513   ,27.1518627414168   ,20.5715904693811   ,16035              ,feb                ,1995               
9.36534701477923   ,2.03526736760601   ,212.308056219418   ,-0.990152914151891 ,1.03651334053271   ,8.57478080192014   ,48.0593637637006   ,95.378567755951    ,266.465343791049   ,277.631944410444   ,108.924700885705   ,0.0032006906537722 ,3.81407486260113   ,25.4871194140114   ,20.6119540612066   ,16049              ,feb                ,1995               
11.4326131417729   ,1.36910045777268   ,205.108349839702   ,-1.78411067955847  ,1.20485343480151   ,15.5154826194989   ,48.1244795768656   ,86.0501249971237   ,271.383161872648   ,280.832745994294   ,104.512493823848   ,0.0035420151723896 ,3.10509226727886   ,22.1566422158657   ,17.9702689542945   ,16069              ,feb                ,1995               
10.4353766355251   ,1.11113730104957   ,197.996715704729   ,-2.1479867540772   ,1.07199649109451   ,13.4496206519424   ,49.8308575432022   ,90.2296834380455   ,270.165823836253   ,279.937968622273   ,102.227044920713   ,0.00353876403026784,2.76662313839621   ,22.7904906681043   ,18.9737461847566   ,16061              ,feb                ,1995               
6.57547082464686   ,3.81364069187735   ,190.505795441221   ,0.951422940719929  ,1.66441357896952   ,9.00251358112018   ,45.7662540733553   ,88.8153443477645   ,271.424331229537   ,281.50275878015    ,141.550124605038   ,0.00368879424784786,3.7376187749392    ,25.2391452688027   ,18.7994902313397   ,16055              ,mar                ,1995               
6.20592108358705   ,3.58769818577018   ,194.977568222835   ,1.59447030661374   ,1.71476723515685   ,8.68208347045667   ,45.9076401098331   ,89.6293675014367   ,271.231418068615   ,281.440294044758   ,146.32024778922    ,0.00365752915855416,4.01496854566122   ,25.2374090969073   ,18.9312124463478   ,16009              ,mar                ,1995               
7.06168476883217   ,3.14741955530835   ,195.613077731902   ,0.493610337078571  ,1.82157528043755   ,10.0713363075689   ,44.2194434581264   ,89.9641050024955   ,271.594161184988   ,282.183696746826   ,148.714081296613   ,0.00365104771132821,3.76325900552734   ,24.5457192839346   ,18.5779848981673   ,16057              ,mar                ,1995               
5.12136451268209   ,4.20948247855455   ,199.984167410128   ,-0.79891084263218  ,1.642694615132     ,5.62228924479691   ,46.1801802073186   ,93.8011313911058   ,269.724235800549   ,280.186667930313   ,158.817086096278   ,0.00346569513765288,3.61832841824097   ,27.1100231115501   ,20.4052765654776   ,16035              ,mar                ,1995               
5.2122017441381    ,3.78956133417487   ,206.641727504816   ,-0.301319268902624 ,1.5817659964559    ,5.91411872729294   ,45.5482758499571   ,96.8173386024868   ,267.517680817533   ,278.907931288217   ,157.957128419826   ,0.00333518776660573,4.07605304923693   ,26.3062984259181   ,20.8721867548063   ,16049              ,mar                ,1995               
8.48765608380424   ,2.36367885123145   ,194.589604873269   ,-1.22815149342525  ,2.013742528307     ,16.0093379735732   ,40.5594489226079   ,88.7813568983856   ,272.847407550427   ,283.551988189418   ,152.389860016654   ,0.00373705700492913,3.49649494629349   ,21.5158041555429   ,17.3462033666618   ,16069              ,mar                ,1995               
7.24763042735588   ,2.52313662255771   ,190.73387891811    ,-1.67729391933473  ,1.80090574424796   ,12.8614775023141   ,43.6966978834331   ,92.0927715499825   ,271.560592753065   ,282.312247430633   ,152.912577616631   ,0.00369940215620674,3.01732572654952   ,22.6294266925243   ,18.5318672951302   ,16061              ,mar                ,1995               
10.4368651939383   ,1.89848735431117   ,179.194628761825   ,1.43297374379324   ,2.57188304080558   ,18.4804778600991   ,42.3748007260232   ,85.2359619161556   ,273.128084389434   ,284.555225928036   ,187.756390457258   ,0.00395131216873766,4.18015224132355   ,20.8691905359182   ,15.3642078178573   ,16055              ,apr                ,1995               
10.1258137077288   ,2.09687112583696   ,184.980222105369   ,1.96068397581695   ,2.52102023421895   ,17.56244799112     ,42.9370748053406   ,85.8359842605139   ,272.716855183438   ,284.462403968946   ,185.111803940391   ,0.00396195586644025,4.10412848971534   ,21.29252927656     ,15.6191787618152   ,16009              ,apr                ,1995               
11.3213814509881   ,2.088631564678     ,205.384574405491   ,1.3665097506841    ,2.56793136487404   ,19.370844767948    ,42.6426304299037   ,85.6657944227854   ,273.248128687541   ,285.042097096761   ,192.093748940786   ,0.00404048187468046,3.51395955377817   ,20.6553389177322   ,15.4617845981916   ,16057              ,apr                ,1995               
6.67474486115244   ,3.17411995774682   ,208.261559162919   ,-0.0497495570373305,2.3838180719798    ,11.1654751763191   ,43.2737748910206   ,90.6876207288509   ,271.621276850092   ,282.902543170222   ,199.93618618197    ,0.00382766923018868,3.63463352703141   ,24.1483430158764   ,17.5068363281772   ,16035              ,apr                ,1995               
5.61065519844212   ,3.6373862935861    ,234.488760591337   ,0.800648021114545  ,2.31228520398757   ,10.0286877108308   ,42.4076473365345   ,95.7213352729945   ,269.901374684099   ,281.903580541092   ,205.254533024061   ,0.00384332787528564,3.75584840013686   ,24.0008522258062   ,18.6628415229145   ,16049              ,apr                ,1995               
12.5021197676396   ,2.21957664158855   ,231.509520123648   ,0.113695511577814  ,2.78600050866498   ,23.6023950486685   ,39.458668309992    ,83.0842470981646   ,274.869281014019   ,286.409400153883   ,195.827123014345   ,0.00419265590134988,3.29083007566644   ,18.9183908838214   ,14.8015123063018   ,16069              ,apr                ,1995               
9.40458206547387   ,2.59735369281895   ,222.97075717789    ,-0.681518070789736 ,2.53101114300657   ,18.5202505584591   ,42.3616231214245   ,86.9611596625042   ,273.619517390984   ,284.990962286495   ,193.856547320447   ,0.00416063299305101,2.91999963397165   ,20.6148900097723   ,16.1308060990221   ,16061              ,apr                ,1995               
17.5565590298004   ,1.45519799652332   ,164.419014150505   ,1.1240038183123    ,4.30765795707703   ,31.1199696534629   ,35.8648817851599   ,76.1031567011319   ,278.383997868688   ,292.28766475603    ,268.457864478529   ,0.00536176907079739,3.68981286562503   ,16.9868709720433   ,12.3535323880448   ,16055              ,may                ,1995               
21.6325085281669   ,1.30760743666481   ,169.475831232309   ,1.62275908214336   ,4.31520259742132   ,32.133127075089    ,35.1486506832536   ,77.7523361099747   ,277.597830285824   ,292.309467861047   ,274.664724946682   ,0.00523978561657319,3.58487826713193   ,17.3084583411715   ,12.5009537066274   ,16009              ,may                ,1995               
17.5954393374815   ,1.22674101937598   ,185.681749753496   ,1.27846474677324   ,4.229882047907     ,29.9015321951528   ,37.0576759805987   ,79.1845445522185   ,277.990836777226   ,292.507273480815   ,278.397374437394   ,0.00544563921506426,3.13088066709618   ,17.6381178349833   ,12.9740446765961   ,16057              ,may                ,1995               
14.2028521039825   ,1.68409109593349   ,189.178502827934   ,-0.056334424912247 ,3.990114583867     ,24.7808368545208   ,36.9413941840004   ,78.7770381113976   ,276.841173963008   ,290.44572202725    ,273.843972910168   ,0.00508613624230631,3.13349950770471   ,19.6091699355671   ,13.4558217762389   ,16035              ,may                ,1995               
12.3773166917332   ,2.05374285949655   ,188.610179762557   ,1.4731999199701    ,3.69116430096288   ,18.0689902475885   ,39.8069024165262   ,87.4064801450879   ,274.73650988878    ,288.3963909364     ,274.340609773739   ,0.00516411274519483,3.33988133059763   ,22.1721294459992   ,15.3918541956177   ,16049              ,may                ,1995               
16.9319875884837   ,1.27825756755669   ,206.445730050864   ,1.15436511759027   ,4.38131679848225   ,31.7844157271577   ,35.7544982902589   ,72.4965770511519   ,279.870593473873   ,293.156838509673   ,277.436314843247   ,0.00547714099827469,3.00477886098674   ,17.1578544283069   ,12.0634020783068   ,16069              ,may                ,1995               
13.2379650779333   ,1.47545873013657   ,205.954620726027   ,0.597904479290171  ,4.03789833641726   ,25.625181403741    ,39.4097971675937   ,77.7972925196836   ,278.588733674113   ,291.549552760865   ,274.845144364904   ,0.0055596930949006 ,2.72888872897393   ,18.9632248188203   ,13.3847796700218   ,16061              ,may                ,1995               
10.5834135803404   ,3.51095171848805   ,181.444940551073   ,0.922203345303468  ,4.04508021356965   ,24.0775189344121   ,45.0974757965046   ,84.4036380009069   ,280.592353521486   ,293.292460019042   ,242.105186573337   ,0.00698380311676371,3.54662220885234   ,17.9283608165788   ,15.1949518088614   ,16055              ,jun                ,1995               
13.9428062097674   ,3.14314980624537   ,189.335227867908   ,1.32650437063484   ,4.0483227291521    ,26.4587264278231   ,43.7549537572165   ,84.4326094046147   ,279.669100506724   ,293.276457199307   ,240.265255045091   ,0.00672918768329601,3.54679356641788   ,17.3687718592687   ,14.8966620722701   ,16009              ,jun                ,1995               
14.477533454732    ,2.93685769181437   ,200.147798251947   ,1.19367375661929   ,4.13693501494328   ,26.3762740834554   ,44.9440949713389   ,85.9734492937724   ,279.964021214803   ,293.547260381063   ,257.422213015238   ,0.00699547377461567,3.18329239432017   ,17.5328313207626   ,15.0266369942824   ,16057              ,jun                ,1995               
13.4394849010156   ,3.42821068142166   ,196.812379249172   ,-0.255871737480867 ,3.9668488229178    ,25.2037755127332   ,42.8389264989185   ,81.9987201534752   ,278.740559999064   ,291.958404672205   ,246.97836982883    ,0.00623861263503489,3.13938672813922   ,18.2666656851348   ,14.6362888540492   ,16035              ,jun                ,1995               
11.2107291267393   ,3.67020027402845   ,204.617275387246   ,1.36209100462598   ,3.88250000580336   ,19.478861473223    ,43.5077909396535   ,90.5719103193075   ,276.86106630286    ,290.664171152871   ,266.491745033479   ,0.00643942757182823,3.15926572813631   ,20.3530164408679   ,16.2990201999117   ,16049              ,jun                ,1995               
17.327400764634    ,2.68238172050903   ,207.495310452894   ,1.58286211298324   ,4.51091558575205   ,32.4799096239229   ,39.270182612618    ,78.8173403143245   ,281.533334429464   ,294.53048620649    ,266.466803536101   ,0.00667434249130541,3.06954240220966   ,15.9356980869477   ,13.2896620811626   ,16069              ,jun                ,1995               
14.9217208330534   ,2.97666904627866   ,203.725934011417   ,0.877639276758042  ,4.17848107790159   ,28.1223875878599   ,42.9752138171971   ,82.2201150925691   ,280.1052323943     ,293.008728914287   ,265.510230219397   ,0.0066877880112522 ,2.77514737241853   ,17.2243107797029   ,14.2133669333024   ,16061              ,jun                ,1995               
24.5354488165667   ,1.07215997565426   ,208.816912496057   ,1.27112273130545   ,5.38606639736347   ,36.0786012263154   ,36.0745820886472   ,79.0176722715057   ,283.47609195889    ,298.585798913005   ,295.198800566408   ,0.0078537856149154 ,3.68072954311989   ,15.9992437656382   ,11.8660733381084   ,16055              ,jul                ,1995               
22.9064345154593   ,1.24844269660147   ,213.011234240055   ,1.71466244234753   ,5.36837448971853   ,33.4735373260183   ,35.772640322929    ,83.2709426945415   ,282.304026790647   ,298.603210099714   ,296.688106145857   ,0.0077618015596743 ,3.7148949350194    ,16.6945983830652   ,12.6541493930624   ,16009              ,jul                ,1995               
20.2027022453765   ,1.11018716289406   ,225.318836001369   ,1.84416656263173   ,5.22207167048608   ,31.6275316407604   ,37.4937171173096   ,88.2506769598684   ,282.551274212253   ,299.014288162724   ,297.801328917473   ,0.00833445490660867,3.24136018376197   ,16.9200713436065   ,13.4425605510896   ,16057              ,jul                ,1995               
17.1973145682758   ,2.32796550373444   ,215.622665592238   ,0.611494362123253  ,5.06907212150493   ,29.374999464107    ,38.1174856048159   ,80.0289897674153   ,282.059411697268   ,297.349334380673   ,295.664908038589   ,0.00765060294170675,3.12523924734098   ,17.8212864407899   ,13.0863781469642   ,16035              ,jul                ,1995               
15.2321481734095   ,2.87719368255111   ,232.211763156681   ,2.00389971365513   ,4.95457580528591   ,24.4189621471806   ,36.8450706060196   ,84.788527451181    ,280.273288007155   ,296.284133502539   ,293.744346155179   ,0.00744886750016224,3.1839249804041    ,19.6349897697661   ,14.312768901464    ,16049              ,jul                ,1995               
20.8873248517151   ,1.37438097061112   ,233.765180844585   ,2.55850117033391   ,5.58628656264932   ,37.6618470910378   ,32.22925431839     ,75.7480466200069   ,285.261715278145   ,300.36013024557    ,293.291119101542   ,0.00786351052263733,3.03815460039538   ,15.3665050691174   ,11.4783643909173   ,16069              ,jul                ,1995               
16.4469588427252   ,1.77938632799612   ,227.713269738179   ,2.15226858755774   ,5.11850261818533   ,30.1178547661008   ,36.1573981498916   ,81.5533899079956   ,283.469324435847   ,298.562202573617   ,295.080801591337   ,0.00796516549101155,2.63884694110359   ,17.5172001431383   ,13.1575136049942   ,16061              ,jul                ,1995               
23.0670651588719   ,1.68849160172839   ,192.617274707838   ,1.58825488478477   ,4.42334589166311   ,38.2181920608992   ,33.5098159445182   ,80.5986914326435   ,280.935712827751   ,296.301772445381   ,246.244943389629   ,0.0063735135315021 ,3.63072591341936   ,14.4164839270706   ,12.8931207298584   ,16055              ,aug                ,1995               
24.4619370587995   ,1.42299058192413   ,200.324281116186   ,2.08497308817723   ,4.5001418181425    ,37.988550222928    ,31.6533661662315   ,83.9887423652755   ,279.839098076075   ,297.078487028532   ,249.384100864306   ,0.00634749836620284,3.5725256490853    ,14.7568520320056   ,13.0643849375594   ,16009              ,aug                ,1995               
21.5206932644574   ,1.40631426677048   ,213.694613316847   ,2.29111569682757   ,4.47234327216302   ,36.0090275884444   ,30.9312962698167   ,86.9579930533132   ,280.264279632568   ,297.8915352606     ,253.675442005281   ,0.00666665556359916,3.04764461353902   ,15.3374583839601   ,13.4784016934518   ,16057              ,aug                ,1995               
20.9736614733373   ,1.68812189326769   ,210.629660075301   ,1.63258782903899   ,4.39186726321809   ,37.8902003772748   ,31.8201769501192   ,75.205913359119    ,279.91767047361    ,296.484165876647   ,253.616764678674   ,0.00604720940674769,2.8927953108136    ,15.0730707460216   ,12.1474388079698   ,16035              ,aug                ,1995               
21.7207285068954   ,1.80626351450468   ,214.150330941095   ,2.83986167683841   ,4.41832431096101   ,34.4657591445949   ,30.2418961895722   ,81.4333720792032   ,278.376856927391   ,296.234359983477   ,257.442166870398   ,0.00625099356242355,2.93468770782245   ,16.4476099362079   ,12.951306494596    ,16049              ,aug                ,1995               
25.7101267677959   ,1.29224949325636   ,226.981115824913   ,3.18350181828208   ,4.85729508708834   ,45.1822531308432   ,26.529058574129    ,76.0597494206635   ,283.171044184336   ,299.343807805463   ,254.615267797197   ,0.00642270952869128,2.90634898898189   ,13.187415381187    ,11.1234430156331   ,16069              ,aug                ,1995               
20.8049924329635   ,1.47422010874412   ,218.961712871828   ,3.04864806593614   ,4.43958111401718   ,38.5528835257477   ,28.6241213412833   ,80.1882473628574   ,281.271849849643   ,297.85334201407    ,253.651437212772   ,0.00638649925481309,2.49172582935569   ,14.8886870531933   ,12.2549023534164   ,16061              ,aug                ,1995               
19.6323543628816   ,2.11187190687342   ,168.412749567337   ,1.83928501477212   ,3.11879790478446   ,33.770907319099    ,36.2957167359864   ,85.2939358500623   ,279.784597125269   ,294.289332411024   ,180.886371891979   ,0.00644686541820918,3.16985403749024   ,15.3595803646721   ,14.4722794125927   ,16055              ,sep                ,1995               
21.4898049135786   ,2.16159198465399   ,180.952489310656   ,2.25529590537092   ,3.13227414453523   ,34.3817616796588   ,34.9603610435651   ,87.3719624814667   ,278.84023733045    ,294.450644263995   ,181.149719825158   ,0.00634032184606201,3.21866838616967   ,15.2667590327517   ,14.8107174303405   ,16009              ,sep                ,1995               
21.7954192374319   ,1.61835003141609   ,204.986308454295   ,2.36281326194604   ,3.18294138034185   ,35.4636247316996   ,32.7626108900706   ,88.9135597089132   ,278.972119222005   ,295.200194758097   ,183.816740066528   ,0.00642746639930798,2.99780602600177   ,15.0368390002251   ,14.7101711906592   ,16057              ,sep                ,1995               
21.6848758957281   ,1.91168679118574   ,197.881656854374   ,1.77476588817782   ,3.03175788752792   ,37.4763916015289   ,35.9290663634496   ,82.2562358293002   ,278.569095789538   ,293.304827129211   ,181.083046812739   ,0.00599027534751871,2.87863749360601   ,14.4567503029902   ,13.8279931459904   ,16035              ,sep                ,1995               
21.6701136167829   ,1.30584196460416   ,214.687092195385   ,2.96358664001546   ,3.08103603486304   ,37.0297967917418   ,32.3172309164353   ,83.4556876710125   ,276.589895813509   ,292.597628098598   ,188.792860864754   ,0.00559690234767542,2.89829920468518   ,14.8615472612097   ,13.6177525654103   ,16049              ,sep                ,1995               
29.4138273710831   ,1.06221356997923   ,215.748456838042   ,3.12357665319494   ,3.51886579000164   ,48.6203595189487   ,27.0004490846406   ,78.5066854228735   ,281.522221752582   ,296.625047470882   ,184.806800434976   ,0.00596689510803733,2.81321599041502   ,11.9996715093466   ,11.7871220989023   ,16069              ,sep                ,1995               
25.4087555662126   ,1.02612196382766   ,210.143539038309   ,3.05955702476922   ,3.17455468008669   ,42.367981783549    ,29.9557271387295   ,85.0377459008503   ,279.703821599451   ,295.37548415339    ,184.559145932158   ,0.00618023670018078,2.50388334487095   ,13.4300794693392   ,13.2607887637845   ,16061              ,sep                ,1995               
7.53792272359279   ,3.67655051901074   ,190.284831361531   ,2.56893148437776   ,1.08261166825311   ,8.95276377002014   ,57.3000773611288   ,98.2327270578708   ,273.390693598719   ,282.591785608654   ,97.3265114772467   ,0.00485593411577184,3.86009499635194   ,23.232283833143    ,21.9615508094341   ,16055              ,oct                ,1995               
8.1072029545417    ,3.56276397466802   ,194.479261767844   ,3.00845502796023   ,1.16952984127454   ,9.47814910283424   ,54.8650982414955   ,97.8738555646075   ,272.934495436961   ,282.708720469889   ,100.392023422582   ,0.00474312846182388,4.19717376244434   ,23.2216192956507   ,21.6381085354491   ,16009              ,oct                ,1995               
7.65003216696618   ,3.18738540384421   ,192.457428623563   ,2.98875358998775   ,1.19861756361781   ,10.3150263809879   ,53.5747292044855   ,97.7509845524449   ,273.37855028214    ,283.32350930983    ,106.18216926021    ,0.00483787889507855,3.54515857850352   ,22.7491531442827   ,21.3868863330349   ,16057              ,oct                ,1995               
5.64546831098284   ,5.15087773319493   ,189.676722211202   ,2.37411569473691   ,1.14892395508693   ,7.96370372410041   ,52.9106355556677   ,96.8129875946929   ,271.907750907897   ,281.306936548521   ,106.31312959116    ,0.00428312364526629,3.40191808919956   ,23.8454512813557   ,22.0030824767529   ,16035              ,oct                ,1995               
8.2306098539852    ,3.57685653507112   ,224.556737596008   ,3.07013369820253   ,1.32761843341413   ,13.7949295314128   ,46.1317979779341   ,95.4533313174685   ,270.064360209671   ,281.199482070564   ,116.569222609148   ,0.00394219328270201,3.66266200508031   ,21.4322781402646   ,20.4182388448107   ,16049              ,oct                ,1995               
11.0981615567936   ,2.43954331985453   ,211.135565471151   ,3.58725220889331   ,1.44179315088493   ,18.1716967461252   ,47.1912570846107   ,93.7471134362806   ,275.009107765091   ,284.839578828257   ,110.437259335178   ,0.00477899715370404,3.24785235153512   ,19.586986942334    ,19.3235547721478   ,16069              ,oct                ,1995               
9.03896986634182   ,2.53374335735718   ,198.737359510393   ,3.45670002058518   ,1.33382241897061   ,15.5347077508381   ,47.1627558451657   ,95.2394232784262   ,273.51948649875    ,283.878238735946   ,109.346075387485   ,0.00454069929554591,2.80250556780096   ,20.6263595629107   ,19.8859945057996   ,16061              ,oct                ,1995               
2.91534326002724   ,5.78656516242283   ,204.807760168005   ,2.98308641560611   ,0.679323693725634  ,3.56462962274361   ,60.9009778649392   ,96.6051528637628   ,273.421772697041   ,280.409795150443   ,55.0815021810545   ,0.00461155726941333,4.64363268404504   ,26.7686503435195   ,23.1754455262905   ,16055              ,nov                ,1995               
3.04535205726956   ,6.02946335971922   ,212.654481695954   ,3.46626318324012   ,0.689333405264853  ,3.68620104694225   ,61.6735748230823   ,96.4941961510412   ,273.433010292429   ,280.090148721127   ,56.0272526791815   ,0.00463263321928753,5.29953108616835   ,26.5086590151815   ,23.1330225502481   ,16009              ,nov                ,1995               
3.82281382701484   ,5.90183078471857   ,207.079402580261   ,3.45142433007558   ,0.728009367230038  ,4.4157255619034    ,60.0688408412933   ,96.5373667984009   ,273.783882456462   ,280.928660847982   ,59.6873106117249   ,0.00470990901083375,4.33406287109852   ,26.1671414534251   ,22.9431027520498   ,16057              ,nov                ,1995               
2.48890118818321   ,10.5326238860757   ,209.049227520847   ,3.2271171504969    ,0.717337414450088  ,2.67734473130409   ,58.7191428607244   ,95.3547015219024   ,272.166040870285   ,279.194573256296   ,59.5343722832043   ,0.00421919074419648,4.30614909603614   ,28.7553883306572   ,23.8227341862276   ,16035              ,nov                ,1995               
4.33253716564968   ,8.06410233881894   ,227.760007463354   ,3.55506377832705   ,0.806697885487201  ,6.2863941032913    ,55.2509785705771   ,94.2998116791261   ,270.579957591845   ,278.397136552101   ,64.8271705056984   ,0.00393105834823373,4.68173566169846   ,25.8145007403523   ,22.4364990076521   ,16049              ,nov                ,1995               
5.23733425801894   ,3.82819694299487   ,211.336384405724   ,3.92226238216733   ,0.975282332779252  ,10.6340251517423   ,52.7960498826814   ,92.9135602444463   ,275.16721906475    ,282.897000179189   ,62.1267017223406   ,0.00473988261019874,3.89132594276027   ,22.5115316135998   ,20.5045726115691   ,16069              ,nov                ,1995               
4.67035627453152   ,3.77207493242079   ,197.579963709303   ,3.76364294622227   ,0.854301656388547  ,8.90886557992633   ,52.6135711911624   ,95.0982741311233   ,273.642512671941   ,281.885096770147   ,62.3420271915509   ,0.00450750360385317,3.25661853919673   ,23.2519143685165   ,21.249778541586    ,16061              ,nov                ,1995               
2.5931859549349    ,3.78213204590014   ,159.479831768456   ,3.24467528405994   ,0.287460615683094  ,1.11346398104624   ,73.1674395918356   ,97.1695440504286   ,267.698622154372   ,273.839787319691   ,46.8334652980496   ,0.00318798479393817,3.40581565053702   ,30.2789256539364   ,24.3664514149167   ,16055              ,dec                ,1995               
2.50170050821032   ,3.76155116173317   ,175.989854776248   ,3.93372002014747   ,0.314842675348534  ,1.19320677673238   ,71.0878567855504   ,96.641151833017    ,267.64636595837    ,273.774365300587   ,47.6975274302315   ,0.00316318683835992,3.73685032516071   ,30.1511668959548   ,24.0337662935727   ,16009              ,dec                ,1995               
3.42762665336307   ,3.52052814371838   ,180.880477912227   ,3.98377478003502   ,0.357885455730061  ,1.70508403327011   ,69.1193554496765   ,97.2023647410075   ,267.991471499125   ,274.504890518188   ,50.5634768028259   ,0.00321057798723147,3.55353916220864   ,29.3471951917013   ,23.8499554592768   ,16057              ,dec                ,1995               
2.53834619160078   ,5.04019653942008   ,189.457281159355   ,4.15154617949218   ,0.322485983805564  ,1.14163988172027   ,69.6515636682006   ,95.9341617928331   ,266.387905493448   ,273.472807689449   ,54.04705242946     ,0.00301190702916714,3.51316743379667   ,32.0195452901828   ,24.0209999125469   ,16035              ,dec                ,1995               
4.35748708487527   ,3.82870510858332   ,210.481441847712   ,4.50621320142514   ,0.438060199719911  ,3.04284326867372   ,61.5073062281199   ,95.5308695017386   ,264.083357615077   ,273.035895589955   ,59.4190801963592   ,0.00269382127388391,3.96826034554486   ,29.1589362601352   ,22.9804834023332   ,16049              ,dec                ,1995               
6.17974043665022   ,2.44638248618851   ,192.908589797266   ,4.40984133921843   ,0.470215246973164  ,6.0075323668904    ,64.9642733929204   ,93.7084642780868   ,269.363737093404   ,275.977090220188   ,54.6456831388083   ,0.00324339937513533,3.17264815813292   ,25.4234506923247   ,21.7749502301004   ,16069              ,dec                ,1995               
6.11937307619385   ,2.12538194920362   ,182.584359451168   ,4.32884599847242   ,0.413355180407687  ,5.16685254500562   ,64.0849506887851   ,95.6426865779992   ,268.000424358273   ,275.343481983363   ,54.34672117207     ,0.00314390177991801,2.75922128275735   ,25.8943733157534   ,22.217362996041    ,16061              ,dec                ,1995               
