bi,pr,th,pdsi,pet,erc,rmin,rmax,tmmn,tmmx,srad,sph,vs,fm1000,fm100,countyfips,month,year
6.56512023942758   ,2.30180146213652   ,138.453657627287   ,-1.78144486238273  ,0.49550041547259   ,6.1688275868512    ,64.7116218621586   ,84.7676810590328   ,264.43670386311    ,271.476251373028   ,55.4760925128896   ,0.00223065364883824,3.33246239577887   ,26.4671785131039   ,19.6251119591872   ,16055              ,jan                ,1993               
5.62673594131547   ,2.20090916955157   ,156.064961283187   ,-1.76183610272831  ,0.533935490589625  ,5.65735233590536   ,61.1955665621873   ,86.8646275250369   ,264.268195137538   ,271.602317202794   ,55.8345148800484   ,0.00218966943645606,3.40957064443382   ,26.5930737828362   ,19.9574034696864   ,16009              ,jan                ,1993               
6.28061361686026   ,1.93569701657113   ,161.740163611827   ,-2.25493108550707  ,0.519040268986456  ,6.73493497479046   ,59.5594038200378   ,88.4897201045867   ,264.135494778541   ,271.958287629158   ,57.3401804988615   ,0.00219773732294749,3.00837906351974   ,25.8882953877603   ,20.1119298430412   ,16057              ,jan                ,1993               
4.58559035062072   ,2.93199769262091   ,163.513938715454   ,-1.24888075834601  ,0.512344845800358  ,4.2246778696808    ,58.8753586216073   ,88.9076230043215   ,263.378819191756   ,271.714612744234   ,62.2068145149427   ,0.0021811330013059 ,3.11941593639694   ,28.6156874025599   ,20.882520435013    ,16035              ,jan                ,1993               
6.56572063046623   ,2.3203049606203    ,191.429075000678   ,-1.33268636084675  ,0.583140438335604  ,6.23027943049457   ,52.9860814290098   ,91.1776835104226   ,260.745915889692   ,271.286590309002   ,68.2892576935612   ,0.0019512622864297 ,3.39266368814071   ,26.9441934198076   ,20.8208122097486   ,16049              ,jan                ,1993               
11.1349930173391   ,1.28926483605997   ,166.965850908715   ,-2.55137868148545  ,0.601626505477944  ,17.5297464838315   ,56.400887527321    ,81.3472767919225   ,265.775636150155   ,273.492926046975   ,60.5678274287259   ,0.00227668631998954,2.66920878057112   ,20.6448770471744   ,17.2239376882119   ,16069              ,jan                ,1993               
9.90993385886815   ,1.26380067359372   ,155.837110418728   ,-2.70600585011411  ,0.521547611360866  ,15.2454739010031   ,56.9618674700052   ,85.1687150801127   ,264.453705663841   ,272.722206292677   ,62.089940426541    ,0.00223312964626908,2.36507043571384   ,21.4147482820906   ,18.2497584908144   ,16061              ,jan                ,1993               
13.1402133407366   ,1.06435178541841   ,124.303834111182   ,-2.10694237284373  ,0.787418998856708  ,15.7757846252059   ,56.4222704619958   ,86.4393077701207   ,265.086013192923   ,274.087643909847   ,90.8098169101959   ,0.00240342991702842,3.22386370127969   ,21.8197447814919   ,17.7841326803547   ,16055              ,feb                ,1993               
11.8802016034407   ,1.23008126376468   ,144.74701122762    ,-2.06690920128155  ,0.813398100876596  ,14.7647216691158   ,53.3141396257299   ,87.6612062792806   ,264.826041565844   ,274.081243655285   ,92.69025440732     ,0.00234150140590693,3.08876861944253   ,22.1203487388985   ,18.1815619569458   ,16009              ,feb                ,1993               
12.2863886970097   ,1.13971488945519   ,163.633642991717   ,-2.58285547037919  ,0.859105592971402  ,15.7982452253572   ,51.6329545566014   ,88.1935493394307   ,265.189816259657   ,274.783459445408   ,93.0918109478269   ,0.00238796056065309,2.82017142238361   ,21.6887876946586   ,18.054785748039    ,16057              ,feb                ,1993               
10.1508617814991   ,1.69904919086861   ,162.399260161669   ,-1.72333779712644  ,0.863733061310551  ,12.6951010361068   ,49.4327802768973   ,89.965889185298    ,263.88160127774    ,274.423802502816   ,105.000582367515   ,0.00227097505110197,2.79970267793089   ,23.2857774002463   ,18.681680497429    ,16035              ,feb                ,1993               
10.7921726637976   ,1.55211380499689   ,187.56737846308    ,-1.49275360813094  ,0.917121604349565  ,13.4508997913324   ,43.9761183432489   ,93.2634412706446   ,261.764896141278   ,274.235146072277   ,107.772889641634   ,0.00214554219122436,2.9481525162503    ,22.8593196133026   ,19.2416265189004   ,16049              ,feb                ,1993               
13.8742103794952   ,0.85096416620257   ,171.381615274149   ,-2.62812952774306  ,0.940883467945777  ,22.6160155208717   ,49.7721898094947   ,85.4014014840763   ,266.824504077116   ,276.297720341577   ,101.274934903095   ,0.00254998576850559,2.5895136941859    ,18.5686935445933   ,16.7399154104651   ,16069              ,feb                ,1993               
11.7922003851473   ,0.901444813391906  ,160.41461848661    ,-2.6782396923412   ,0.868201783936308  ,19.8706201337445   ,49.9489166367856   ,88.4144592082486   ,265.384695228748   ,275.342113076022   ,100.047221067805   ,0.00241635841342009,2.32584257434433   ,19.4704712850285   ,17.6081462904301   ,16061              ,feb                ,1993               
9.54285077736972   ,2.34002668467323   ,193.129047306846   ,-2.41137179098666  ,1.52710414334754   ,14.8269323049971   ,47.5393619337326   ,91.0699553839733   ,271.86368472779    ,281.41098760992    ,136.849310630475   ,0.00379846968602641,3.04396148545641   ,21.8573708713379   ,18.4304989488511   ,16055              ,mar                ,1993               
9.75897412485009   ,2.64462466556689   ,200.839022675187   ,-2.27931240912255  ,1.59469787728402   ,13.3689184715759   ,46.8070174925517   ,91.9295645850513   ,271.706957015219   ,281.715345953184   ,140.456668344066   ,0.00383733449120513,3.33433684021217   ,22.6623564394496   ,18.8103503263459   ,16009              ,mar                ,1993               
9.92211325627346   ,2.64658104951929   ,213.794546184741   ,-2.75047939558824  ,1.66149125300107   ,14.4524340242045   ,46.8467765445094   ,91.8722338430343   ,272.203170269382   ,282.535917476531   ,141.844492695716   ,0.00394726552463497,3.04730488513747   ,22.1437550283247   ,18.6287876678282   ,16057              ,mar                ,1993               
7.19372427793188   ,3.83258936935361   ,220.182760822      ,-2.11324963013499  ,1.68059637686903   ,10.6424256294017   ,43.8293938914173   ,93.8892963898261   ,270.94267417493    ,281.535459654625   ,157.303729364754   ,0.00374337801362693,3.00722141532694   ,23.7528970089842   ,19.5203528084241   ,16035              ,mar                ,1993               
9.69871359950048   ,3.17131147484731   ,236.300324403929   ,-1.75096876603128  ,1.8559336149088    ,15.8868257398507   ,38.8955069185949   ,90.2722674832113   ,269.480290429601   ,280.947789317426   ,165.548794893684   ,0.00334616202399216,3.35389228133234   ,21.7625619289326   ,17.8229900730655   ,16049              ,mar                ,1993               
11.8892103458395   ,1.69388999088554   ,222.983970343519   ,-2.69943173237663  ,1.9094086034207    ,22.9828374574611   ,43.5144353928763   ,85.714031720256    ,274.117104278138   ,284.351982441774   ,144.572906552378   ,0.00403539769746535,2.800222926095     ,18.6052083608836   ,16.1499000520198   ,16069              ,mar                ,1993               
9.68244988559262   ,1.72813535443766   ,214.495630162224   ,-2.71497201886716  ,1.74088408174085   ,20.2472330965191   ,45.4841343626217   ,88.2509285457228   ,272.941555310999   ,283.080395122173   ,144.522437100473   ,0.00396230862252722,2.45143630519863   ,19.3285330981135   ,16.8809679771735   ,16061              ,mar                ,1993               
2.90087068656189   ,3.86181583891214   ,217.032506043234   ,-1.7845178041275   ,2.19338033843596   ,9.22515972021747   ,49.2061369510017   ,94.8703146914886   ,274.471595510894   ,283.815808302221   ,171.924905762849   ,0.00461535662178216,4.09019833687075   ,23.1747783621643   ,19.1019074831153   ,16055              ,apr                ,1993               
3.20883426711191   ,4.05262851589967   ,222.446951591898   ,-1.5857226245502   ,2.25978485990088   ,8.18075386477631   ,47.987122178689    ,95.5937704353408   ,273.996130142362   ,284.05492473655    ,176.556634671966   ,0.00457914206901973,4.21068058709891   ,23.8445519099339   ,19.3905216094775   ,16009              ,apr                ,1993               
3.78637890353954   ,3.93225078448273   ,230.235571807861   ,-1.98421829293172  ,2.31766371413072   ,9.0009078961021    ,48.1917009665171   ,95.001731405894    ,274.343635864258   ,284.580437342326   ,186.690637877146   ,0.00465901550604031,3.54034600607554   ,23.5593961636225   ,19.2889368092219   ,16057              ,apr                ,1993               
2.26170012808088   ,4.63767751698318   ,236.807537987503   ,-1.41561428648095  ,2.18553965409681   ,4.39727459052936   ,47.3663803825083   ,97.0526371529104   ,272.403786740024   ,282.697386539344   ,194.491634080173   ,0.00430518540421992,3.50727865961423   ,26.2741910042605   ,20.2617825354885   ,16035              ,apr                ,1993               
3.37243560806272   ,4.0240499852912    ,251.575433221579   ,-1.06463737304701  ,2.2294384523131    ,7.77119639668906   ,42.6166444318582   ,97.4937788608098   ,270.301811539132   ,281.671387798906   ,200.056978950763   ,0.00391374488204651,3.58503526427983   ,24.5011052739836   ,19.5225498016591   ,16049              ,apr                ,1993               
4.3176959546717    ,3.07682577184741   ,238.27317944695    ,-2.16577410623564  ,2.53100291350309   ,14.9832482537271   ,43.3406429442067   ,92.7978814973338   ,275.470602572028   ,285.98254590094    ,189.136130303368   ,0.00470995873031447,3.19903284299607   ,20.7348287650396   ,17.8325761702396   ,16069              ,apr                ,1993               
3.11024242152021   ,3.21472452907751   ,235.312161132981   ,-2.19197665873309  ,2.30065117516137   ,11.604826478656    ,46.0320563308464   ,95.1474810597654   ,274.258355250503   ,284.559726977808   ,185.840562980168   ,0.00463078651280904,2.78370851767621   ,22.0316354257673   ,18.7977680973442   ,16061              ,apr                ,1993               
11.5742042019603   ,2.61032674042168   ,169.765137215004   ,-0.759785172339166 ,4.43597275772751   ,20.296680172006    ,39.3786573254317   ,82.4977815264205   ,280.158044018752   ,294.350582319792   ,257.760931072997   ,0.00650118256603329,3.76003973817629   ,21.0886631113243   ,14.3853677004975   ,16055              ,may                ,1993               
11.5380536103746   ,2.68922281543896   ,180.984735734428   ,0.10786590962882   ,4.56756208190528   ,19.413972657341    ,38.0695197179495   ,83.0734853531527   ,279.554928873713   ,294.63912719214    ,265.689782937944   ,0.0063666079409252 ,3.80855679796452   ,21.6288835172731   ,14.4858305168916   ,16009              ,may                ,1993               
11.6035081975737   ,2.52103207137813   ,199.079795892469   ,-0.550650042417498 ,4.5707094435538    ,19.5852226747548   ,39.3004325626742   ,82.7212224855731   ,279.993407883183   ,294.748694389097   ,273.434219173308   ,0.00655088176011979,3.44920084389948   ,21.551110276253    ,14.4723077603309   ,16057              ,may                ,1993               
9.30226927341177   ,3.613944364731     ,195.83303382258    ,-0.462774766959529 ,4.50062569669964   ,16.1480189958015   ,35.9949190547828   ,80.6852960805731   ,278.635063680776   ,293.447217579014   ,274.290173566806   ,0.00586010182204374,3.4077939280691    ,23.1470194093155   ,15.0194201457389   ,16035              ,may                ,1993               
9.77256951028684   ,3.09515490188468   ,205.436416862609   ,0.0861713662069266 ,4.37387943703709   ,18.2539900253075   ,32.7531678623907   ,84.6688877284108   ,276.241377993432   ,291.933469502671   ,277.156129302889   ,0.00535988030517813,3.4409097903997    ,21.9627514595119   ,14.9574786256911   ,16049              ,may                ,1993               
12.8649513037597   ,2.25965133502754   ,206.772259753676   ,-1.21152881999731  ,4.79189205177903   ,25.1375383059087   ,36.1318761729487   ,76.7119434383669   ,281.462219880535   ,295.523007592765   ,275.525135967471   ,0.00644426270013256,3.31091456700548   ,19.2860119586693   ,13.1167728269596   ,16069              ,may                ,1993               
10.3519155457436   ,2.72777655831742   ,202.380053440115   ,-1.28925974654757  ,4.51642846306366   ,21.2628997217142   ,37.8487841276384   ,78.5828319576002   ,280.163206311487   ,294.170237607048   ,274.44120202081    ,0.00622319767233113,2.95744802290139   ,20.5265532902672   ,14.0371467053366   ,16061              ,may                ,1993               
10.6964930503232   ,2.17293416170944   ,201.963741815483   ,-0.648472822855121 ,4.15223035943197   ,23.3594342933597   ,41.1180834753196   ,83.0216775148494   ,280.543539068696   ,293.142025710787   ,237.185688856044   ,0.00659014718017486,4.04455730738463   ,18.6519000101809   ,14.2736656662532   ,16055              ,jun                ,1993               
8.65212694111095   ,2.20158343456623   ,207.611578564872   ,0.438168722416111  ,4.18463111993594   ,22.3473671256673   ,39.9265642196234   ,85.3896296100504   ,279.794552828998   ,293.437111493775   ,236.767377058101   ,0.00650895247180786,4.07368074994115   ,18.7755043374011   ,14.5245859401936   ,16009              ,jun                ,1993               
7.81269942016046   ,2.19256131125335   ,215.163793913036   ,-0.211633835658431 ,4.24793225455284   ,21.9300005060832   ,42.338866411527    ,86.0634020996094   ,280.410351394653   ,293.685287399292   ,254.644412130992   ,0.0068531177129286 ,3.57999079523484   ,18.7814896326065   ,14.8050285428365   ,16057              ,jun                ,1993               
6.88649874263541   ,3.54813973354079   ,214.679172646342   ,-0.0939006281237579,3.92587075605621   ,16.2062175294152   ,41.3938989302573   ,82.7439730759151   ,278.599353904805   ,291.434769205815   ,239.453896580455   ,0.0060462781626021 ,3.53052245239879   ,21.6831094540871   ,15.6182543024368   ,16035              ,jun                ,1993               
6.89076903582786   ,5.12592322759589   ,230.282917911293   ,0.782780709622685  ,3.97135054346127   ,14.8487438729461   ,38.1276228300711   ,83.7547708138858   ,276.81302093023    ,289.943227721164   ,258.058588863486   ,0.00555518293881873,3.54907487232611   ,22.4703164160711   ,16.0973725565319   ,16049              ,jun                ,1993               
10.8496997187509   ,2.37030309053341   ,221.611802120839   ,-0.939499033963616 ,4.60001133117234   ,26.551895903691    ,37.7002684484404   ,77.8553063547335   ,281.871210929884   ,294.501300013469   ,263.748294146941   ,0.00654387026734703,3.39512414820691   ,17.6938379061626   ,13.4831410117328   ,16069              ,jun                ,1993               
7.69055854427787   ,2.97483387877744   ,217.169711520191   ,-0.888708849747976 ,4.2166592550015    ,20.975525410576    ,40.1931951725122   ,79.3665593796197   ,280.505849669065   ,292.723826494033   ,258.806492304736   ,0.00633234351612987,2.95819342243113   ,19.6057405082976   ,14.5081891218821   ,16061              ,jun                ,1993               
5.96696902594132   ,3.96505770340261   ,216.452409511399   ,1.25860278433079   ,3.89709289837023   ,14.8196001927936   ,46.0060959902953   ,91.1749996325575   ,281.654671970187   ,292.54276865386    ,254.653950067214   ,0.00739270592901841,3.21325226931811   ,21.4470402961801   ,17.2353362135721   ,16055              ,jul                ,1993               
6.79133073006612   ,3.21698140764523   ,220.394991148654   ,1.71723985907124   ,3.96125026139669   ,16.5814045296072   ,44.3138833971601   ,93.0026061437949   ,280.675996515719   ,292.94314170935    ,256.393909067706   ,0.00728557486510881,3.32405274518234   ,20.6701798825847   ,16.932324653592    ,16009              ,jul                ,1993               
8.35296957415408   ,2.32021865022903   ,233.066854062773   ,1.2962685640653    ,3.99579012949621   ,18.6897565459051   ,45.0568563747406   ,94.7879989433289   ,280.920244455645   ,293.598302164385   ,262.106766625681   ,0.00761283665842887,2.93928388203344   ,19.9076470793447   ,16.7845463963478   ,16057              ,jul                ,1993               
6.42415897468309   ,3.41728956669125   ,238.171083005569   ,1.52131642005324   ,3.88227103731768   ,13.6138968977404   ,45.6986126952726   ,91.5493930756034   ,279.500753405181   ,291.548763410168   ,266.119251718204   ,0.00679983630055064,2.89187080036738   ,22.3843779905686   ,17.3392474897674   ,16035              ,jul                ,1993               
8.44695270251005   ,3.12759603214104   ,254.765578603812   ,2.10821821774986   ,3.97912222116844   ,17.3393502111963   ,40.8606198706053   ,90.4958115656269   ,277.718962499029   ,290.925832332248   ,272.464112094431   ,0.00632231946091115,3.00391588413589   ,21.2200860524653   ,16.3049645471543   ,16049              ,jul                ,1993               
12.671413672045    ,2.07421875512886   ,243.303236510315   ,0.383304248399594  ,4.48557385035747   ,28.5193442224078   ,35.7860582900167   ,84.1613605644696   ,282.353026598841   ,295.064026776482   ,262.115333467635   ,0.00671672075882436,2.82140069015482   ,17.08059206333     ,13.8841297973204   ,16069              ,jul                ,1993               
8.39201509277069   ,2.43555241320367   ,237.475907726181   ,0.891083526874048  ,4.04520816117787   ,20.3215618948401   ,42.0905794404532   ,91.6445020529722   ,280.691481937824   ,293.12400343551    ,265.217446636626   ,0.00701876243588077,2.46822983137737   ,19.4609645089923   ,16.1333748496586   ,16061              ,jul                ,1993               
21.7563506127925   ,1.06774843806671   ,190.136998789029   ,2.8912680649463    ,4.42128726104555   ,32.1890417574      ,37.2185289977193   ,82.3129912492496   ,282.019840606604   ,296.581587620913   ,257.599201795385   ,0.00727170211683104,3.21707171979502   ,17.0117575005993   ,12.9521896545114   ,16055              ,aug                ,1993               
23.5220189119413   ,0.856666975364723  ,200.855579256625   ,2.8989373885198    ,4.51838118353289   ,33.6303322028058   ,34.4834727152406   ,85.4515227914698   ,280.687725313976   ,297.03452375732    ,258.551198600744   ,0.00702627792919425,3.29311233778267   ,16.5565329739373   ,13.0888474712528   ,16009              ,aug                ,1993               
23.2850364607278   ,0.719084647448673  ,214.741076606579   ,2.63142330288887   ,4.50120286733873   ,34.1500003267104   ,33.0395839841904   ,87.3134174174647   ,280.837356311429   ,297.627665365896   ,259.154527890605   ,0.00708653166953985,2.98664653378148   ,16.4853250409711   ,13.1985856687638   ,16057              ,aug                ,1993               
19.3926055176085   ,1.32776935462872   ,214.547853643692   ,2.85332632006013   ,4.21557154478549   ,30.0602657311546   ,36.2723571102494   ,81.6376857086361   ,280.447070503352   ,295.843339162594   ,253.559922540463   ,0.00689104023257375,2.80912675466413   ,17.9975077214397   ,13.1827711193996   ,16035              ,aug                ,1993               
15.9925939904222   ,1.71459377483672   ,224.697930637209   ,3.2554417657599    ,4.13818535801194   ,26.9103462463859   ,33.5190690227688   ,86.0115248618683   ,278.538996028914   ,294.549720507905   ,249.741084300634   ,0.00653637583801635,2.96009875845547   ,18.5243633708027   ,14.2145367671595   ,16049              ,aug                ,1993               
28.4531056953587   ,0.872064592451537  ,237.419986337798   ,2.14561473707039   ,4.84922719577561   ,44.0723607816922   ,27.1304388865533   ,73.58851513082     ,283.505022694823   ,298.752552192376   ,254.591611141292   ,0.00643436070999115,2.89098645356764   ,14.2018463631755   ,10.5837612186647   ,16069              ,aug                ,1993               
22.0102382476187   ,1.01511100715638   ,227.835019548681   ,2.43966749285863   ,4.39437763149406   ,36.7232335288186   ,29.7001390233417   ,78.4163949005892   ,281.664310911947   ,297.020169039721   ,253.252905321642   ,0.00643372845536054,2.52032843274264   ,16.0905126805815   ,11.7446606021282   ,16061              ,aug                ,1993               
25.0233782380201   ,0.681506119004912  ,187.256421533416   ,3.0884962274868    ,3.17525850539345   ,35.2518416735697   ,35.1096309609537   ,86.3207864617451   ,278.158612391259   ,293.806956509144   ,186.923098139508   ,0.00570417509717031,3.07541379833745   ,15.6933043945637   ,14.1776455236888   ,16055              ,sep                ,1993               
27.7897503892584   ,0.436044217111943  ,183.126591343804   ,3.04177070816123   ,3.31546638446917   ,37.2223508748312   ,31.3225096219155   ,87.4841254247481   ,276.96493437577    ,294.312017370822   ,190.314413482245   ,0.00539461003553997,3.15365301927871   ,15.3405076760512   ,14.0024402898679   ,16009              ,sep                ,1993               
29.243669995774    ,0.211212913646363  ,207.070342703319   ,2.67862070242564   ,3.43687587970495   ,38.9458904603322   ,28.3724531892141   ,89.2010409755707   ,276.979820688883   ,295.323039474487   ,195.932474906921   ,0.00536301583187499,2.99210110435883   ,14.9989569829305   ,13.9939894518852   ,16057              ,sep                ,1993               
28.8947739589646   ,0.445789315172556  ,215.571958596011   ,3.12788915327521   ,3.24984973962245   ,39.999597604011    ,32.0093663507318   ,79.8482402195302   ,276.955644015312   ,293.321878929219   ,196.934726485238   ,0.00515270761321341,2.96468975115948   ,15.0392700415081   ,12.5674870435582   ,16035              ,sep                ,1993               
34.0394714587515   ,0.379175927130195  ,237.361302102136   ,3.47333041151787   ,3.51292561092353   ,45.6177985428026   ,24.628127826861    ,72.1387368605481   ,275.049747603808   ,292.661691423965   ,205.687517587557   ,0.00416305469876059,3.18989274039905   ,14.279798623559    ,10.825908958964    ,16049              ,sep                ,1993               
39.4579987392674   ,0.120684089917115  ,241.292711334051   ,2.15551095281905   ,3.80105720616067   ,55.0643685634973   ,22.7374768319189   ,73.2365140867318   ,280.082976734617   ,296.796926308698   ,198.294334341583   ,0.00484901595742022,2.83969110515028   ,11.6038180936042   ,10.2744650980581   ,16069              ,sep                ,1993               
32.8432588969343   ,0.151601361753753  ,239.794400845874   ,2.4397802050777    ,3.45588720798821   ,48.8642705071399   ,24.3355970868723   ,76.9699065116483   ,278.37742908152    ,295.393159812738   ,198.196427348954   ,0.0047919862799426 ,2.5134516406322    ,12.9521294291683   ,11.2247880522541   ,16061              ,sep                ,1993               
13.2401258603771   ,1.34631696220293   ,194.187606472126   ,2.68945786508186   ,1.47511440182403   ,22.1579879707317   ,46.0864974343095   ,94.986144975981    ,275.153258373929   ,287.169869639018   ,108.32172715311    ,0.00522659366548464,2.94709517024324   ,18.2574957842911   ,18.4294846548782   ,16055              ,oct                ,1993               
15.883204527211    ,1.19616157172604   ,197.56187086757    ,2.52192474163966   ,1.56602431670198   ,24.2455361472398   ,42.7082590356904   ,95.799367152136    ,274.28119893155    ,287.459202145502   ,112.412563420817   ,0.00508266235877729,3.12625538419963   ,17.744329633092    ,18.3223854360928   ,16009              ,oct                ,1993               
17.2292438265804   ,1.05683352339757   ,206.190447218034   ,2.09020965278149   ,1.61179800271027   ,26.7954221734693   ,40.2502169089164   ,94.6305694481634   ,274.521734633907   ,287.997654492778   ,117.927012327871   ,0.00505321590286199,2.83912340911165   ,17.1062533367834   ,17.7780705448889   ,16057              ,oct                ,1993               
17.5439299244455   ,1.77036992106334   ,212.151280405275   ,2.61375329160959   ,1.50926862046207   ,27.5519126584973   ,43.0682599426641   ,90.9367202904998   ,273.904060982425   ,286.086540135275   ,119.06722854646    ,0.00473360147199742,2.81743165542718   ,16.8823379180542   ,17.3084650349261   ,16035              ,oct                ,1993               
19.6689294009353   ,1.5981086735634    ,225.350780192605   ,2.90554123026069   ,1.64467510342657   ,30.952910899895    ,38.666505452966    ,89.5612370991644   ,271.970799971932   ,285.166821869272   ,130.503728606556   ,0.00426040955965758,2.98144247898014   ,15.8846736213211   ,16.6646064932987   ,16049              ,oct                ,1993               
21.6408189045275   ,0.961512211005176  ,217.756753227105   ,1.53397140172169   ,1.85090507709591   ,37.902018534802    ,34.8431614580824   ,85.5410778133833   ,276.860267545718   ,289.276461885698   ,122.249085006661   ,0.00480473775109599,2.60231416189344   ,13.8973864851809   ,14.969094947636    ,16069              ,oct                ,1993               
19.8802087699761   ,1.15405939983465   ,211.513756974479   ,1.88415604074468   ,1.69191218109742   ,34.8291494874947   ,35.2995165298857   ,86.5719236848323   ,275.581131469596   ,288.251411179675   ,122.896935386932   ,0.00463528709774884,2.25609860192042   ,14.9239258092424   ,15.5185434468045   ,16061              ,oct                ,1993               
13.5989042106556   ,2.15442413267423   ,206.112388893999   ,1.62355860679401   ,0.693928858981211  ,18.4087469271738   ,53.5428665778601   ,89.936082055572    ,266.994212540154   ,275.248063992473   ,58.5014066123177   ,0.00274146384753917,3.66169991570082   ,19.7199629607024   ,18.9752951550059   ,16055              ,nov                ,1993               
12.8442421356429   ,2.13737404381974   ,217.231540840017   ,1.51087301581569   ,0.726585730224025  ,18.1793686417609   ,51.2757508336204   ,90.2158996491742   ,266.727903783674   ,275.348377108903   ,59.7289825819418   ,0.00269916677702617,3.86695722209866   ,19.7650203949366   ,19.052360215836    ,16009              ,nov                ,1993               
14.1052400922299   ,1.95185923146472   ,225.64198888724    ,0.886177423844735  ,0.761504837160309  ,20.3573446424964   ,48.7889685007731   ,89.4161340910594   ,266.968332361857   ,276.223918863932   ,64.9798721790314   ,0.00269806052195296,3.40555631067355   ,19.1492403532664   ,18.5751309204102   ,16057              ,nov                ,1993               
12.9613984872411   ,3.09174824993314   ,223.786681312873   ,1.67494541457037   ,0.748213888263465  ,19.8722350354222   ,49.7946468382843   ,84.6351657312298   ,266.106201204672   ,274.66154725476    ,64.5614417852357   ,0.00244842858155556,3.40173985295265   ,19.5801118337915   ,17.8866197315213   ,16035              ,nov                ,1993               
16.4160810780885   ,2.13366864455442   ,240.918073113713   ,1.97544488033453   ,0.918495789069745  ,24.6926076773152   ,39.6523668337434   ,84.236071737791    ,263.69440099433    ,274.723129875442   ,71.8432129977868   ,0.00209873837370669,3.72643522528244   ,18.1269292590868   ,16.8959063406267   ,16049              ,nov                ,1993               
18.6388468109545   ,1.169899871473     ,235.660904433851   ,0.234199575920475  ,0.956482331785448  ,31.731768116084    ,43.226237896462    ,79.7571739767962   ,268.85131074766    ,278.065043751654   ,68.9487791986176   ,0.00265808936783611,3.13213108195766   ,15.5034915936822   ,15.1410180843238   ,16069              ,nov                ,1993               
18.0380701071157   ,1.08324511653523   ,226.682067236362   ,0.753174198232078  ,0.8907516965073    ,31.9580506655796   ,42.3752393005308   ,77.8613669576724   ,267.696593578328   ,277.108520873519   ,69.2612456376888   ,0.00245412980259548,2.73082878633964   ,15.6443878133106   ,14.718878217177    ,16061              ,nov                ,1993               
3.46929888911635   ,2.40131827556613   ,191.701617066213   ,0.630407964864385  ,0.286472455945017  ,2.40930755496618   ,77.3399220501935   ,96.9829499787591   ,269.280014552992   ,273.909300380545   ,47.0444265135358   ,0.00336404663845335,3.34113530298319   ,26.0955736864087   ,24.2733411014489   ,16055              ,dec                ,1993               
5.37793996620931   ,2.25423003795149   ,200.904551256663   ,0.294623910146352  ,0.400274331739615  ,4.11219814151555   ,72.4129706907554   ,95.6166487112553   ,269.104564466608   ,274.005856509839   ,47.8396750169863   ,0.00322564246217469,3.75169527822227   ,25.2477761007155   ,23.1910656878229   ,16009              ,dec                ,1993               
9.32011653928505   ,2.11158932823492   ,207.355829831521   ,-0.817395236343145 ,0.517249989432613  ,8.43521428917162   ,67.2888097775777   ,93.7372343126933   ,269.458734013875   ,274.907031656901   ,49.9691034755707   ,0.00318099750027371,3.62712557470798   ,23.6924168128967   ,21.8625066582362   ,16057              ,dec                ,1993               
7.01940535798202   ,2.74231994368298   ,208.980977534349   ,0.570087746415783  ,0.439043077921574  ,6.75524441006228   ,65.0860279348049   ,94.4442743173697   ,267.569628829902   ,273.854050832134   ,54.0830048175997   ,0.0029358716083279 ,3.54460317156448   ,24.8367930089697   ,22.3022825755226   ,16035              ,dec                ,1993               
10.8351193431602   ,1.75439332759912   ,223.848663009869   ,0.997199928421739  ,0.573408342324773  ,12.1011740809102   ,56.3206662475281   ,93.6673904046848   ,265.009529542655   ,273.536945136358   ,59.0707766973498   ,0.00258817498594785,3.9433011141049    ,22.4273055458923   ,21.0260789397258   ,16049              ,dec                ,1993               
17.0526871514483   ,1.01870797674741   ,213.44735055535    ,-1.18509325687898  ,0.735584131076018  ,22.0747213170729   ,58.00194012749     ,85.0719782375397   ,270.693255949785   ,276.777758030203   ,53.7101541468166   ,0.00306661274749371,3.28044315187158   ,18.5054483490194   ,17.7627286532771   ,16069              ,dec                ,1993               
16.4397885270304   ,0.759723368977625  ,205.432391000648   ,-0.833614515494709 ,0.65942056821454   ,22.4262708305327   ,56.6411148213158   ,86.5175423015248   ,269.539402111043   ,276.148338536454   ,53.624942911952    ,0.00294790484322897,2.87714005568303   ,18.2560114647731   ,17.922948901384    ,16061              ,dec                ,1993               
