bi,pr,th,pdsi,pet,erc,rmin,rmax,tmmn,tmmx,srad,sph,vs,fm1000,fm100,countyfips,month,year
1.01955663586266   ,4.68935648729234   ,165.392348240496   ,3.10102516208329   ,0.457824829314535  ,0.428698568635176  ,68.8346738614014   ,97.4154936145948   ,268.281320834973   ,274.877731458957   ,50.1882607057309   ,0.003323483954518  ,3.91436263398632   ,29.5873238467195   ,24.6887192864762   ,16055              ,jan                ,1998               
1.64509029296838   ,4.11929358177045   ,177.865720247581   ,3.4051448231383    ,0.537971420484853  ,0.744294550284975  ,66.65447893778     ,97.3366246319017   ,268.348801707694   ,275.250889652352   ,51.1643257203005   ,0.00331865835316336,4.46539919306745   ,28.8150974207421   ,24.21521985119     ,16009              ,jan                ,1998               
2.63665097708266   ,3.74720891783314   ,178.830596323033   ,3.5444356906414    ,0.560923349112272  ,1.33378254594576   ,65.4167844778492   ,97.7203656891854   ,268.640151005407   ,275.917364846506   ,52.5380529585192   ,0.00337572852515751,4.02669104466515   ,28.2839089504365   ,23.9392402092103   ,16057              ,jan                ,1998               
1.23306779367816   ,5.39429961011898   ,189.042656113602   ,3.50089941266727   ,0.426760277689959  ,0.53616065840956   ,70.0275210393757   ,97.2850711634936   ,266.997465009702   ,273.917081895194   ,58.7713350199632   ,0.00317633088353575,3.81915127437973   ,30.7548986179461   ,25.1443585032437   ,16035              ,jan                ,1998               
2.66269823444583   ,3.82634831797857   ,212.138027491878   ,3.17496806942818   ,0.551996157284337  ,2.24673546262275   ,62.4201098864026   ,96.8934595767078   ,264.984798373366   ,273.672616775881   ,67.3752338488745   ,0.00285435634029196,4.20007712172918   ,28.7900699997978   ,23.8455318298474   ,16049              ,jan                ,1998               
7.57659055456014   ,2.18737820624195   ,189.562300442539   ,4.36508735424695   ,0.682217601146269  ,7.42311699516116   ,61.8549803223346   ,93.8298818717563   ,270.078732528542   ,277.473082374782   ,56.2054536394031   ,0.00346615154027302,3.56443661582949   ,24.2938072580664   ,21.3164043493963   ,16069              ,jan                ,1998               
6.49348552671036   ,1.98412648094428   ,176.236093007034   ,4.97427550229159   ,0.575338607836218  ,5.59079908941042   ,62.5230898194808   ,95.8666850623688   ,268.718117258575   ,276.467161169945   ,57.5453216770877   ,0.00333977156322511,2.97283726952865   ,25.0225009763123   ,22.1583640419684   ,16061              ,jan                ,1998               
4.17153438503637   ,1.90043663409599   ,176.614757269095   ,2.86903242973307   ,0.721754404561247  ,3.14553775342253   ,61.7146882164275   ,98.3626813849304   ,270.722191475897   ,278.445980881607   ,73.1294094819591   ,0.00394907144282527,3.36795053255691   ,27.1523474360269   ,21.8833200661033   ,16055              ,feb                ,1998               
4.94708082393677   ,2.01546238073709   ,188.228259421161   ,3.01364667834145   ,0.762282772835215  ,3.54281994549456   ,59.7276990266544   ,98.6673160756128   ,270.59334444254    ,278.570487124781   ,74.9640794392873   ,0.00397383022570427,3.76123744879148   ,26.6316936042283   ,21.7604433222534   ,16009              ,feb                ,1998               
6.11977268760558   ,1.93886117636093   ,185.034285926819   ,3.11894002795219   ,0.890670624130539  ,5.13039544397447   ,55.7262404939107   ,98.5513535731179   ,270.865720792498   ,279.453530311584   ,76.199720715114    ,0.00394502378892087,3.72410187772342   ,25.8248932027817   ,21.2939163695063   ,16057              ,feb                ,1998               
3.9082299175779    ,2.44742068797642   ,186.988809618983   ,3.00080229280027   ,0.810377086239058  ,2.88102234725299   ,55.4871571974897   ,98.9600476731854   ,268.57529139886    ,277.684728851134   ,89.3728949053703   ,0.00357809766402527,3.37573969606293   ,27.7980493142575   ,21.8980159813527   ,16035              ,feb                ,1998               
6.46891565822718   ,1.94331641538773   ,206.872641179031   ,2.81325737497545   ,0.874388098744326  ,6.16658002958046   ,51.1296643133071   ,98.979682312478    ,265.284099283063   ,276.513670427342   ,99.5455403906171   ,0.00311328549372981,3.664822946247     ,25.841269026988    ,21.3234966052699   ,16049              ,feb                ,1998               
10.0837021048141   ,0.967671561912214  ,187.573882788534   ,3.84984420455076   ,1.03408619512735   ,12.7747981693842   ,51.8318780810893   ,96.7960900728533   ,271.891302022796   ,280.423672267369   ,88.024598268082    ,0.00393637622623171,3.47197029078799   ,22.1867943074159   ,19.5926562353707   ,16069              ,feb                ,1998               
9.68273762620469   ,0.735110294126599  ,180.460424011122   ,4.38815372870317   ,0.963957593794978  ,12.6244863740739   ,51.8648424587678   ,97.1694540071093   ,270.630959782156   ,279.53345996627    ,86.5863931305715   ,0.00373893794036001,3.00106932799889   ,22.3120749300739   ,19.6028323117226   ,16061              ,feb                ,1998               
6.20691753966058   ,2.49534200623455   ,178.796877708154   ,2.36966577070077   ,1.55509038917353   ,8.87172162004661   ,49.4899306004224   ,91.8985685269766   ,272.106487408365   ,281.708016486088   ,129.164619636206   ,0.00394663507296605,3.28985300518896   ,24.5147751180613   ,19.2014104592979   ,16055              ,mar                ,1998               
7.18868355120376   ,2.20182535144454   ,188.641917471941   ,2.50778184158092   ,1.58091776665442   ,8.73956921220664   ,49.6872770699364   ,93.5604431005261   ,271.737718588342   ,281.779794983155   ,135.79957722043    ,0.0039990504856603 ,3.47474475233672   ,24.737354735833    ,19.4804348305769   ,16009              ,mar                ,1998               
8.47002878104772   ,1.86390009887276   ,219.009787058465   ,2.59280564864477   ,1.64249878867019   ,10.2589916639546   ,47.9184173676275   ,94.6807781908589   ,271.82053754745    ,282.461746201054   ,141.108544218002   ,0.00402297527600651,3.13654557436705   ,24.1938285166217   ,19.3162503996203   ,16057              ,mar                ,1998               
6.65375293813296   ,3.06010759705038   ,215.068057210963   ,2.38482545218558   ,1.57881194718951   ,6.92455673881698   ,48.4309671316516   ,94.9962767469828   ,269.878106432625   ,280.529744431111   ,157.727184324272   ,0.00365145161182425,2.99496486205802   ,26.1895839361022   ,20.1886717911055   ,16035              ,mar                ,1998               
8.96948487664624   ,2.4534313186944    ,220.574387698338   ,2.24026463805152   ,1.64666863350596   ,11.2748075985486   ,44.0660841281923   ,94.4512107615309   ,267.571172129896   ,279.432717116566   ,162.126651157404   ,0.00323194601994374,3.29931580882485   ,23.9197135169056   ,19.1686182142575   ,16049              ,mar                ,1998               
11.8020705764552   ,1.23219687832374   ,234.512680663833   ,3.18646195143089   ,1.82786314084815   ,17.6115242482711   ,43.8502916964823   ,92.7672572824407   ,272.995046544861   ,283.762448947677   ,147.372323009378   ,0.00407295256540788,2.93331309640451   ,20.9660867952943   ,17.7807285815698   ,16069              ,mar                ,1998               
10.4054727776335   ,1.36365673006757   ,223.050413809502   ,3.61813694813363   ,1.69952885155454   ,16.5159952753037   ,44.4320048014662   ,93.912199198866    ,271.709482183332   ,282.623149931828   ,147.21572284907    ,0.00389202627202474,2.54271896485804   ,21.1724342487552   ,18.257840979166    ,16061              ,mar                ,1998               
15.3339629482371   ,1.29578272957452   ,185.370842547476   ,2.04626809005384   ,2.99609114104992   ,22.417904791099    ,38.6463211470344   ,84.9462734405559   ,274.295394646287   ,287.870178293822   ,202.361433467159   ,0.00436080488266451,3.42582386818769   ,20.2990973424192   ,14.8019613157411   ,16055              ,apr                ,1998               
14.106311720963    ,1.61566401410267   ,189.406349088842   ,2.15287132587659   ,2.94725710188849   ,19.8939767781917   ,40.387328199428    ,87.307471897193    ,274.038670556785   ,287.563211866149   ,202.377589761106   ,0.00445046692717402,3.5509585465435    ,21.0313205645635   ,15.6660348865878   ,16009              ,apr                ,1998               
14.3098661852104   ,1.78074157436689   ,207.645143529364   ,2.23936985651652   ,2.94733029997349   ,19.5921121114492   ,41.8354554271698   ,89.1903292013804   ,274.357912918091   ,287.520839182536   ,209.114952318827   ,0.00456427278528766,3.37568732820948   ,21.001411002636    ,16.1665702516238   ,16057              ,apr                ,1998               
10.1386526854111   ,2.61350927110328   ,207.476465416912   ,1.97313746782656   ,2.87981468033337   ,15.0627423064112   ,39.0939233972121   ,87.37396944085     ,273.284121698725   ,285.727150952673   ,219.094887977154   ,0.00411857853131992,3.24933377487547   ,22.9443284444695   ,16.4884676895652   ,16035              ,apr                ,1998               
9.68039586646869   ,2.61897932318426   ,227.684738681624   ,2.07033312365385   ,2.84425690126201   ,15.7506123843259   ,36.9456340627573   ,89.1980685005132   ,271.218153787677   ,284.336485081803   ,224.606583309471   ,0.00380382422036789,3.25320408918722   ,22.3582994913375   ,16.6443703008994   ,16049              ,apr                ,1998               
14.7681001697325   ,1.61750983312965   ,213.60121621252    ,2.74358164361029   ,3.11737939408331   ,23.370303794152    ,39.3340641110126   ,86.2218691980563   ,275.890321959361   ,288.447159876968   ,212.202735086941   ,0.00467147816509198,3.21755870782543   ,19.3630515673156   ,15.3245234574439   ,16069              ,apr                ,1998               
11.5234629473923   ,1.98205830339065   ,206.495935351089   ,3.20911567237423   ,2.87157511298978   ,19.8574879730372   ,40.9510130433012   ,87.7013061828193   ,274.639792471221   ,286.951348267442   ,210.162180149719   ,0.00449128444361072,2.78650960408295   ,20.4342481681466   ,16.1383663762043   ,16061              ,apr                ,1998               
9.27806959108558   ,4.87425374714135   ,195.860186119566   ,1.49640798078152   ,3.57824345625968   ,21.8263820088291   ,44.9128367250443   ,87.8129707786107   ,278.197062701133   ,290.878516230247   ,239.113378320449   ,0.00622934951188806,3.73975576774289   ,18.716105466691    ,16.3187446067584   ,16055              ,may                ,1998               
11.0388106067345   ,4.60945513293838   ,203.874498976713   ,1.66169609849505   ,3.58869573623539   ,20.3371383779793   ,45.5052911329187   ,90.2894576193381   ,277.475223943918   ,290.797410505149   ,245.495745094388   ,0.00627307541074495,3.88728119738117   ,19.6014497782079   ,16.9912410771763   ,16009              ,may                ,1998               
10.462919146056    ,4.48186995431781   ,225.711095472975   ,1.81687947958708   ,3.54968981394845   ,19.3624116597278   ,47.8126500609613   ,91.4435667831667   ,277.835363941808   ,290.824704097625   ,249.072615774831   ,0.00647022720899493,3.45465163890393   ,19.7697760903451   ,17.2248350074214   ,16057              ,may                ,1998               
9.78101800202674   ,5.26628672147174   ,217.324559571114   ,1.45938550069183   ,3.60329881361885   ,18.6571750700013   ,43.1628126034362   ,87.9412630623996   ,276.78418595939    ,289.573301657546   ,253.719229798537   ,0.00572117433425401,3.29230171716417   ,20.508762179915    ,16.6803718898726   ,16035              ,may                ,1998               
7.77473128249111   ,4.61699763310091   ,213.212343994826   ,1.64424718968227   ,3.43491202864506   ,16.9607018762424   ,42.5443988556284   ,92.2785732994626   ,274.650143152597   ,287.796281854889   ,256.063124927747   ,0.00539731669605813,3.37209075680068   ,20.7314152741033   ,17.3402847085319   ,16049              ,may                ,1998               
10.1983120955113   ,3.79000629667416   ,243.015869666178   ,2.18028068372485   ,3.70991166914581   ,23.6716897758177   ,45.5949560092691   ,87.2381220592678   ,279.303357719038   ,291.335560207554   ,247.515558133891   ,0.00642458825921683,3.25679102755424   ,17.9535164794409   ,15.8387685219378   ,16069              ,may                ,1998               
8.4678008945164    ,4.16937218440418   ,244.497040446076   ,2.652548492119     ,3.47372352086967   ,20.141297048009    ,47.4698134788161   ,89.2013932896499   ,277.916203640455   ,289.91552865769    ,247.011151786932   ,0.00622108043370095,2.86695084979267   ,19.2073204929878   ,16.6712164100854   ,16061              ,may                ,1998               
9.40804143592872   ,1.97938194265909   ,193.890880590489   ,2.05368903157204   ,4.40856981215327   ,22.6069373044457   ,38.6435280440112   ,83.7183464437519   ,281.098349995345   ,294.502759998881   ,259.957742879943   ,0.00690797209121358,3.48982153769547   ,19.3513004023025   ,13.5736926312963   ,16055              ,jun                ,1998               
11.410979608766    ,1.66577392539094   ,192.593565650428   ,2.24973454254384   ,4.34871284712466   ,21.627982819292    ,39.7902893040072   ,87.6288956388214   ,280.491553884051   ,294.4520613992     ,259.745416279328   ,0.00706226157347802,3.58374299530447   ,20.0424756593723   ,14.1106280736904   ,16009              ,jun                ,1998               
10.8865699186285   ,1.51014472584426   ,210.813915336761   ,2.54577017029126   ,4.31377050817013   ,20.5004563230673   ,42.0835011561712   ,89.7019361775716   ,280.793280390422   ,294.552772079468   ,271.336086655935   ,0.0073543526630383 ,3.02904396208127   ,20.5050587714513   ,14.6913921957016   ,16057              ,jun                ,1998               
6.2577209701674    ,3.07405908570754   ,217.6647697405     ,1.97800467554493   ,3.97447456291984   ,16.6583229701919   ,40.9584652766281   ,85.0804460085976   ,279.649587897636   ,292.213981370341   ,251.545066650154   ,0.00648467909871883,3.04476653334118   ,21.6940152237498   ,15.1245704331307   ,16035              ,jun                ,1998               
4.92500137355025   ,4.17625284352273   ,227.23189821463    ,2.13078404360207   ,3.77672547533218   ,12.3650720852936   ,42.3378701512624   ,91.7328951268352   ,277.318797438536   ,290.382407130556   ,259.155701208422   ,0.00640388006359853,3.06431081321074   ,23.1436330064992   ,16.9353729853847   ,16049              ,jun                ,1998               
12.2711344226683   ,1.61720799372636   ,215.163508609506   ,2.77566602385193   ,4.57398928913841   ,27.0163706998774   ,38.0707612251853   ,79.9851365264512   ,282.630199822683   ,295.50607028356    ,271.963328707282   ,0.00711699965668912,2.78263863514239   ,18.1175222004161   ,12.8054436570608   ,16069              ,jun                ,1998               
8.31908964164197   ,2.17175699710928   ,211.40461040328    ,3.15923597628748   ,4.19403311661124   ,21.5916043625719   ,40.9880780795389   ,84.3331069788657   ,281.122544936503   ,293.578396190297   ,267.588796782691   ,0.00694977493793768,2.47906926092037   ,19.6548374070937   ,14.174578741825    ,16061              ,jun                ,1998               
21.1076612257139   ,1.09570516421392   ,179.13262128716    ,2.1421519406702    ,5.65267612958483   ,38.2579968415866   ,32.8453158527102   ,78.9429729562443   ,286.706130019289   ,302.422107197731   ,296.66043583647    ,0.00936119720906258,2.79795039231822   ,15.297331525022    ,11.2206885992223   ,16055              ,jul                ,1998               
21.3065357823918   ,0.992426998379986  ,190.216239060148   ,2.39245650683634   ,5.68576379344763   ,36.0467333161073   ,33.1129467391312   ,83.9827056043042   ,285.754757136465   ,302.821649005655   ,301.286983320335   ,0.00959375744771214,2.76942825424328   ,16.0263717751122   ,11.9245414631038   ,16009              ,jul                ,1998               
20.2312377173795   ,1.179420192333     ,200.485950697545   ,2.91229243516922   ,5.62094999324891   ,34.0040961414768   ,33.4048867771702   ,86.5729574972583   ,285.547895655478   ,302.991798317202   ,306.289873046875   ,0.00970769520150497,2.4229728905424    ,16.7811081464829   ,12.5442210185143   ,16057              ,jul                ,1998               
16.2809152665314   ,1.74110493768894   ,200.640315769822   ,2.46157738106447   ,5.54566790192886   ,31.061771525763    ,33.700934464143    ,79.2958123215482   ,285.171704827507   ,301.600952105772   ,306.676303774291   ,0.00910527766767318,2.40696657703728   ,17.8682253712124   ,12.0396200779198   ,16035              ,jul                ,1998               
14.0156542186902   ,1.89116882298994   ,215.275078576819   ,2.92103776620523   ,5.42828325605251   ,26.3011698191305   ,32.6262161788837   ,83.9477833386635   ,283.055030928976   ,300.209885156987   ,305.514525224569   ,0.00879899141321393,2.49785361983818   ,19.4693622834971   ,13.0925668527035   ,16049              ,jul                ,1998               
24.481710447277    ,1.34805184315356   ,217.995637656176   ,3.1469769783836    ,5.88289430558075   ,42.7545636953394   ,28.9403369798935   ,72.64196087612     ,288.084105863599   ,304.063111370219   ,304.869817449817   ,0.00901694235928345,2.25612769161645   ,14.7521612087735   ,10.2858351366837   ,16069              ,jul                ,1998               
19.5553738343781   ,1.36930473451931   ,210.735351350332   ,3.58549403815887   ,5.5593096380455    ,36.44971728077     ,31.3438144219586   ,76.6271460555261   ,286.34347735542    ,302.17881675645    ,307.84182662374    ,0.00884807710108772,2.04038361403758   ,16.4372155430539   ,11.2336577064226   ,16061              ,jul                ,1998               
37.1509958386122   ,0.326536782935497  ,187.620949420735   ,2.07574563638009   ,5.48551064969438   ,54.0493567841597   ,25.8334690652551   ,67.0820082823119   ,283.917367148998   ,302.056026696241   ,277.069424709096   ,0.00666286983615887,2.98899048108686   ,11.7968191447904   ,9.56613204844141   ,16055              ,aug                ,1998               
40.5293907288493   ,0.275472994284403  ,199.677339896147   ,2.34821150500393   ,5.5562135765948    ,54.4699710784784   ,24.8009631727961   ,72.7601857128023   ,282.900923334112   ,302.600892779253   ,276.955665051016   ,0.00672757009438577,3.04725893888794   ,11.8522733559839   ,10.0505511403471   ,16009              ,aug                ,1998               
38.4081308651245   ,0.270210677668933  ,207.81824934298    ,3.05634693662326   ,5.54520130011343   ,52.1196811340701   ,23.8143513382635   ,78.3712610780039   ,282.758367777178   ,303.270328137798   ,276.452978417181   ,0.00686337637962894,2.89731963074015   ,12.3826099292694   ,10.7039452059807   ,16057              ,aug                ,1998               
35.2857006524749   ,0.273867695738111  ,204.786514768787   ,2.77800763123803   ,5.26627107296798   ,53.3547650808561   ,25.7994290920768   ,64.761446768693    ,282.953889677309   ,301.471175950781   ,275.710974362833   ,0.00646939162049456,2.66008619341674   ,12.3174172281886   ,9.2464884082105    ,16035              ,aug                ,1998               
33.3963367925186   ,0.292170621102685  ,212.010243750643   ,3.1973669449538    ,5.13022599123047   ,49.2915780294434   ,24.5529003448161   ,69.6894313106824   ,281.087614398521   ,300.45887163256    ,272.01989289938    ,0.00637147412924835,2.64964035925784   ,13.4889923064651   ,9.85007731143651   ,16049              ,aug                ,1998               
44.5708695208797   ,0.266585503225288  ,215.853179839062   ,3.00347612652124   ,5.75687307626271   ,63.0108743249414   ,20.6060355306391   ,64.4318198983332   ,285.780312233307   ,304.454124591506   ,273.288868094552   ,0.00646429604518794,2.72848498597111   ,10.3671121879428   ,8.47791560218111   ,16069              ,aug                ,1998               
36.9924719650745   ,0.281424773506914  ,209.816898690704   ,3.50202890204332   ,5.30721997760258   ,56.7595007018514   ,22.1712359859606   ,68.7402895655641   ,283.892024606427   ,302.91703552718    ,273.056411023141   ,0.00642030021334397,2.40447331390137   ,11.5199117023638   ,9.28546344359949   ,16061              ,aug                ,1998               
25.0958115310682   ,1.09425120479613   ,189.487603301374   ,1.60556938655582   ,3.38400521051082   ,45.4529238851309   ,30.8058220164766   ,81.2464702951565   ,281.310811226718   ,297.394149290485   ,182.75201109584    ,0.00662276513538539,2.81254425688209   ,12.2062665994275   ,12.8269143644838   ,16055              ,sep                ,1998               
22.1754937774416   ,1.41444254959594   ,196.584828033861   ,1.92278489746756   ,3.37049244353052   ,41.9849860840295   ,30.7626287951272   ,84.4925741237061   ,280.734338529387   ,297.649385224292   ,185.25922104574    ,0.00678798011981715,2.79278835479089   ,12.9769637231996   ,13.7221505680498   ,16009              ,sep                ,1998               
21.4508962462541   ,1.65022755699356   ,212.108783994943   ,2.80139552632968   ,3.34275118155281   ,38.6878017489115   ,31.5337110069593   ,88.1584060459137   ,280.703169993083   ,298.111919723511   ,188.890050355275   ,0.00717187954337957,2.55319901630282   ,14.0021287097931   ,14.8037944256465   ,16057              ,sep                ,1998               
20.7705712046139   ,2.08145414544105   ,196.675186610003   ,2.53386845539959   ,3.27177610031478   ,40.1058793207052   ,33.7876252456649   ,79.6250145131891   ,280.959897868914   ,296.174158942859   ,189.848908989861   ,0.00671812676323527,2.52418471494554   ,13.6303208301066   ,13.7245256120004   ,16035              ,sep                ,1998               
19.7683608621911   ,2.41036739375643   ,188.945479573432   ,3.06287470832855   ,3.21365126731394   ,35.739108975232    ,35.3152793729501   ,83.6253043620904   ,279.195046412515   ,294.58763040848    ,193.681211002246   ,0.00674412841409815,2.75427543707448   ,14.8445295711818   ,14.7298776836761   ,16049              ,sep                ,1998               
25.3070713547866   ,1.7518576040864    ,230.368157320312   ,2.94111350662143   ,3.50338731609989   ,46.0301391732459   ,30.3198453924448   ,80.8495383923917   ,283.58008368997    ,298.847596487769   ,190.756357876375   ,0.00720579982120975,2.39314433095077   ,12.2214937579823   ,13.1762352979119   ,16069              ,sep                ,1998               
20.6908075014381   ,2.07583731965831   ,221.410016747611   ,3.45115101764353   ,3.25816043240965   ,41.0331521034241   ,31.3070610293344   ,82.4858815211567   ,282.087194214708   ,297.59955038696    ,191.158944126266   ,0.00698650819935756,2.12222626557363   ,13.4265863963724   ,13.9260439367662   ,16061              ,sep                ,1998               
10.916113121646    ,1.16976083431936   ,193.66869065134    ,1.28369889891769   ,1.37781158992055   ,20.8884706625058   ,45.8936715586227   ,96.9835500156327   ,273.987819021922   ,285.057533279352   ,105.664565238411   ,0.00477901725264158,3.379745398102     ,18.0509636552467   ,18.9891857434345   ,16055              ,oct                ,1998               
10.0814690210886   ,1.18504786778666   ,198.55905813865    ,1.79259294215626   ,1.41913552982454   ,18.6267461784015   ,45.3786093589344   ,97.7475206258985   ,273.570207101058   ,285.240259108277   ,106.861869313968   ,0.0048043969992849 ,3.53599085894721   ,19.0628482758896   ,19.3460904665862   ,16009              ,oct                ,1998               
10.7625259862533   ,1.19390881958508   ,206.532975905922   ,2.74048062324524   ,1.43151566738563   ,17.3600977767667   ,44.7473363024189   ,98.6416470853744   ,273.553869417252   ,285.958830984792   ,111.977089642863   ,0.00491484539305431,3.05523511232868   ,19.9761401591762   ,19.6661064957034   ,16057              ,oct                ,1998               
11.6409283338482   ,1.64076352769841   ,215.323782961088   ,2.31508782226658   ,1.40861736104672   ,19.8801312967886   ,44.8929553451101   ,93.8345411902014   ,273.109454556327   ,284.377729723791   ,114.260979171568   ,0.00448900946728106,2.85447740853991   ,19.1772579653465   ,18.534962379647    ,16035              ,oct                ,1998               
14.5387680015065   ,1.30206148165919   ,219.465938287494   ,2.87903788781975   ,1.5308520243883    ,22.6150003663119   ,41.3469788672637   ,91.115352427817    ,271.511387746402   ,283.362937206749   ,124.789587695254   ,0.00405367267900552,3.00938653720383   ,18.6583281154513   ,17.5868696490737   ,16049              ,oct                ,1998               
13.2726788770839   ,1.12614568185247   ,213.446285424529   ,3.04595950644284   ,1.59501490035982   ,23.3258129914958   ,41.745919929407    ,94.4684314691591   ,275.52868559954    ,286.85136016114    ,116.368347543549   ,0.00487502950648666,2.7848145040753    ,17.8980338870811   ,18.0140480199764   ,16069              ,oct                ,1998               
11.4929688051969   ,1.38550916812287   ,210.022956416341   ,3.55308072396218   ,1.462641020698     ,21.1157621019079   ,42.1253492469249   ,95.0050513481846   ,274.297754737734   ,285.834239714624   ,116.745034436994   ,0.00468559647450098,2.35680650962381   ,18.7363045755242   ,18.3995760846729   ,16061              ,oct                ,1998               
2.60802610376843   ,6.68000061570045   ,190.935878837256   ,0.49512137869815   ,0.534155551171434  ,4.9039993367152    ,66.71477236231     ,98.1982055203578   ,273.213662908107   ,278.484242757161   ,48.9082594810036   ,0.00446802796473387,4.58274768451114   ,24.8419255239646   ,24.2467014359839   ,16055              ,nov                ,1998               
2.24129869361285   ,6.11637634841295   ,194.988191079459   ,1.280507154895     ,0.523382689145484  ,4.0394981368993    ,67.6950884185129   ,99.0659866889788   ,273.099165539864   ,278.136721260026   ,50.0974510377211   ,0.004505703726754  ,5.04731836848005   ,25.338715227492    ,24.7171745213766   ,16009              ,nov                ,1998               
2.08799567108819   ,5.96155968563259   ,198.875261410733   ,2.36309921423594   ,0.578815354255338  ,3.12528535683073   ,64.6890926253001   ,99.4115416717529   ,273.250369227091   ,278.854997146606   ,54.2491766856511   ,0.00451007308279319,4.26615761039654   ,26.1669462973277   ,24.8931024036407   ,16057              ,nov                ,1998               
1.29096155477813   ,8.31987403603592   ,202.635970439421   ,1.8807933511156    ,0.484641924787147  ,3.10769737870065   ,68.715461649636    ,99.1496237106269   ,271.556437786336   ,276.619800816563   ,55.8032399665478   ,0.00414644716287995,4.08195835543695   ,27.0486834458182   ,25.6996856489175   ,16035              ,nov                ,1998               
2.43414869725348   ,6.07014635660525   ,218.444828456485   ,2.43248296441487   ,0.617249516569591  ,5.55809703229204   ,63.9979180455332   ,96.9179981782887   ,270.015289432129   ,275.943475851376   ,63.5053433180997   ,0.00379466693995012,4.51388039512483   ,24.4795272171113   ,23.6293741608023   ,16049              ,nov                ,1998               
3.94088824271746   ,4.00676146378332   ,212.871090264365   ,2.99296498001153   ,0.797879857063931  ,6.73957839687286   ,57.8425875604259   ,96.6016996196672   ,274.160360725933   ,280.05223496925    ,57.6156160760903   ,0.00436375193119816,3.77449380984387   ,23.5506263676812   ,22.6352673996366   ,16069              ,nov                ,1998               
3.03326389288104   ,3.76864112936186   ,203.284351170227   ,3.48281147558827   ,0.681658927815102  ,5.86812084553979   ,58.7175344514453   ,97.5108985680194   ,272.933868004665   ,278.962132712961   ,58.2518187998412   ,0.0042147573801694 ,3.21054090454395   ,23.7941708596285   ,22.8300218469184   ,16061              ,nov                ,1998               
3.90932189899494   ,5.49709195369556   ,196.987753785687   ,0.931800059039038  ,0.527988351399107  ,2.51987001559487   ,62.4076250853362   ,90.6820725921087   ,267.164946224595   ,272.888167217239   ,42.6482267267256   ,0.00276963377091331,4.35540881107864   ,30.1017836551117   ,22.6073715755478   ,16055              ,dec                ,1998               
3.73518468585945   ,5.42498199303122   ,200.888246778577   ,1.60583086038482   ,0.551014090610091  ,2.16658572656887   ,62.7236018679316   ,92.1775646036663   ,266.984339874689   ,272.621747256548   ,44.1279644614376   ,0.00278999958024544,5.03376457523077   ,30.4487979730911   ,22.8478942716851   ,16009              ,dec                ,1998               
3.80877176427888   ,4.64993299285074   ,198.678909022987   ,2.65858314990997   ,0.5854126196901    ,2.88308197363854   ,60.568939839681    ,91.7859887161255   ,267.362976015727   ,273.474243662516   ,46.1662517477671   ,0.00280330099543789,4.28498684920867   ,29.708013200442    ,22.3025169056257   ,16057              ,dec                ,1998               
1.91268875595294   ,7.35015024579353   ,208.13148296906    ,2.157569309795     ,0.449675508949005  ,1.0186154219234    ,64.785183450754    ,94.3795559752063   ,265.477226619169   ,271.396274386534   ,48.4085081648877   ,0.00267008814866659,4.38154662754899   ,32.4492413394463   ,24.0276958085182   ,16035              ,dec                ,1998               
5.15719619282508   ,4.68399223531289   ,226.20512717415    ,2.60598646610193   ,0.542052526683835  ,4.49375849031709   ,59.780106901919    ,93.1081346793396   ,263.358508830216   ,270.655221759034   ,53.5022821608271   ,0.00237891860310808,4.59290135053702   ,27.8607409141472   ,22.1453887094787   ,16049              ,dec                ,1998               
6.79280062384244   ,2.41646256568757   ,208.145223684766   ,3.34878681910867   ,0.717304679055477  ,9.16542893869044   ,56.3158560628772   ,86.8417134956455   ,268.55735393939    ,274.944101120784   ,49.0287032088281   ,0.00280525685578947,3.78749754241337   ,24.5148643355956   ,19.3196563617006   ,16069              ,dec                ,1998               
6.54117277935308   ,1.90231620102464   ,197.4368887123     ,3.78279868088478   ,0.592770776117718  ,8.34385319864483   ,57.3290099275342   ,90.0374263006794   ,267.189144895359   ,273.820449757642   ,48.6646284962489   ,0.00271479852112573,3.23307871226601   ,24.5971035274264   ,19.9475544452667   ,16061              ,dec                ,1998               
