bi,pr,th,pdsi,pet,erc,rmin,rmax,tmmn,tmmx,srad,sph,vs,fm1000,fm100,countyfips,month,year
3.47558795086709   ,3.51188752674319   ,190.557216447163   ,-1.77591197783401  ,0.498982755608978  ,2.83802119851565   ,70.2150002082917   ,95.8940686066755   ,270.368021181249   ,275.893154608654   ,46.1807715457606   ,0.00354542599189641,3.41378092331413   ,26.2443419747281   ,23.3989974902665   ,16055              ,jan                ,1992               
4.46734105773579   ,3.26356831665689   ,196.704228596984   ,-0.856323268169012 ,0.605043070547611  ,4.07711647243541   ,65.5025778375616   ,95.229715801282    ,270.028803438557   ,276.208610352634   ,46.9542315254277   ,0.00345112470262703,3.93969945926706   ,25.5470685847822   ,22.7514702552465   ,16009              ,jan                ,1992               
6.01220031243479   ,2.7490291920785    ,189.718428843367   ,-0.475249082744122 ,0.664168447559519  ,6.28277363722663   ,64.6508587148113   ,93.370421994117    ,270.248696741904   ,276.750681851295   ,48.6379518090525   ,0.00343202367135804,3.55375944844177   ,24.6535363883357   ,21.8924500134683   ,16057              ,jan                ,1992               
3.97765424007005   ,3.58119563154827   ,191.804765603084   ,-0.797028848012729 ,0.547983485521408  ,2.83546913615898   ,64.8563685325795   ,95.1980699935796   ,268.332823128392   ,275.37568164527    ,55.1993284995532   ,0.00323460192684383,3.43259358551593   ,27.1169103968317   ,23.0746302386468   ,16035              ,jan                ,1992               
9.24066238903216   ,1.91819163744355   ,214.916657419751   ,-0.638112306547536 ,0.660019858911237  ,8.06001301915827   ,56.4391604972293   ,95.3860713950439   ,265.478639417618   ,274.924791731779   ,64.4974537304653   ,0.00285291424607571,3.81075375648065   ,24.5226047183099   ,21.8149594541296   ,16049              ,jan                ,1992               
12.4116448254275   ,1.11571186345745   ,193.867141876663   ,-1.58679241064186  ,0.809569127708596  ,16.1527042171987   ,58.3759570961597   ,88.841746250144    ,271.530335043841   ,278.442377371769   ,52.4951465844244   ,0.00345265577826071,3.13373337618972   ,20.6384420371866   ,19.0137892990086   ,16069              ,jan                ,1992               
10.8469522310698   ,0.847200340086605  ,180.166092377529   ,-0.975029181853224 ,0.693695556546205  ,13.7800025495758   ,59.5549805403963   ,91.8459707100974   ,270.296655722537   ,277.571425167156   ,53.8799759067239   ,0.00338710554816093,2.68262246406037   ,21.4416108765751   ,19.9671973784235   ,16061              ,jan                ,1992               
6.3940980566199    ,2.58836312347619   ,157.126487637744   ,-1.63836215446679  ,0.760248599369199  ,5.60778309969351   ,63.4927200017993   ,96.864499386446    ,271.750127892155   ,279.897240308507   ,90.2960308950694   ,0.00426295666055708,2.78872488602899   ,25.9376219293077   ,21.4886829316231   ,16055              ,feb                ,1992               
7.04592002075975   ,2.82567971918357   ,169.354897377356   ,-1.18938300736557  ,0.839923332183168  ,6.99958477767348   ,58.8241384245033   ,96.7078195766987   ,271.122979287464   ,280.41388922955    ,92.9304440063838   ,0.00414167511970079,2.94398668385721   ,25.3380291149562   ,21.1311495312169   ,16009              ,feb                ,1992               
8.30074736808759   ,2.55655135416559   ,170.39464937755    ,-1.16988464822372  ,0.935996278705341  ,8.59884929194801   ,56.3427803782054   ,96.9295894363948   ,271.454828981672   ,281.204245142256   ,92.4138802174159   ,0.00417357272717969,2.87464097343385   ,24.5867720678874   ,20.9223398436819   ,16057              ,feb                ,1992               
8.46546043771859   ,2.57417286610683   ,176.684760968352   ,-1.31809837059439  ,0.996637325937548  ,9.20588029420655   ,50.7468151078416   ,94.6779942516833   ,270.226219368499   ,280.457121313032   ,105.822900189982   ,0.0037837620977153 ,2.86956629607117   ,24.8659246021151   ,20.1167328059583   ,16035              ,feb                ,1992               
10.8495157025512   ,1.75484063225988   ,195.695606813594   ,-1.36563974689648  ,1.13670279603793   ,14.1078056091886   ,44.0385428997987   ,94.1229008250161   ,267.854456542359   ,279.747652002265   ,111.753076904154   ,0.00335731335176803,3.28786476574784   ,22.4715424585568   ,19.2330228830624   ,16049              ,feb                ,1992               
13.6650586193381   ,1.21027817032133   ,174.21312833397    ,-1.98082906931453  ,1.15566255977538   ,20.1318603973545   ,48.5046481787475   ,91.5323546717784   ,273.065978773684   ,282.824530240868   ,103.753094232383   ,0.00415813395795925,2.69203753337958   ,19.7771447458916   ,17.9272071302529   ,16069              ,feb                ,1992               
12.3556404135824   ,0.939981151424973  ,164.590096992754   ,-1.57881556069555  ,1.14039846224691   ,20.306728429327    ,46.9277866626996   ,91.2825706176803   ,272.024868484371   ,282.559106230032   ,102.654293148689   ,0.00400598517721057,2.41413704623439   ,19.5343756419568   ,17.6448262503465   ,16061              ,feb                ,1992               
13.4142659764277   ,0.650205973022949  ,161.091739274173   ,-1.81922742131643  ,2.00237921133912   ,17.2924354903634   ,44.00109155286     ,90.8140860972423   ,272.858414103433   ,285.870052279411   ,170.129079088753   ,0.00428712529659241,2.75698072127291   ,22.154959324551    ,17.0691545509998   ,16055              ,mar                ,1992               
13.9879018452149   ,0.704144357434664  ,167.472486853861   ,-1.49760625853811  ,2.07467085226594   ,17.9416511536646   ,42.2006865809223   ,90.5045039349327   ,272.63389957586    ,286.244975894434   ,176.040959503296   ,0.00423322967560274,2.67172356117407   ,22.0888201190579   ,16.9065901244226   ,16009              ,mar                ,1992               
13.6385610843876   ,0.568581985730317  ,192.947242065667   ,-1.5537507648766   ,2.09466346206204   ,18.1602301687387   ,41.0190437452255   ,92.5423501506928   ,272.774597635577   ,286.73871963501    ,176.960997389517   ,0.0043364047763058 ,2.55160972674047   ,21.9149053650518   ,17.0842516956022   ,16057              ,mar                ,1992               
13.1944807413558   ,1.06062420431332   ,197.592374321362   ,-1.78979199049421  ,2.12050790238541   ,18.634067390972    ,38.2580034596398   ,89.7102879408005   ,271.983026251253   ,285.398266481474   ,190.458601161954   ,0.00396266490582139,2.50451498409902   ,21.8592492678981   ,16.5038348249448   ,16035              ,mar                ,1992               
14.1507927484105   ,1.11826971572844   ,203.197730893502   ,-1.83655297866022  ,2.12651119357606   ,21.1889672379133   ,34.9146685462987   ,89.687623336293    ,269.995399264652   ,284.061508207611   ,191.743270549131   ,0.00357920093560734,2.59898301885359   ,20.6389999601209   ,16.2188810538185   ,16049              ,mar                ,1992               
15.7052370317871   ,0.602238763323607  ,206.965198071348   ,-2.24367439895603  ,2.24956003625742   ,25.0933868831574   ,37.3226102533187   ,88.4313624752006   ,274.725177569453   ,287.628390880912   ,181.274445143366   ,0.00443657905912682,2.46488052304292   ,18.9601672936539   ,15.6542033361981   ,16069              ,mar                ,1992               
14.6486770920768   ,0.725932397204569  ,197.827865728821   ,-1.98653133989366  ,2.14452684800392   ,24.8196107813022   ,37.2745224500904   ,88.151588077896    ,273.609085375898   ,286.671576308492   ,180.097592194409   ,0.00422529253920715,2.22446121763655   ,18.8744928936614   ,15.7367696277748   ,16061              ,mar                ,1992               
15.3740264727832   ,2.00789878883888   ,195.273267041116   ,-2.47624124649948  ,2.82028982673653   ,24.9233618437344   ,40.2443034469018   ,88.294150684498    ,274.80220085322    ,287.024846964183   ,188.574904918278   ,0.00464034276466372,4.3569155821012    ,18.1826158399281   ,15.2394697787176   ,16055              ,apr                ,1992               
15.1512957108587   ,2.29797118393157   ,203.656354060728   ,-2.11679918667268  ,2.85871777567403   ,24.2181871209154   ,40.1128677206397   ,88.6297504786204   ,274.596880477514   ,287.201976901022   ,187.236687138424   ,0.00464252026419153,4.43863094398491   ,18.4069331972322   ,15.4090314857588   ,16009              ,apr                ,1992               
13.5064405868395   ,2.32507480711242   ,216.018165845235   ,-2.07049321115017  ,2.88826446932554   ,23.7987839051882   ,40.7027319300969   ,88.5163034464518   ,275.13530859375    ,287.671024424235   ,192.332773141225   ,0.00475245407809659,3.8570726578931    ,18.4789375780423   ,15.4515061620077   ,16057              ,apr                ,1992               
10.2436745957722   ,4.34123476011241   ,218.254856451227   ,-2.09475669279495  ,2.78940552112668   ,17.8475335033775   ,41.224343365393    ,90.1244567443654   ,273.465009412705   ,285.697449415448   ,210.224048693538   ,0.0044322214005981 ,3.76755366441311   ,20.8576444185645   ,17.029788446796    ,16035              ,apr                ,1992               
10.477921331934    ,3.7619507556998    ,239.690387192664   ,-2.02698843958922  ,2.87255997836106   ,19.5214897404665   ,36.6862945190301   ,90.2060702023098   ,271.877738588561   ,285.053112893042   ,214.81416018659    ,0.00408470592694915,3.89809386185152   ,20.2382063017223   ,16.6538131186596   ,16049              ,apr                ,1992               
14.2019082854641   ,1.97235982460294   ,230.031372010593   ,-2.57047891553073  ,3.18787210245821   ,28.9275718938008   ,36.2706342805941   ,83.8830468930875   ,276.906343236369   ,289.143905411175   ,196.685854790427   ,0.00480808176846474,3.60577922213736   ,16.7340615188374   ,14.0537918971397   ,16069              ,apr                ,1992               
11.6843071382113   ,2.14297986290015   ,225.145984881957   ,-2.36759648736843  ,2.9039474672194    ,25.6388657780061   ,38.8563839457909   ,87.4326111428337   ,275.625972951674   ,287.806453551405   ,196.127098203296   ,0.00479233180327962,3.15144788187726   ,17.5618911211156   ,15.0821468291532   ,16061              ,apr                ,1992               
30.1098526535929   ,0.945240176647415  ,195.707733758604   ,-2.89180082287154  ,4.74370901755218   ,42.529401494579    ,28.6410273897937   ,71.3474846823067   ,277.802738166909   ,294.55938727185    ,272.69908980989    ,0.00489945002271711,3.66898333334787   ,14.7188249450272   ,10.6171658458454   ,16055              ,may                ,1992               
30.9447472005799   ,0.931588908470776  ,191.297767950881   ,-2.54812868436178  ,4.8931763563522    ,42.6627592928516   ,28.4135702234753   ,72.0273006531682   ,277.220654200179   ,294.81001468432    ,285.545519271591   ,0.00485441655660623,3.73050827216865   ,14.7487128718843   ,10.6392465393196   ,16009              ,may                ,1992               
28.7626009147972   ,0.864154190848912  ,206.568108937066   ,-2.52615915596485  ,4.90729332185561   ,42.0317489845522   ,29.2690182076731   ,74.3618320914238   ,277.404336124543   ,295.217635945966   ,293.714468179518   ,0.00502454544503933,3.38016382598108   ,14.7216446988813   ,10.9147139470039   ,16057              ,may                ,1992               
22.3819474801266   ,1.52749841551472   ,214.865967830713   ,-2.26821642311801  ,4.63011965866768   ,36.2189628961978   ,29.4512384830666   ,70.864778188146    ,276.886697878041   ,293.318516904853   ,289.640511981106   ,0.00471749609529629,3.2550059726267    ,16.5251754552811   ,11.1687314071166   ,16035              ,may                ,1992               
26.6416423147498   ,1.41813435230529   ,240.367073481621   ,-2.31865491759937  ,4.62111670953959   ,39.9308296313794   ,25.4300038357557   ,72.9802438722088   ,275.151269471421   ,292.287951903284   ,290.096320811579   ,0.00434149117818127,3.36674415666379   ,15.5501584546604   ,10.8017297316135   ,16049              ,may                ,1992               
32.9713227202162   ,0.780217456734343  ,213.423697109261   ,-3.17915424146754  ,5.22045786871835   ,49.7920352745944   ,25.8355407422835   ,63.6857647243524   ,279.802931752188   ,296.265429689079   ,297.420360057831   ,0.00486029907421617,3.2280364589525    ,12.8771043916972   ,9.36153878926285   ,16069              ,may                ,1992               
27.92000314549     ,1.08123100580167   ,210.881907686601   ,-3.06093684700895  ,4.80303566429145   ,44.3615878363731   ,28.6774859147465   ,68.5917461891551   ,278.426849788299   ,294.716739980992   ,293.876044185662   ,0.00494198619437205,2.88101986585316   ,14.0089037173654   ,10.3818033691789   ,16061              ,may                ,1992               
24.4554702233996   ,2.767929662807     ,191.31479571366    ,-3.54585601501831  ,5.05473858868634   ,43.8480211009377   ,31.7146639950809   ,73.1763121239933   ,282.705109333305   ,298.03219318573    ,269.323775856845   ,0.00697511628638079,3.04613822965138   ,13.452229570067    ,11.0497066452016   ,16055              ,jun                ,1992               
26.1893933325881   ,2.06889658214073   ,203.76533587468    ,-3.32154565214876  ,5.05866908989479   ,44.7386442274737   ,30.2670063056419   ,73.4653367939785   ,281.761547424196   ,298.158091883311   ,264.8239811538     ,0.00672155667314052,3.12666403170403   ,13.3820328014607   ,10.9201179415987   ,16009              ,jun                ,1992               
25.2320104323529   ,1.52616192495823   ,217.433931096832   ,-3.41322588920593  ,5.16324477213621   ,44.0160567099253   ,29.9086795158386   ,77.0575204137166   ,281.842852828979   ,298.633760350545   ,278.594004194895   ,0.00683683264868644,2.98074724247058   ,13.4221006965637   ,11.1913324577808   ,16057              ,jun                ,1992               
21.3586494748019   ,2.06398414684022   ,208.092226384945   ,-2.97283088824882  ,4.90110047612079   ,41.5269170898884   ,30.1529626000843   ,71.4680725305999   ,281.280087061984   ,296.824868287294   ,267.401899709023   ,0.00635860108500025,2.87401839233436   ,14.0052888727759   ,11.1053892247017   ,16035              ,jun                ,1992               
18.0485773472716   ,2.41743766832713   ,226.424378395708   ,-3.07708918919247  ,4.80991152794863   ,37.8432650062955   ,29.0616132210226   ,76.7516473907147   ,279.395497564681   ,295.042093351079   ,276.874787605392   ,0.00610128028506179,3.04326801754871   ,14.6371947295463   ,12.0633830620799   ,16049              ,jun                ,1992               
27.1501237999211   ,1.24318204376309   ,243.174452360896   ,-4.19646138260921  ,5.50817290055773   ,52.0451404654831   ,24.5281767329218   ,68.0862765987077   ,284.356218856839   ,299.645868980693   ,281.963879911317   ,0.00635283051252468,2.89212502930679   ,11.4512731371929   ,9.47464989893364   ,16069              ,jun                ,1992               
21.4746895662678   ,1.40542665191262   ,232.966489721811   ,-4.11939428069375  ,5.06176445661498   ,45.6954509669427   ,27.506884111189    ,73.314383474723    ,282.718829942603   ,297.899906488424   ,280.641752661293   ,0.0065528535127278 ,2.5927249762145    ,12.6891434626146   ,10.4798909867762   ,16061              ,jun                ,1992               
17.5481668701429   ,1.95940216706756   ,180.400303867081   ,-3.25482253936747  ,4.86060356251924   ,32.0007447658363   ,36.9195588331021   ,85.8490157143205   ,283.747793173578   ,297.801936522433   ,281.899306521763   ,0.00818809196273834,2.84877124497983   ,16.0806205207159   ,13.8523017523631   ,16055              ,jul                ,1992               
18.6922764109096   ,1.80296980409159   ,208.142175305839   ,-3.24711131814434  ,4.93194617777295   ,32.551150957804    ,34.9429783468871   ,88.6363740976723   ,282.512781057633   ,298.152982353186   ,285.269516669832   ,0.00794221599566576,2.86563302856703   ,15.9012055248676   ,14.0616708144952   ,16009              ,jul                ,1992               
18.7396334198081   ,1.5378769895194    ,221.981668042329   ,-3.53351909915606  ,5.04649610565555   ,33.9808571134075   ,32.6656604023903   ,88.3027756254135   ,282.843649360903   ,298.844247658022   ,289.342738962481   ,0.00784300336441506,2.68345883198323   ,15.6108843432703   ,13.7230515283154   ,16057              ,jul                ,1992               
14.1242267953568   ,3.11002717173694   ,217.615152745872   ,-2.75226242648119  ,4.82082337587777   ,26.1705259674203   ,35.874320913644    ,85.1143765798461   ,281.624069871547   ,296.696081398113   ,294.204758146227   ,0.00739893379310238,2.63278774939788   ,18.326199977466    ,14.9050745333655   ,16035              ,jul                ,1992               
13.8114187028473   ,2.91356408349152   ,240.580778740041   ,-2.69007017382316  ,4.78034998106641   ,25.033988598494    ,33.5857322208396   ,88.3177102935112   ,279.619770091631   ,295.670990950077   ,296.354261511724   ,0.00710720860814893,2.77749276833129   ,18.8437590444089   ,15.0691294495486   ,16049              ,jul                ,1992               
19.0117113945719   ,1.8447305934993    ,236.154928857836   ,-3.98890249890652  ,5.4318054983775    ,39.5200851719112   ,26.2832530569327   ,77.3760683995106   ,285.032338675248   ,300.165153357332   ,285.80981598111    ,0.00694525244217466,2.66563226638096   ,14.2774984547449   ,11.9740369810983   ,16069              ,jul                ,1992               
15.1309012289037   ,2.36851862509532   ,226.78288328298    ,-3.88756910270239  ,5.04016700851793   ,32.2124036880723   ,28.7583605225517   ,81.6450443064426   ,283.27453902104    ,298.312129713001   ,289.874851073242   ,0.00690389128518074,2.34375451307747   ,16.3518925699607   ,13.361778361484    ,16061              ,jul                ,1992               
34.201482098579    ,1.70202088885758   ,158.432923673143   ,-2.97117657671249  ,4.99970134295554   ,48.9354979728902   ,26.111526551798    ,71.9857819280064   ,282.688791566457   ,299.284180436969   ,252.587408734495   ,0.00628836602871387,3.26767122177398   ,12.8829595330827   ,10.3292957879024   ,16055              ,aug                ,1992               
35.3380559091461   ,1.7001516725708    ,185.740641760922   ,-3.02245297798744  ,5.05216579774928   ,48.5025601653703   ,24.4186447245129   ,75.6845674225337   ,281.320292927741   ,299.806525148675   ,256.302200649412   ,0.00613521121938822,3.21793116231209   ,13.1791964902476   ,10.6708444044503   ,16009              ,aug                ,1992               
35.4643626222507   ,1.45027509464372   ,205.943230666893   ,-3.34946817040443  ,5.09119933526362   ,49.5444289687372   ,23.0433531347398   ,78.1360423875624   ,281.506491713985   ,300.469587599231   ,259.661763054632   ,0.0061206092521353 ,3.0184676002687    ,12.9297075185468   ,10.7575184142205   ,16057              ,aug                ,1992               
33.0528054235219   ,1.13411258825894   ,191.138090768648   ,-2.30609028052914  ,4.87390429724176   ,48.8353229314058   ,24.55259423346     ,67.2924401887416   ,281.140770170265   ,298.715873113134   ,260.264312408016   ,0.00575231151213219,2.83660047675662   ,13.5136603884699   ,9.59392144643764   ,16035              ,aug                ,1992               
33.7879087427747   ,0.668217326683964  ,221.892159911356   ,-2.32051193329436  ,4.91368679044008   ,49.8021150349644   ,20.7191221600986   ,69.9516263942461   ,279.395072504591   ,298.137312485098   ,260.338377127375   ,0.00534152141912572,2.94822553369972   ,13.3137010790916   ,9.52205400899167   ,16049              ,aug                ,1992               
41.4141997676638   ,0.905081366125686  ,226.377514094716   ,-3.52402624535688  ,5.47802269553365   ,60.7791227535151   ,18.1374202356969   ,62.8197654048307   ,284.763580846071   ,301.910583432921   ,258.607671351068   ,0.00545406430182609,2.89280971048288   ,10.765351493132    ,8.32049920465569   ,16069              ,aug                ,1992               
35.8825008760034   ,0.719665778736787  ,213.893248447607   ,-3.53478124647429  ,5.07536726114242   ,55.7342731635496   ,19.2084230320259   ,67.3620149184786   ,282.988898240417   ,300.577295912008   ,258.982643930857   ,0.00545678177530155,2.58850668208245   ,11.7961137545837   ,8.92361551378607   ,16061              ,aug                ,1992               
25.5603458054285   ,1.94462151491021   ,222.974510425207   ,-2.26316273637596  ,3.25450488503905   ,37.0686976710138   ,31.7536748504115   ,83.8274572997754   ,277.67686187786    ,292.192392114291   ,173.86656500106    ,0.00526533044803765,4.52208628525296   ,14.5193432530585   ,13.9803582016169   ,16055              ,sep                ,1992               
25.7720251999064   ,2.07908282191208   ,227.703587245001   ,-2.25088978189924  ,3.37211844058197   ,36.1178275838171   ,29.8545756229047   ,84.9662424128907   ,277.081470244218   ,292.630617052187   ,177.462945565669   ,0.00516501343115628,4.65548527948485   ,14.9110576524302   ,14.2417058019243   ,16009              ,sep                ,1992               
24.6254728180307   ,1.8375819145143    ,233.582497599284   ,-2.6768267818292   ,3.41705639661352   ,36.6323895654678   ,29.1627401747704   ,86.5607551091512   ,277.612797938029   ,293.544937678019   ,181.945033237457   ,0.00538333269100015,4.11649318213264   ,14.662595975558    ,14.3917312876383   ,16057              ,sep                ,1992               
18.0534627350153   ,3.30469202353259   ,232.519831692895   ,-1.71821842469154  ,3.09645493959902   ,32.1897952570388   ,32.4500178392879   ,84.6145982423746   ,276.836182724547   ,291.501267493519   ,175.581691169067   ,0.00521023907007747,4.00935510570647   ,15.587232266252    ,14.980162747533    ,16035              ,sep                ,1992               
24.3775680483272   ,2.58016741333804   ,246.083303379018   ,-2.09898111049816  ,3.28411266160786   ,37.3733037108708   ,27.4134501174666   ,83.9012317250824   ,275.433300560453   ,291.309042816194   ,182.971864541392   ,0.00475719703652539,4.03787164817669   ,14.6053588428374   ,14.1734665025405   ,16049              ,sep                ,1992               
33.5642661055537   ,1.3292161759766    ,243.074064078645   ,-3.04585640761942  ,3.82314186410683   ,50.3676847243691   ,24.3959606264152   ,75.800278337584    ,280.254999750311   ,295.358452789796   ,184.669627706762   ,0.00515202444518622,3.76238979854473   ,11.5591893587945   ,11.569731167761    ,16069              ,sep                ,1992               
27.5688973959104   ,1.52032195540663   ,237.924394974301   ,-3.26804361757168  ,3.39011772233921   ,44.3800271310097   ,26.4263412545207   ,82.8458467394196   ,278.792129722574   ,294.309143427909   ,181.984408572489   ,0.00536124766698446,3.25498919069931   ,12.720540947034    ,13.0170551854388   ,16061              ,sep                ,1992               
17.932365490651    ,1.24173545302915   ,202.566371608948   ,-1.90502528480378  ,1.61953235848735   ,27.3468244450826   ,41.8076825918595   ,90.6787839910035   ,275.3968593446     ,286.820633998006   ,109.244673127468   ,0.00511830078818588,3.30982267855015   ,16.7831592224326   ,16.7001092681115   ,16055              ,oct                ,1992               
19.8850427678302   ,1.20968825522669   ,209.95024089533    ,-1.82438700121535  ,1.74780501889168   ,28.1363995112998   ,38.3264460664688   ,91.583776684794    ,274.771389967978   ,287.469642361013   ,113.074788679169   ,0.00499303561206363,3.4787988348029    ,16.8369999612691   ,16.6501825774619   ,16009              ,oct                ,1992               
19.3610060817192   ,1.10910472162789   ,215.86151149244    ,-2.25226496338844  ,1.77604736913116   ,28.5849191049607   ,36.5647716725257   ,92.5786255934931   ,275.039342858099   ,288.131543377292   ,118.969831054441   ,0.00499684100411081,3.13775069123314   ,16.7408057620448   ,16.7075324455384   ,16057              ,oct                ,1992               
17.5098603206205   ,1.83829553766363   ,222.251953969075   ,-1.12172017049588  ,1.71819473202444   ,27.7579660463453   ,38.185000143589    ,86.9614539035531   ,274.526476760861   ,286.50128968767    ,121.694655261456   ,0.00467462282479227,3.14160520021257   ,17.1807724261263   ,15.9627403931005   ,16035              ,oct                ,1992               
20.1047563298093   ,1.61734175116418   ,233.196217418966   ,-1.65397643444871  ,1.8902490076798    ,30.6428670104527   ,32.7058502142675   ,87.3576860345423   ,272.806202568227   ,286.079397424551   ,133.74049797726    ,0.00429823198238782,3.42876385570243   ,16.4052291269524   ,15.6886259460576   ,16049              ,oct                ,1992               
22.74184995213     ,0.890435139814574  ,227.456766633881   ,-2.65278007979911  ,2.02107621275167   ,39.2603022693169   ,31.243846151116    ,83.3107845207031   ,277.348484494017   ,289.479637610577   ,126.017281011279   ,0.00478103036442969,2.81549596138734   ,13.7733064205334   ,13.8090606765622   ,16069              ,oct                ,1992               
19.4814211404856   ,0.975666257436356  ,219.502346858251   ,-2.84886995163174  ,1.8550247533882    ,35.3330819913782   ,31.5094670809545   ,85.2320562503523   ,275.962543980785   ,288.625301636686   ,126.81959564811    ,0.00465475682368945,2.50415259791959   ,14.8499163551605   ,14.5062395450243   ,16061              ,oct                ,1992               
1.98146110299658   ,4.26905151463749   ,179.85308409998    ,-1.78737205831112  ,0.348074164010103  ,2.77342255352789   ,72.3540868803634   ,98.3328856176473   ,270.704577276703   ,275.77521400818    ,55.0625979396051   ,0.00391586051240758,3.14258741612951   ,25.5751609462115   ,24.5660409396241   ,16055              ,nov                ,1992               
2.4183709490214    ,4.10961371566182   ,193.268674867299   ,-1.71015798398964  ,0.397534897075176  ,2.93909159316741   ,67.7919800414136   ,98.3230730075573   ,270.217995559722   ,275.842688210993   ,55.3968395481448   ,0.00380401359402613,3.62026960038574   ,25.5682497743084   ,24.3147193656635   ,16009              ,nov                ,1992               
3.19373792328468   ,3.78188586237033   ,199.153993101339   ,-2.07331145246824  ,0.489106229679969  ,4.147345040616     ,64.5108244838715   ,97.4758499806722   ,270.479391947428   ,276.608178268433   ,59.5387677838008   ,0.00376115953871825,3.44836572260658   ,24.9655304889679   ,23.6309769538244   ,16057              ,nov                ,1992               
2.84425067275335   ,4.69821698613743   ,204.06724326062    ,-1.08334177854412  ,0.460371360159528  ,3.4453699621867    ,65.5419817945334   ,96.649527233734    ,268.450455797987   ,275.099301846419   ,58.3194449791024   ,0.00342234846499372,3.29711928361104   ,25.6828657292748   ,23.7838972742243   ,16035              ,nov                ,1992               
5.30319666708095   ,3.16716369991591   ,225.499783461442   ,-1.50923329618452  ,0.49095626612208   ,6.46082205239562   ,61.5928038641385   ,97.6697380149312   ,265.802377593346   ,274.365256461009   ,64.5918706039129   ,0.00319467486304593,3.63390519019839   ,24.0271927248407   ,23.112725899772    ,16049              ,nov                ,1992               
6.48833717094276   ,2.23066047525926   ,204.591892980892   ,-2.38300906092513  ,0.712791779910259  ,13.6718554638457   ,56.8572146499008   ,92.6100489658893   ,271.585206992953   ,278.481309506557   ,61.1729698808435   ,0.00370016509364899,3.20473026848944   ,20.4066898556742   ,20.4619986330124   ,16069              ,nov                ,1992               
5.6914361978196    ,2.05919633906735   ,194.589577133137   ,-2.57099280311385  ,0.620440531060223  ,12.0545697856955   ,58.4602694892358   ,94.2990697435111   ,270.081382453015   ,277.23554777035    ,60.8922345326952   ,0.00351673320095188,2.73731569706901   ,20.9896570539343   ,20.9937800026465   ,16061              ,nov                ,1992               
3.84707474642534   ,3.87010695991938   ,171.892241804767   ,-1.80012561080387  ,0.285685961258908  ,2.35276155245017   ,73.9355064172313   ,95.5788230833203   ,265.009981123476   ,271.479934110498   ,44.4824524802272   ,0.00255851626456223,3.97759879395795   ,27.9283261954539   ,24.1705543706447   ,16055              ,dec                ,1992               
3.81866044524756   ,3.65449074308077   ,184.62483319164    ,-1.736667728283    ,0.365877253281897  ,2.72759534076841   ,69.2512101890067   ,95.5819894237631   ,265.280945763221   ,271.80445289988    ,44.5568869438397   ,0.0025395123936471 ,4.38324207683522   ,27.5437483574982   ,23.721858810485    ,16009              ,dec                ,1992               
4.00525890633122   ,2.71836202857892   ,188.753109867573   ,-2.08527751982212  ,0.453406734315058  ,3.70960616760356   ,63.887127161026    ,95.669337899526    ,265.93323063151    ,273.020207173665   ,46.6257742007573   ,0.00257898836978711,3.93231600044171   ,26.4881479625702   ,22.8765595591863   ,16057              ,dec                ,1992               
2.51052962508016   ,5.19578106261585   ,192.357388013782   ,-1.25117415062154  ,0.355474928000429  ,1.92057603860347   ,67.3643538206879   ,96.1679708963385   ,264.554800848393   ,271.403462841848   ,51.5107434600067   ,0.0024777442320162 ,3.93103871831514   ,28.8871248633026   ,24.3712728130725   ,16035              ,dec                ,1992               
4.27551389784003   ,3.77078617943275   ,213.416272157158   ,-1.57575429016974  ,0.446741620722445  ,4.3931614093145    ,59.5294536699783   ,95.5086569349046   ,262.038499275317   ,270.591407985556   ,56.0636947287338   ,0.00219172476711223,4.32566780662527   ,26.6135812626167   ,23.174704457203    ,16049              ,dec                ,1992               
9.43040804222605   ,1.0169758629512    ,198.089298448206   ,-2.36781367197394  ,0.608140243297698  ,14.6767925540749   ,58.339354949244    ,87.4666363034444   ,267.866872018416   ,274.726511302819   ,50.5434158738284   ,0.00264263158176865,3.54828791096142   ,21.0455776778984   ,18.7020315713423   ,16069              ,dec                ,1992               
9.01158269502058   ,0.744281301165087  ,185.997998917004   ,-2.54593896126944  ,0.490786546873078  ,12.6971518935499   ,59.6247480324149   ,91.2290879409832   ,266.378247511682   ,273.65108735476    ,51.3841611171229   ,0.00255586581486508,2.95966637385778   ,21.7610805211974   ,19.8485210665658   ,16061              ,dec                ,1992               
