bi,pr,th,pdsi,pet,erc,rmin,rmax,tmmn,tmmx,srad,sph,vs,fm1000,fm100,countyfips,month,year
1.30409756476117   ,4.72201488885178   ,206.193595871039   ,-0.48805699038571  ,0.402043553892873  ,0.449415755918058  ,74.387339532858    ,96.8104977634946   ,268.958768163246   ,274.477675708977   ,48.7798228803802   ,0.00333539614183837,4.18406873812448   ,30.0954598027144   ,24.5870357064253   ,16055              ,jan                ,2002               
1.52544088942401   ,5.10305507964216   ,213.019631680152   ,-0.451290013861918 ,0.437714793149252  ,0.689023513956697  ,72.8744023230768   ,96.9527406002597   ,269.082069398429   ,274.417194906003   ,49.2950328478128   ,0.00335352618136522,4.73749766827176   ,29.5628554287201   ,24.615739131752    ,16009              ,jan                ,2002               
1.65340607655625   ,4.49187160224834   ,209.391777220695   ,-0.648370072268881 ,0.425774025290363  ,0.832596443739059  ,71.605740211856    ,98.2806716512865   ,269.175427743235   ,274.872827419158   ,49.6890057739135   ,0.00341105899811091,3.88419384648723   ,29.4007460911043   ,24.8784180167414   ,16057              ,jan                ,2002               
1.00943400792425   ,7.11947785660028   ,210.152893784963   ,-0.886245765546737 ,0.442685367671637  ,0.481247931713046  ,71.6350752238581   ,95.540682974449    ,268.230103247733   ,273.676698709798   ,56.4165053661918   ,0.00321535668784193,3.99108324674957   ,30.3195341537929   ,24.6554398087584   ,16035              ,jan                ,2002               
3.94061794001736   ,4.34728826834596   ,228.406038804974   ,-1.59262220344797  ,0.606460818815391  ,4.91729103533802   ,61.5900705533943   ,90.7510864559262   ,265.658247962277   ,272.777795293143   ,64.5430243335272   ,0.00268840155832794,4.32283337821419   ,26.2278197057296   ,21.6610769256017   ,16049              ,jan                ,2002               
5.28738991748326   ,2.11671693888076   ,212.679375432412   ,-0.882809182385783 ,0.53644386175117   ,5.64975126392651   ,67.7529698589536   ,94.6397910099184   ,270.389334151719   ,276.181412980292   ,52.4587309633182   ,0.00348488936128523,3.428401371138     ,24.9253359811561   ,22.0369545824881   ,16069              ,jan                ,2002               
4.17698899872444   ,1.94442513278593   ,200.682482002195   ,-1.183454950698    ,0.437543980268773  ,3.96002348815625   ,69.4858443433842   ,97.1468017779487   ,269.03045452121    ,275.046976755092   ,54.523862162961    ,0.00337924440553058,2.87662824936722   ,25.0824658898028   ,22.8929690132456   ,16061              ,jan                ,2002               
6.08898422918964   ,2.57198570645099   ,210.147307130228   ,0.355128133212138  ,0.802200633474023  ,4.44513578856369   ,56.2168566699872   ,94.6825607799909   ,267.194500702819   ,276.241590998861   ,86.7296465313624   ,0.00297813398581078,3.79218351303094   ,27.9272020447612   ,21.262194581343    ,16055              ,feb                ,2002               
5.71708087405837   ,2.64490415771915   ,217.275887718895   ,1.13722072597556   ,0.851300792115176  ,4.18998087835229   ,54.4490873049803   ,93.9368351608238   ,267.292480875049   ,276.166945753315   ,88.9521609392593   ,0.0029646117054792 ,4.23781944762219   ,28.2940760069949   ,21.0170235803141   ,16009              ,feb                ,2002               
5.51502359973001   ,2.41240243518858   ,213.069767198669   ,0.832007381618023  ,0.892491771482996  ,4.53220741456907   ,52.6829770459448   ,94.8960345554352   ,267.429797537667   ,276.878827939715   ,89.7681868648529   ,0.00300607237191538,3.92916934202824   ,28.0347149082593   ,20.9552900104863   ,16057              ,feb                ,2002               
3.34999000854684   ,3.47629986667445   ,212.324490462787   ,0.315683231853773  ,0.962735745515781  ,2.61436281727318   ,50.2399025939088   ,92.3915698769517   ,266.424762391713   ,276.327176123146   ,99.3078176584247   ,0.00278488125769018,3.90286439538398   ,29.3443016063335   ,20.8753769741214   ,16035              ,feb                ,2002               
9.11238384683626   ,2.24851200846375   ,229.413222141834   ,-1.26124195994659  ,1.11356755290348   ,9.9063638925995    ,43.1285131560328   ,92.8956150759699   ,263.487176672019   ,275.829183708008   ,108.247339913515   ,0.00238338743982166,4.26563980783381   ,24.9186511811345   ,19.4589925313321   ,16049              ,feb                ,2002               
12.9879473802826   ,1.23031981699891   ,217.111162545574   ,-0.427815642159718 ,1.12007499695667   ,15.4303652750872   ,48.1963409980442   ,89.108508069976    ,269.209670740744   ,278.832329390885   ,100.521435327435   ,0.00306347293398481,3.5819924243358    ,22.426335191071    ,17.9380101056569   ,16069              ,feb                ,2002               
10.9714887657301   ,1.03304401809779   ,206.733407521614   ,-0.910506835924436 ,0.96943385605266   ,13.2927325720863   ,49.3686189372818   ,92.3751250428039   ,267.720471270673   ,277.573572287171   ,97.5323737965283   ,0.0029273636885762 ,3.02800218449573   ,23.015817600552    ,18.9272843455762   ,16061              ,feb                ,2002               
6.38895204464278   ,3.4868862489231    ,195.302322534867   ,0.686507795971853  ,1.38568001628697   ,6.77284183179559   ,50.7324253843392   ,94.7521481156333   ,268.832426917105   ,277.775363105299   ,128.144256677885   ,0.00311657261954848,4.89291451163427   ,25.6197276417357   ,20.0081271018764   ,16055              ,mar                ,2002               
6.92052971203777   ,3.8176249675554    ,204.22475775213    ,1.51263570033117   ,1.38193320333787   ,5.79997047954201   ,51.2311440912179   ,95.0171562044828   ,268.903407449826   ,277.626776875647   ,132.254355294988   ,0.00316202642046691,5.06010390067515   ,26.4188934023268   ,20.4117497103568   ,16009              ,mar                ,2002               
6.71433011110031   ,3.45999016263492   ,218.359586068892   ,1.35308995763461   ,1.37858728481877   ,5.92049955838525   ,52.4062543253745   ,95.8396540192635   ,269.384113922119   ,278.388695368613   ,133.283649663002   ,0.00333581528615116,4.1998622657599    ,26.0890644811815   ,20.6000049477239   ,16057              ,mar                ,2002               
3.72530559373306   ,5.89405466118189   ,215.250998288948   ,0.888365661776595  ,1.47686877372539   ,3.26390862768714   ,48.3490199176398   ,94.317540933952    ,268.803979116727   ,277.835859056109   ,143.263755829039   ,0.00312653961784032,4.26519110055556   ,27.787320626121    ,20.9415774819861   ,16035              ,mar                ,2002               
7.03155061007083   ,3.8428633916091    ,233.683313500275   ,-0.979136427596844 ,1.62536711325834   ,9.51958907530499   ,42.4414273282565   ,91.5464779891733   ,266.392546365345   ,277.275539306498   ,155.060574756624   ,0.00274217332938574,4.57095918641152   ,24.3962610427527   ,19.1389366764388   ,16049              ,mar                ,2002               
9.7840580876961    ,2.34024873931851   ,222.183343532971   ,-0.0243777059443601,1.57255347573039   ,14.0156725359388   ,49.5862070642629   ,93.1911918807281   ,271.082076057722   ,280.377424576045   ,136.087545923967   ,0.00358876077910027,3.84334215135724   ,21.7642723647442   ,18.8046617317101   ,16069              ,mar                ,2002               
7.30440244489203   ,2.44445436190162   ,212.658551013746   ,-0.521029278751803 ,1.42450745399397   ,11.2156851106622   ,50.2614882750627   ,95.2207808315325   ,269.784005226373   ,279.084893621467   ,133.097725950346   ,0.00342986959177217,3.21471563775328   ,22.7192153516244   ,19.6344325882503   ,16061              ,mar                ,2002               
15.8529186139463   ,1.97336262165772   ,203.717215179661   ,1.13536134603419   ,2.63423025384034   ,21.2368048530527   ,38.8786028313866   ,83.052218811077    ,273.143641262813   ,285.034299777728   ,186.403648848462   ,0.00378338332052901,4.19029219377842   ,21.0255119381291   ,14.7671126543576   ,16055              ,apr                ,2002               
13.1425592546544   ,1.93239665964887   ,214.647205959853   ,1.86731460367199   ,2.61292211849544   ,19.313331920921    ,39.6262644416012   ,85.6286252309585   ,272.641425156452   ,284.914814532579   ,188.225922145505   ,0.00380497856214422,4.27099607597441   ,21.3106612023047   ,15.2090075381879   ,16009              ,apr                ,2002               
10.8297693071564   ,1.73081955765095   ,227.740104058059   ,1.77375845770041   ,2.62826139547427   ,18.0837576814443   ,40.960777276357    ,88.027187886556    ,272.936468653361   ,285.486551630656   ,198.426550816854   ,0.00399153123799867,3.62020951096217   ,21.4149109385808   ,15.6556681656837   ,16057              ,apr                ,2002               
8.29178304489888   ,2.74480965359565   ,213.114402009955   ,1.58842960043093   ,2.54740319729607   ,13.150266235668    ,39.229710782826    ,85.7968643234178   ,272.226722208659   ,283.61363003968    ,204.658282000788   ,0.00367664032788991,3.58113244639643   ,23.9142808484729   ,16.0537180819253   ,16035              ,apr                ,2002               
13.0285623629328   ,2.43710773139224   ,226.138989550679   ,-0.316321718436225 ,2.65987773780125   ,19.0689700893451   ,35.7393983799444   ,85.6583554149741   ,270.358103861542   ,282.986091783418   ,214.815024837404   ,0.00337864271904742,3.72235123208729   ,21.6513032822963   ,15.5158558649543   ,16049              ,apr                ,2002               
15.4162822831721   ,1.32125546463289   ,242.821786532003   ,0.735329795499297  ,2.85968673954885   ,24.7419921483586   ,39.5034979789652   ,84.2185918634588   ,274.908872863443   ,287.049599139916   ,204.022922037162   ,0.00426299499238654,3.34735595972249   ,19.0389252167972   ,14.4854403741432   ,16069              ,apr                ,2002               
12.4408233452516   ,1.61577862677518   ,242.936457733149   ,0.452206179430354  ,2.61115731798913   ,20.3923047658169   ,41.0027114615953   ,87.1758579175334   ,273.59593859796    ,285.626228164379   ,200.468949272219   ,0.00413232070769725,2.87377837300301   ,20.5762107620555   ,15.6029716070033   ,16061              ,apr                ,2002               
17.4201772676969   ,2.80994247141152   ,212.739616923503   ,1.06258396764474   ,3.5119221072328    ,29.331524701133    ,39.4933717748677   ,80.4765638460063   ,275.901013583851   ,288.611846340457   ,231.936015886788   ,0.004810683027776  ,4.05816622853643   ,17.0019377877192   ,13.6370824435057   ,16055              ,may                ,2002               
15.9407073464653   ,2.46563481616639   ,218.519751097597   ,1.6426981343085    ,3.64724568620759   ,27.7800939237373   ,38.3703026062524   ,81.9806218832635   ,275.525611680845   ,289.127798512592   ,240.085959789657   ,0.00482462123998105,4.15908840188864   ,17.4923221468357   ,13.7705689444982   ,16009              ,may                ,2002               
15.5985511552855   ,1.92798820073476   ,239.422202078104   ,1.52318880329529   ,3.68469620381632   ,27.8415211320692   ,40.177555847168    ,83.4051759313768   ,276.079504123811   ,289.735097587339   ,247.08407764804    ,0.00509338126683067,3.70517798416076   ,17.4256012052105   ,13.8312532263417   ,16057              ,may                ,2002               
12.4549379244986   ,3.45456939228472   ,233.266488902567   ,1.3553483108711    ,3.56872969357678   ,24.9586195471927   ,38.5481368625976   ,78.1949348401578   ,275.636236167252   ,288.041763486734   ,241.118184069173   ,0.00467101357308349,3.68944780758521   ,18.6564596587262   ,13.720790757543    ,16035              ,may                ,2002               
14.8574128651839   ,2.93339541118447   ,242.246126535928   ,-0.453684896722478 ,3.66517795650121   ,29.33909142669     ,33.3357693497186   ,75.9809906323065   ,274.179314915426   ,287.492644875677   ,245.082018478669   ,0.00425473812474621,3.73144378472791   ,17.3878178815839   ,12.8177959070765   ,16049              ,may                ,2002               
19.5960300515348   ,1.47153398432507   ,246.405613155494   ,0.492431390552438  ,3.91746758847107   ,35.1904286489376   ,38.2259119013085   ,76.3205616417806   ,277.965540189876   ,291.000063404125   ,245.955071299739   ,0.00523342489772096,3.46259862391192   ,15.3021130780629   ,12.2625936128486   ,16069              ,may                ,2002               
16.1802724320963   ,1.89420543151707   ,244.076686395959   ,0.160625238086997  ,3.6102427932079    ,30.2845531320991   ,40.3428142441333   ,79.1523106879344   ,276.658928403598   ,289.527518528425   ,241.96811837522    ,0.00512198799113355,3.03124559028916   ,16.7600167337274   ,13.268488081701    ,16061              ,may                ,2002               
24.2259827652136   ,2.1032723863245    ,188.486043623192   ,0.929036184348197  ,4.69807790162959   ,35.4479500812431   ,37.1089431307443   ,76.9591117126297   ,280.79799370576    ,294.753017443329   ,262.895343101303   ,0.00652408403129188,4.11975299288379   ,15.9160582767429   ,12.0136716233032   ,16055              ,jun                ,2002               
23.8369691097936   ,1.81215187955567   ,203.141866788904   ,1.43536071758534   ,4.61637927253806   ,34.2631363501916   ,38.1056968267618   ,80.5339385241446   ,280.123550511347   ,294.782742556359   ,260.592234395947   ,0.00663089358943094,4.11496250850444   ,16.1853255444965   ,12.4596826974692   ,16009              ,jun                ,2002               
21.8685186907997   ,1.76490537467366   ,228.110139936407   ,1.3193932869037    ,4.53321792924404   ,32.0877144931157   ,40.8106884924571   ,84.5015125783284   ,280.356166275024   ,295.006544225057   ,273.772783602397   ,0.00704398390755523,3.42867204028368   ,16.7886740611394   ,13.3155359320641   ,16057              ,jun                ,2002               
18.6160064418596   ,2.59936054468958   ,231.967846374267   ,1.28018535731506   ,4.34665712821307   ,29.879519472801    ,38.6086596040679   ,76.7135422752977   ,279.998768433994   ,293.3351570909     ,257.297936638045   ,0.00629265478021617,3.32062495383181   ,17.7166223737705   ,12.8385571748291   ,16035              ,jun                ,2002               
18.1011427736307   ,2.63435544778966   ,230.799737839336   ,-0.593704950582309 ,4.45984877455664   ,31.5247054717751   ,35.1637457335117   ,79.3322891455751   ,278.162965499811   ,292.798745382842   ,273.779668828077   ,0.00598130401595419,3.23890647293875   ,16.9314457480172   ,12.971429329665    ,16049              ,jun                ,2002               
25.3806850441743   ,1.81376439977094   ,237.622723066913   ,0.365271684175837  ,4.93167495600042   ,38.4148161376436   ,36.9082908327779   ,75.4932455838045   ,282.476773063129   ,296.368754936667   ,281.181050055465   ,0.00696028936745635,3.15774730725509   ,15.2654780841766   ,11.864532250984    ,16069              ,jun                ,2002               
21.084887444074    ,2.05539078753667   ,236.693386825221   ,0.160383632119884  ,4.52725739088269   ,32.9881430755962   ,40.0175235716765   ,79.8031330550013   ,280.95439245471    ,294.62148540066    ,278.692559383592   ,0.00687869431899306,2.73819464840836   ,16.8073927335503   ,12.86515816946     ,16061              ,jun                ,2002               
41.1674611266195   ,0.504972987527518  ,182.966158112481   ,0.808451929411995  ,6.09197704165038   ,52.0388644094504   ,29.5241913825222   ,67.0038887382456   ,284.417531072104   ,301.017804902245   ,309.444499224571   ,0.00732592602685582,3.61109954353729   ,12.747383446708    ,9.23066826200922   ,16055              ,jul                ,2002               
40.0878680996237   ,0.317377333630443  ,193.867624484007   ,1.21197748802881   ,6.08607709587565   ,51.4572562403205   ,29.1422858219107   ,72.7304548753948   ,283.314434729407   ,301.368563919082   ,309.966293614565   ,0.00736783257350333,3.60681308263539   ,12.6970971186303   ,9.63651416264865   ,16009              ,jul                ,2002               
35.8691032341219   ,0.217656733334335  ,215.942010344382   ,1.18778672001499   ,5.96096495028465   ,48.4434408581641   ,29.9108560092988   ,78.6186556403868   ,283.359143494637   ,301.955160635671   ,311.966977435696   ,0.00777072314165472,3.15183891380987   ,13.2914239220465   ,10.3861746138142   ,16057              ,jul                ,2002               
36.4295063641857   ,0.441527999167763  ,208.352220647833   ,1.16386802366346   ,5.88152737748547   ,50.9154198861241   ,29.4795344161571   ,64.1592827932023   ,283.867092844101   ,300.558783668487   ,313.78323015542    ,0.0071786962656483 ,3.04380447705755   ,13.033704600555    ,9.01020876744886   ,16035              ,jul                ,2002               
28.799177846497    ,0.834531326366952  ,202.964403701255   ,-0.634931380041637 ,5.82798582035502   ,46.8240978853512   ,25.8878342731915   ,66.0356819182193   ,282.30980054617    ,300.230271960782   ,309.324639828291   ,0.00671670548139381,2.94692665881949   ,13.5939574120294   ,9.46446397644117   ,16049              ,jul                ,2002               
41.1148054707916   ,0.289554806815437  ,226.123881837235   ,0.329352515514779  ,6.33565540064485   ,57.9652134202895   ,25.6721335324374   ,63.0426256424274   ,286.248905752411   ,303.668537602499   ,310.028161011216   ,0.00739074040521421,2.97575190469522   ,11.4742062585774   ,8.27603780197155   ,16069              ,jul                ,2002               
35.7719283435932   ,0.327035624224278  ,217.5600222257     ,0.0217838811835007 ,5.87292362352715   ,52.3636389238871   ,28.5589102117324   ,69.1401925662841   ,284.413996095182   ,301.958162946912   ,312.019372741244   ,0.00752469530482798,2.60825884029154   ,12.6261867870493   ,9.2605739791563    ,16061              ,jul                ,2002               
40.6130884624281   ,0.810495001805303  ,216.762649124431   ,0.292884642822957  ,5.00777707035982   ,57.355148060205    ,25.3296907407962   ,70.6259781723397   ,282.016083756212   ,298.514173626441   ,252.753708987665   ,0.00593879949428823,3.37085909492448   ,10.5229799224294   ,9.72495796695326   ,16055              ,aug                ,2002               
37.0907713279176   ,1.08504253748174   ,227.218988997082   ,0.753763021170152  ,5.00430692646153   ,52.3079563125578   ,25.1192776555664   ,75.6957012933046   ,280.876541140608   ,298.454386595165   ,252.862037597528   ,0.00591624876233445,3.44735708036912   ,11.5034561031623   ,10.7181335430287   ,16009              ,aug                ,2002               
33.3943633628492   ,0.945459811567299  ,239.178807283082   ,0.896397686770457  ,4.89814411074885   ,47.8471060989749   ,26.1596494014802   ,83.563244837484    ,280.821375894854   ,298.653666642712   ,256.184038341891   ,0.00637353831259984,3.24299641813963   ,12.3210480674621   ,11.967457010746    ,16057              ,aug                ,2002               
33.0231879036933   ,0.901016523786064  ,228.856903606872   ,0.737656699376374  ,4.69137883702591   ,52.3529961541186   ,28.2859622887291   ,70.1090780567897   ,280.917590193003   ,296.694836813521   ,253.977036246221   ,0.00588536408309635,3.21858169303977   ,11.1787197119476   ,10.360866446405    ,16035              ,aug                ,2002               
31.4203542661863   ,1.13958785501905   ,238.204375480941   ,-0.785674013572978 ,4.70933882649148   ,51.8748996914897   ,24.9763838448993   ,68.1822602793402   ,279.166313136492   ,295.91399414643    ,254.434492611995   ,0.00528058528259924,3.2932293321323    ,11.4340031606009   ,10.1499782529811   ,16049              ,aug                ,2002               
40.2206976715027   ,0.741578173057808  ,249.041695491413   ,0.0709389164245317 ,5.25539394668696   ,59.9669548874994   ,23.0699519304154   ,69.2940260304939   ,283.826671808943   ,300.032710850722   ,255.137262116347   ,0.0061120864796774 ,3.16627399624679   ,9.89542384515328   ,9.46559469210849   ,16069              ,aug                ,2002               
35.1441342616893   ,0.695399780253704  ,238.094898970553   ,-0.386495930237629 ,4.80881705528194   ,54.87079378574     ,25.010142891161    ,75.1104368307978   ,282.009576092209   ,298.626202381188   ,254.422371065226   ,0.00616006500458743,2.81878234589459   ,10.8757021833311   ,10.4275130332549   ,16061              ,aug                ,2002               
34.4557203081451   ,0.744175198325307  ,206.681169650527   ,-0.105502183688357 ,3.26410701875006   ,48.4101854350505   ,30.6331474064799   ,78.0699327675567   ,278.258569934568   ,293.368392094532   ,177.841049740638   ,0.00508184003128206,3.45201453599256   ,12.0499274909251   ,12.0302444520801   ,16055              ,sep                ,2002               
32.717777661362    ,0.668549761677407  ,212.482156531195   ,0.50961023538063   ,3.34779460199721   ,46.3310227821094   ,28.6863211187855   ,79.9939395468146   ,277.558235839603   ,293.792552362626   ,179.811953777486   ,0.0049840646359658 ,3.52900725360923   ,12.621256433107    ,12.3104671042817   ,16009              ,sep                ,2002               
29.8654163489491   ,0.589442529089283  ,234.489612685839   ,0.501837566401809  ,3.30132574380438   ,42.3462802028656   ,28.4992472985586   ,84.6547282263438   ,277.475986236572   ,294.405587102254   ,183.202398724874   ,0.0052374978295605 ,3.1845045710206    ,13.7101060600281   ,13.2344055051009   ,16057              ,sep                ,2002               
27.1587366782617   ,1.17147768777168   ,226.928344039882   ,0.20392305618986   ,3.16698863646193   ,44.8721692990551   ,30.995037135883    ,75.6956452511498   ,277.720553529725   ,292.687465566107   ,182.94200693363    ,0.00503475888504419,3.02965585876301   ,12.7188720249138   ,12.2291183416233   ,16035              ,sep                ,2002               
29.7702793595867   ,1.2194573613642    ,236.25526228965    ,-0.802799837864512 ,3.33544709979929   ,47.3803450546686   ,26.2721574476652   ,70.5455102501178   ,276.243108572355   ,292.318092403694   ,188.849295714992   ,0.00438380161515632,3.09208745512768   ,12.6692751178289   ,11.2842680526132   ,16049              ,sep                ,2002               
35.5733471297192   ,0.587873771638359  ,253.524351127645   ,-0.0820495402156135,3.55530812371648   ,53.041680838505    ,25.4809595820313   ,74.1656801985334   ,280.243521099125   ,295.891349585766   ,184.316890867509   ,0.00514069957577303,2.95436292888859   ,11.3555466385024   ,11.0061703059763   ,16069              ,sep                ,2002               
30.1012096074925   ,0.763419428186814  ,242.5123681351     ,-0.579429451095103 ,3.26789008833817   ,47.4755436734391   ,26.7173689670142   ,78.9826249860863   ,278.593456371297   ,294.822547639369   ,184.003560762432   ,0.00512144422927004,2.59944807972461   ,12.4708276136519   ,12.1566057092231   ,16061              ,sep                ,2002               
27.7137422373962   ,0.445076424920392  ,178.385950070547   ,-0.857773686183006 ,1.68440637374231   ,37.387656760662    ,34.485007017301    ,84.8829791763936   ,270.614605491291   ,284.482328811174   ,118.465031589785   ,0.00341204744988992,3.44437467781304   ,14.5652150774831   ,14.8494288112702   ,16055              ,oct                ,2002               
28.2869853665467   ,0.507038979468279  ,173.145031423061   ,-0.537239761953288 ,1.74141005404602   ,36.4851394026396   ,33.2289223016548   ,87.1878009926479   ,270.492921928614   ,284.910544031197   ,121.349527687762   ,0.0034743080848343 ,3.48594892837319   ,14.8797234030802   ,15.3837757793222   ,16009              ,oct                ,2002               
25.0692583808495   ,0.598806072127585  ,194.675857945373   ,-0.574079744579891 ,1.68914204316274   ,32.7255887656058   ,33.030455041547    ,91.9850210355943   ,270.45752789159    ,285.665393986856   ,126.706351097168   ,0.00368130962968984,3.02102547286018   ,15.8729097321726   ,16.685701012919    ,16057              ,oct                ,2002               
25.6155191527252   ,0.877505602906394  ,202.645634804263   ,-0.697462098968331 ,1.64314176759989   ,37.8580598027939   ,36.0448313172725   ,79.2347049471188   ,271.107835002837   ,283.759020244133   ,125.595472122811   ,0.00340063901235555,3.10245996780304   ,14.4934112937699   ,14.1079759472252   ,16035              ,oct                ,2002               
28.3734949919299   ,0.645548314388026  ,212.899087904938   ,-1.19532975658709  ,1.72878117914187   ,41.8729013114431   ,32.8557173355647   ,78.0069771562001   ,269.34169496845    ,283.430101133056   ,136.070292882202   ,0.00308217235059119,2.98880959052763   ,13.6910686867138   ,13.384674888368    ,16049              ,oct                ,2002               
28.7160300711054   ,0.62966541274288   ,209.654336930166   ,-0.621138386913109 ,1.77361648987702   ,41.3546163069702   ,32.7018690462131   ,83.365852805403    ,272.989601041811   ,286.492265367993   ,132.36645020825    ,0.00376972559130512,2.71206141579289   ,13.5771024656107   ,14.3994254255698   ,16069              ,oct                ,2002               
25.0974850778249   ,0.649903862458666  ,212.514351985512   ,-0.963113140386655 ,1.61377162118255   ,37.8167267285548   ,33.1184294774862   ,85.7310305478191   ,271.513250852832   ,285.567448001008   ,131.288585159182   ,0.00363436545211148,2.38019358790007   ,14.5294693123338   ,15.0950510190411   ,16061              ,oct                ,2002               
12.3299536984092   ,2.58739388210403   ,175.686439578523   ,-1.70048767360967  ,0.73602146188459   ,16.7957618347744   ,56.6316706949137   ,93.134762862615    ,271.71890856582    ,279.718948519148   ,58.3311991873428   ,0.00387001188969513,3.44037571242807   ,20.0214142535122   ,20.4349361783356   ,16055              ,nov                ,2002               
13.0093393697424   ,2.23087783740003   ,190.391311844684   ,-1.54084775621839  ,0.796745679987488  ,16.6008671795711   ,55.0654701462394   ,93.6681281908024   ,271.639702466254   ,280.021348021016   ,60.0951152282354   ,0.00387595379839907,3.7152008012907    ,20.2812280218512   ,20.4170755796414   ,16009              ,nov                ,2002               
12.3996812038422   ,1.93327925707338   ,183.334327908774   ,-1.37294499836862  ,0.798427997221549  ,15.2566694369087   ,53.27459628582     ,95.1525294055939   ,271.448190409342   ,280.703310760498   ,66.2563310060501   ,0.00394819296791684,3.19638201128443   ,21.0136755107244   ,20.6268171059291   ,16057              ,nov                ,2002               
11.7638816397671   ,3.00137983083025   ,181.776562591973   ,-1.49428707783368  ,0.854627200367797  ,16.9468937175621   ,53.7063430729678   ,87.1438374159788   ,271.594493939626   ,279.535328654961   ,65.0043903319243   ,0.00367281266560002,3.19595997216334   ,20.4494636649897   ,19.2304719757244   ,16035              ,nov                ,2002               
15.3230186862031   ,2.05616980570861   ,214.71133452626    ,-1.92326057783743  ,1.05257106693696   ,23.9766188563219   ,45.8184839069558   ,83.9259605101935   ,269.69737082868    ,279.348052071502   ,73.0922802194218   ,0.00319666858408651,3.52993080202997   ,17.9617859633098   ,17.3692395130545   ,16049              ,nov                ,2002               
14.8684705598562   ,1.09537892344228   ,196.976681785745   ,-1.21948514211385  ,0.963010692091762  ,23.9422622362348   ,48.7752373510079   ,88.6208812261435   ,273.295419276164   ,282.516953172871   ,71.81197755749     ,0.00401828821207714,2.80773340451951   ,17.6937909708516   ,17.7780052564998   ,16069              ,nov                ,2002               
13.7076154912819   ,0.997126368620271  ,176.54241988012    ,-1.43988890178276  ,0.8783716233596    ,22.427147455846    ,48.942794539449    ,89.6571679307081   ,271.959184656064   ,281.572347375118   ,71.5571896855168   ,0.00384031927960953,2.50419515005156   ,18.2465266381413   ,18.108344393985    ,16061              ,nov                ,2002               
5.93376637882616   ,4.59691793391729   ,167.264195673358   ,-2.33598357242812  ,0.328671356776808  ,5.26355273440552   ,73.5110709139349   ,96.7077954966018   ,271.069879518778   ,275.765497521085   ,41.4506207511912   ,0.00379697659933768,3.51429888173549   ,25.1446115135329   ,23.7054313162554   ,16055              ,dec                ,2002               
4.94424174904412   ,3.85832375813022   ,174.843613788597   ,-2.27009449484786  ,0.335933010859867  ,4.5275444729368    ,74.1912196383203   ,97.510601939064    ,270.770719900639   ,275.512415459687   ,42.3833320745585   ,0.00380516398470312,3.95077399644391   ,25.1526267994085   ,23.9795640896528   ,16009              ,dec                ,2002               
4.55901869092385   ,3.17798240806147   ,170.400756658554   ,-2.11761477649212  ,0.352533527758593  ,4.08035538843088   ,73.3895336545308   ,98.8330969785055   ,270.586465672811   ,276.018140686035   ,44.9442533508937   ,0.00383140466047917,3.7957703033487    ,25.2291166992187   ,24.301744483312    ,16057              ,dec                ,2002               
5.78876815184247   ,4.1343440879559    ,184.22016411191    ,-2.1728838478662   ,0.409878097305769  ,6.26443187058856   ,69.193946831927    ,96.3293774196848   ,269.722841439439   ,275.588041283767   ,50.1589345473652   ,0.00355391895659878,3.59751718318782   ,24.4968346399518   ,23.1430627572864   ,16035              ,dec                ,2002               
8.14923387734379   ,3.15450221590043   ,203.806716133591   ,-2.55799436038692  ,0.548430101160529  ,11.4953185714976   ,60.6089162496137   ,95.4444058013414   ,267.379830806811   ,275.035029594426   ,56.0654265232988   ,0.00313482517982857,4.05012106474318   ,21.7773487209604   ,21.7163274159413   ,16049              ,dec                ,2002               
7.74134078441111   ,1.60304496183995   ,174.693831380378   ,-1.86525413425848  ,0.50159201028287   ,11.0103577246313   ,66.3120232087406   ,96.758924890202    ,271.588456734234   ,277.645852043709   ,49.0844653219675   ,0.00383487959726881,3.39749261598749   ,21.4087147041226   ,21.997990769371    ,16069              ,dec                ,2002               
7.70528344137815   ,1.37015688275551   ,163.617610738461   ,-2.04469103212199  ,0.436979220173329  ,10.757548370854    ,66.0890197338808   ,97.6608641285542   ,270.102295136255   ,276.696092694916   ,48.9272058576263   ,0.00366450881001157,2.9723827433816    ,21.4976913557237   ,22.2244071130253   ,16061              ,dec                ,2002               
