bi,pr,th,pdsi,pet,erc,rmin,rmax,tmmn,tmmx,srad,sph,vs,fm1000,fm100,countyfips,month,year
8.47198489985096   ,2.27052104438299   ,147.608081858408   ,0.296419101988255  ,0.594927321858857  ,8.37787345718985   ,64.9713033283436   ,88.9262785861553   ,268.278920135032   ,275.265591063222   ,49.649164674071    ,0.00306516583827903,3.2387894343431    ,24.4522114217827   ,20.2038786133716   ,16055              ,jan                ,2005               
6.59641898316702   ,2.36914042492795   ,165.122047533969   ,-0.0060749139482453,0.63919103593004   ,6.04655398363306   ,62.7916358631743   ,91.834164620356    ,268.173260908132   ,275.548377409671   ,50.8209056329991   ,0.00308361685375563,3.55456097308268   ,25.4763664938061   ,21.1107541699745   ,16009              ,jan                ,2005               
7.12104033315044   ,1.95560998156186   ,176.402310730353   ,-0.394564640993873 ,0.642427259768329  ,6.53665030913728   ,62.457411080022    ,92.4739638734633   ,268.535973941434   ,276.283367043772   ,53.6388969104521   ,0.00317128680180758,3.19433093754515   ,25.5038719069573   ,21.1449377392184   ,16057              ,jan                ,2005               
7.77271610868868   ,2.85780483947167   ,177.908735310605   ,1.12757772949693   ,0.683639690808153  ,7.69164986971494   ,58.62990655075     ,88.2231125013732   ,268.697631479001   ,276.055419006119   ,59.6518242931021   ,0.0030918331440235 ,3.29172992979465   ,25.5297417133053   ,19.9387765599656   ,16035              ,jan                ,2005               
11.3154328623407   ,1.84815695808375   ,195.965687945961   ,0.0919605289798601 ,0.775998206372653  ,13.1359190709667   ,53.974804814786    ,87.3524107951779   ,266.658050853931   ,275.971980611936   ,69.5463816490634   ,0.00284264135172183,3.60360543274658   ,22.8887556065904   ,18.830961481155    ,16049              ,jan                ,2005               
13.3668032206183   ,0.871419998747903  ,187.037047813283   ,-0.854410945572318 ,0.751333737236602  ,16.9805112439244   ,60.6889944476302   ,85.1145961696328   ,270.740328496749   ,278.311333106677   ,58.5827387802679   ,0.00339144111774778,2.87277751040804   ,20.7777423093663   ,18.0024750826172   ,16069              ,jan                ,2005               
11.99667068415     ,0.825467249391969  ,170.112232656042   ,0.0570698881280652 ,0.650005668890346  ,14.202399271114    ,61.4745930270239   ,89.8454856181011   ,269.225304856042   ,277.379839448413   ,59.911411594817    ,0.00330420843048343,2.54012576262813   ,21.8282213902607   ,19.4024057292964   ,16061              ,jan                ,2005               
18.0828657566128   ,0.454310458076834  ,149.86695230743    ,-1.031447756131    ,1.2115521948962    ,25.3019924638974   ,42.4077320440877   ,81.1695306268879   ,267.830238822206   ,280.037692774751   ,105.587371069287   ,0.00274772147689032,3.06776513500924   ,19.231664784441    ,15.1126623206949   ,16055              ,feb                ,2005               
15.0378996234211   ,0.575406381622624  ,165.319432801144   ,-1.39224553402124  ,1.24163312277901   ,21.4986939724481   ,41.3892613327916   ,85.0354897304803   ,267.492061695605   ,280.025074717763   ,106.293377869026   ,0.00274520153162052,3.24698192634425   ,20.2926459584514   ,16.2594787395313   ,16009              ,feb                ,2005               
14.1001369566248   ,0.536800748977278  ,168.628705174582   ,-1.63761028558016  ,1.23310529280986   ,20.2378180287565   ,42.0422366765567   ,88.807448213441    ,267.661083074297   ,280.452079119001   ,104.369776997566   ,0.00286595961480219,3.02684781877058   ,20.4130818254607   ,17.0363039127418   ,16057              ,feb                ,2005               
14.9511347828893   ,1.14299443604695   ,168.08879146239    ,-0.655492897454578 ,1.28653456511247   ,22.602461927915    ,39.3241270158054   ,80.0630760322485   ,267.840692268402   ,279.803900564016   ,115.794082134521   ,0.00266715128941425,2.99676983093557   ,20.0767687610614   ,15.3760928342581   ,16035              ,feb                ,2005               
18.6036972148872   ,0.987192945021172  ,193.809057451727   ,-1.42411862629269  ,1.37031189271964   ,27.5927384119024   ,34.7571159009899   ,78.7246979130275   ,265.120669706251   ,279.177547678467   ,121.48288409257    ,0.00231756697634357,3.09408425920737   ,18.3903953023351   ,14.6133730322285   ,16049              ,feb                ,2005               
20.7539193932923   ,0.399356781460225  ,173.598618492894   ,-1.90198102864352  ,1.35060706907688   ,31.7357359420625   ,40.6567897277538   ,79.0814504481345   ,269.8161876932     ,281.564223768148   ,114.708626183961   ,0.00294102967994318,2.75750071466015   ,16.6319482495896   ,14.1310569331152   ,16069              ,feb                ,2005               
18.5602254195523   ,0.439817140527606  ,156.550734486075   ,-1.57481697082684  ,1.23152564715818   ,28.140300674872    ,40.8946240657617   ,82.4072318578132   ,268.44402397453    ,280.59965140873    ,111.041308649597   ,0.00284529711435815,2.448385371069     ,17.8462486237534   ,15.1409017272654   ,16061              ,feb                ,2005               
16.972005027817    ,3.60027672928215   ,220.330906961032   ,-2.48811223747308  ,1.91965703976577   ,26.3136925686684   ,41.3074291732608   ,86.3785599313946   ,271.697380014265   ,282.622197029522   ,131.653994980172   ,0.00352199316262711,4.85400316448748   ,17.3482230361296   ,16.3401547994934   ,16055              ,mar                ,2005               
15.0574368372212   ,3.45543120679429   ,223.222180114445   ,-2.42646701660382  ,1.9895013177024    ,23.9626085748368   ,40.0325828212935   ,88.1607868939462   ,271.458481286404   ,282.931900889438   ,135.707969274519   ,0.00354457158446177,5.08620366189607   ,18.1115369319825   ,16.7845688139261   ,16009              ,mar                ,2005               
13.2704414818256   ,2.92264589916314   ,225.201914228624   ,-2.64720470964909  ,2.00517649906297   ,22.4127083269627   ,39.3230930451424   ,90.2439524429075   ,271.725440117621   ,283.778756088749   ,139.144368997389   ,0.00365688823223595,4.42216092400012   ,18.6470020355717   ,17.1437313770479   ,16057              ,mar                ,2005               
12.7274623631213   ,4.38785074133974   ,222.871813564031   ,-2.0601115427948   ,1.89511073147024   ,22.217384922421    ,41.2030943503266   ,87.5903962327897   ,271.201265530852   ,281.907567900248   ,149.763161954845   ,0.00348497225961821,4.24086341824252   ,18.6775636121439   ,17.1701137469815   ,16035              ,mar                ,2005               
14.3953068132069   ,2.89693782290726   ,233.36639665166    ,-2.28582895374189  ,1.92264236055869   ,25.5913425493855   ,38.1601841094303   ,88.2481836229157   ,268.844115049411   ,280.723110690502   ,156.931243531086   ,0.00308638930989958,4.21363005361951   ,17.4097142208687   ,16.5013385402311   ,16049              ,mar                ,2005               
18.1730179610826   ,1.6450775863488    ,236.393877607432   ,-2.80134311355584  ,2.19485735600213   ,30.7783643529397   ,37.881741577867    ,85.8445064863172   ,273.67196292558    ,284.924591646167   ,146.015151096085   ,0.0038213414420069 ,4.09352705003435   ,15.8749639973551   ,15.2908779384968   ,16069              ,mar                ,2005               
16.082654128672    ,1.61463082533492   ,225.29681298281    ,-2.45267653760831  ,1.94935341528561   ,27.715787027207    ,39.5499539653704   ,89.3073359941743   ,272.113659428775   ,283.664343138054   ,143.908729095581   ,0.00372580400032719,3.5802398057214    ,16.7596194368463   ,16.1433261332592   ,16061              ,mar                ,2005               
18.4772465884376   ,1.29899680468117   ,161.69130589285    ,-2.1461481956461   ,3.08996747431278   ,24.523679724628    ,36.6867057530805   ,79.0850134604916   ,274.332686431843   ,286.656221650886   ,190.513784430024   ,0.00384717571230692,4.3283596502083    ,19.7555627524607   ,14.0814495103676   ,16055              ,apr                ,2005               
15.0419678364166   ,1.59230770486346   ,167.949136719055   ,-2.06763182401187  ,3.04252134408706   ,20.4331568064333   ,37.6751442008235   ,82.4062737007818   ,273.750959841034   ,286.594394396419   ,188.640289786676   ,0.00390410381295816,4.40364502835321   ,21.0020230957272   ,15.0491097113555   ,16009              ,apr                ,2005               
13.1596583988459   ,1.64450480249524   ,183.829670086354   ,-2.35991807262103  ,3.00919314545393   ,19.1763763187875   ,39.4251535870234   ,85.2286793225606   ,273.925209299723   ,286.955815612793   ,196.546359603882   ,0.00411973480853097,3.99009389946858   ,21.1532906913757   ,15.5483715813955   ,16057              ,apr                ,2005               
11.4886081904155   ,2.81239080281326   ,177.150911519037   ,-1.62495482921432  ,2.89001975702601   ,14.8535106806934   ,39.9770811818871   ,84.0548447778983   ,273.098710219401   ,285.063004131465   ,208.368315364846   ,0.00388598737413217,4.06886418505484   ,23.2209156556563   ,16.3933354681188   ,16035              ,apr                ,2005               
10.9989518134523   ,2.70355490776255   ,190.089288912338   ,-2.07065231784443  ,2.81438970761624   ,16.3867680301567   ,38.926951940363    ,87.3921086832555   ,271.481686754006   ,283.749269686017   ,218.805601607733   ,0.00375171266328454,4.04950529418338   ,21.9522435726981   ,16.7816205475247   ,16049              ,apr                ,2005               
14.4898056392438   ,1.65611381304721   ,186.794547291123   ,-2.78453306601434  ,3.14420440907784   ,24.5576253905016   ,38.1300192639152   ,83.5076219667513   ,275.500821942824   ,288.075471230029   ,200.954408364797   ,0.00439988424239511,3.69631019864703   ,18.6896178298243   ,14.7611613074726   ,16069              ,apr                ,2005               
13.3615920714326   ,1.9565091723335    ,179.064565592561   ,-2.41143229841858  ,2.83555883160964   ,20.6569491860624   ,40.8010816461127   ,87.9801221905333   ,273.955465546915   ,286.454086143977   ,199.969733179896   ,0.0043075065117922 ,3.33984123483177   ,20.1846908009742   ,16.1259722591432   ,16061              ,apr                ,2005               
10.107096361797    ,3.13948519754802   ,179.708853169012   ,-2.0187528915039   ,3.89284379036322   ,23.8766741323452   ,39.7347348445      ,81.9438742679792   ,279.163875918614   ,291.151722010556   ,244.00495543202    ,0.00576254775830243,3.92590398829913   ,18.3813080129974   ,14.7189272069431   ,16055              ,may                ,2005               
8.93242537960343   ,3.45894042411181   ,179.378942442568   ,-1.7024647999092   ,3.90269213724874   ,21.4369618783905   ,39.3241096707013   ,85.1675228105062   ,278.437756198534   ,291.437082085679   ,246.126579749218   ,0.00579881467724919,3.85450120724483   ,19.2694418723858   ,15.1472817768826   ,16009              ,may                ,2005               
8.49969047184132   ,3.43950225483025   ,203.065244599975   ,-1.87643405122062  ,3.75523635646989   ,19.4388341908301   ,42.6874614952457   ,88.2116221772471   ,278.716267813406   ,291.50661695911    ,246.702361324679   ,0.00616201479232029,3.30488688470856   ,19.9772830329403   ,15.8346344924742   ,16057              ,may                ,2005               
9.4558184538135    ,4.6640127651464    ,208.106080770769   ,-1.02814315616496  ,3.73299859389271   ,18.4525232787199   ,40.948288093556    ,81.6882004974923   ,277.936094025851   ,289.647699479524   ,253.386604653531   ,0.00551448927005223,3.36944715513146   ,21.0870765968827   ,15.445929187809    ,16035              ,may                ,2005               
9.50935866762542   ,4.52362389523928   ,213.62495705689    ,-1.59313007955275  ,3.57086951220284   ,18.9876209412928   ,39.7951344183971   ,84.2005040543326   ,275.987699698015   ,288.106154861169   ,250.251016969576   ,0.00521435873855783,3.56724112882103   ,20.7050837823384   ,15.5769018186399   ,16049              ,may                ,2005               
10.2678332687792   ,3.27773238226774   ,219.641977750599   ,-2.23650805819481  ,3.94509597239627   ,22.7040336802023   ,41.1528650964563   ,83.2883961266107   ,280.481088345804   ,292.197131296592   ,249.419055655103   ,0.0062713715771468 ,3.15001610276698   ,18.9632515417043   ,14.9795174908798   ,16069              ,may                ,2005               
8.53880580002976   ,3.90726879005097   ,223.384165281996   ,-1.78459040143273  ,3.61678112797405   ,18.709947950711    ,44.196659377466    ,87.1893341325817   ,278.868079250318   ,290.569301408947   ,248.285984337282   ,0.00616871414771162,2.78518115630375   ,20.4169000599169   ,16.1419603423543   ,16061              ,may                ,2005               
16.2785786667673   ,2.29148500754673   ,209.839604303817   ,-1.87407007923833  ,4.25288243171119   ,28.2770971858125   ,41.8653696724744   ,80.7730317779039   ,280.353384642215   ,292.868142227152   ,249.702069751127   ,0.00640844323800746,3.84005335670767   ,17.4615720296266   ,13.5051569227001   ,16055              ,jun                ,2005               
19.2591927235274   ,1.64489629363285   ,214.96186335637    ,-1.53223689726354  ,4.29439994162591   ,30.4352724662194   ,40.3410835217207   ,82.4890373335317   ,279.504559001133   ,293.439633407442   ,246.573615838226   ,0.00636871090159739,3.87079187361211   ,16.9376470678657   ,13.1203226738428   ,16009              ,jun                ,2005               
19.8852342947358   ,1.46236719395717   ,224.917658277839   ,-1.6793780722407   ,4.29007719667753   ,30.1920966622035   ,42.341896472613    ,84.6335899944305   ,279.692365570068   ,293.850352279663   ,262.553186336517   ,0.00665005776495673,3.18217253781358   ,17.1973776055972   ,13.4638105570475   ,16057              ,jun                ,2005               
15.5347641281862   ,2.23666768716602   ,226.931171969457   ,-0.709697129446396 ,4.09154298016519   ,27.2193109831943   ,42.2786058561662   ,79.0451577370061   ,279.336309368195   ,292.160892232259   ,250.570239795741   ,0.00618607501492463,3.14861053312178   ,18.189251531691    ,13.3787148202449   ,16035              ,jun                ,2005               
11.2758832840293   ,2.99014545158498   ,242.554381795264   ,-1.16745846547449  ,4.14347619451063   ,22.5904361055676   ,41.3735186891161   ,81.3931144198502   ,277.88655077529    ,290.742513597128   ,268.374847680163   ,0.00591717759547117,3.21746460321407   ,19.4606317054523   ,14.4373287543937   ,16049              ,jun                ,2005               
21.1739426395984   ,1.52694111128011   ,235.119755720221   ,-2.13451009962223  ,4.61913594669412   ,35.2624384062388   ,38.7647322358932   ,76.251080419163    ,281.629948612968   ,294.929210073978   ,272.358453811809   ,0.00656229151369682,2.88960786658387   ,15.7879814579738   ,12.0526039747843   ,16069              ,jun                ,2005               
15.506587423046    ,1.76635411824241   ,230.876265203279   ,-1.61660860080693  ,4.21480893812889   ,28.3926507528163   ,42.6678134981266   ,81.8345909644093   ,279.929978959685   ,293.14795239241    ,269.834151242259   ,0.00653113385658588,2.52392625695418   ,17.6468712723945   ,13.5029328172857   ,16061              ,jun                ,2005               
31.9897916111334   ,0.926854694774232  ,226.998792572783   ,-1.64130690231899  ,5.89842304878939   ,44.4442316772104   ,29.9151536862277   ,67.9161504124892   ,283.911749431246   ,299.995110470635   ,302.805201296627   ,0.00679601964664536,3.62520289791385   ,14.4103023761236   ,10.2394322229859   ,16055              ,jul                ,2005               
36.1715891225355   ,0.516915021933179  ,230.214546238222   ,-1.50853497624632  ,6.1367656484909    ,48.499655816591    ,26.6133550058501   ,68.657259843349    ,282.865998106664   ,300.876966196473   ,303.811608971474   ,0.00644498991344987,3.75138798908415   ,13.4898506070985   ,9.78144482051764   ,16009              ,jul                ,2005               
36.40029190143     ,0.346496337729116  ,237.014937696188   ,-1.72277159889539  ,6.07851035231544   ,48.329710428484    ,26.9791954931136   ,71.5732667901439   ,283.042941860076   ,301.531682133828   ,307.730708331446   ,0.00660416306548512,3.30894505521943   ,13.6629230402362   ,10.0854583770229   ,16057              ,jul                ,2005               
34.8155701985131   ,0.372680458380135  ,232.794914755515   ,-0.695926134107855 ,5.91644174190219   ,50.8775654845273   ,27.0767481162019   ,59.3790630219473   ,283.080885535868   ,299.985544060714   ,307.940108548942   ,0.0060556606225205 ,3.11360600336442   ,13.1197825375369   ,8.70307045386805   ,16035              ,jul                ,2005               
33.6798488213771   ,0.443201831732438  ,241.440897314011   ,-0.852791424215202 ,5.87528685638477   ,49.1121612698976   ,25.0553066864958   ,60.6945811453809   ,281.540618086368   ,299.460563181745   ,309.549807733355   ,0.00594368651720297,3.07298887782492   ,13.8329770564601   ,8.65261673193763   ,16049              ,jul                ,2005               
43.5828934347176   ,0.331914237401743  ,245.897760680447   ,-2.30723911061644  ,6.47354697276338   ,58.0760456459963   ,22.3777846443215   ,56.7714347801518   ,286.161400047935   ,303.253743593993   ,307.565599034526   ,0.00603288018019115,3.03147476757315   ,12.0043329762368   ,7.95677083482902   ,16069              ,jul                ,2005               
33.4973587085799   ,0.383109964348894  ,240.634732662599   ,-1.86725617588059  ,5.89290839209616   ,50.2824700420871   ,25.5518778793591   ,63.2479410568132   ,284.050702560046   ,301.405657376457   ,309.367553090579   ,0.00624924513558038,2.60758503450771   ,13.4564444758802   ,9.04080537858565   ,16061              ,jul                ,2005               
42.0810435286891   ,0.579621899152489  ,200.99956916161    ,-1.69663106536669  ,5.23083760471564   ,59.8831075483246   ,23.5521690126088   ,66.153042768587    ,282.263812410615   ,300.027683668746   ,267.724553657024   ,0.00574096210904125,3.16656978197122   ,10.5066663153884   ,9.02539263850234   ,16055              ,aug                ,2005               
47.9596561524142   ,0.290119267819514  ,212.101459298841   ,-1.73980256051001  ,5.46649016918037   ,64.1693667422544   ,20.2464927830617   ,68.5239016006275   ,280.873759846943   ,300.911692148039   ,269.360285128954   ,0.00534333823140128,3.30789615811453   ,9.7148163091547    ,8.75829756426024   ,16009              ,aug                ,2005               
47.6728753472949   ,0.20470136298768   ,226.162239352176   ,-1.99851012924065  ,5.44383090565282   ,64.3014093479033   ,19.9268681561562   ,71.409237103616    ,281.0380128479     ,301.339404405163   ,270.459221428902   ,0.00545277723419149,3.166680997687     ,9.64852649642575   ,8.95689661249038   ,16057              ,aug                ,2005               
47.2563816599098   ,0.173634212456726  ,217.891962768387   ,-1.00140674880078  ,5.17642073129507   ,68.1626847444123   ,22.2514151300536   ,58.6174097046198   ,281.397633140266   ,299.375235840543   ,268.142168266308   ,0.00517143177798801,3.00365585067185   ,8.9176531806451    ,7.75054470967411   ,16035              ,aug                ,2005               
45.5640753354478   ,0.258956574710753  ,225.293155725329   ,-1.04999972337929  ,5.10603029104976   ,66.2604496213335   ,21.0246954909626   ,58.6938328770363   ,279.952781181799   ,298.635295770383   ,267.177231422795   ,0.00496371823384877,2.9591354679947    ,9.38379292813221   ,7.84225773118629   ,16049              ,aug                ,2005               
55.8765508662156   ,0.121879676652197  ,231.934258844311   ,-2.73163526968735  ,5.73284613168998   ,77.0892614693976   ,17.2742739620344   ,54.7497754918721   ,284.579162637139   ,302.518983244423   ,268.035967165013   ,0.00502614397003335,3.03190383217922   ,7.6285033125661    ,6.74721524518832   ,16069              ,aug                ,2005               
50.0415749714058   ,0.106869341059228  ,225.781039320352   ,-2.40577893217733  ,5.21390979829009   ,71.1262125108313   ,19.0445065277159   ,61.8864978524851   ,282.484863411424   ,301.042666161419   ,267.029044305633   ,0.0051816027442411 ,2.64162603019874   ,8.69406778607105   ,7.65671663079634   ,16061              ,aug                ,2005               
36.7264590851071   ,2.43327141541512   ,238.176931808711   ,-1.87358228758039  ,3.17812695460719   ,49.6126648913359   ,32.2124055742073   ,79.1483605681787   ,278.243439876101   ,291.999540134843   ,176.022342398268   ,0.00516007399810567,3.7736036021523    ,11.5961405162785   ,12.2146707270535   ,16055              ,sep                ,2005               
36.069766765381    ,2.3290111700635    ,237.66752297673    ,-2.07715111230252  ,3.29278813515895   ,49.4582086965647   ,29.553499665345    ,82.4980809364093   ,277.027033036512   ,292.431047043057   ,177.007905893119   ,0.00493137691118543,3.86940835300517   ,11.3922435484929   ,12.6445017433731   ,16009              ,sep                ,2005               
33.7388046933953   ,1.63449601706862   ,245.980357189824   ,-2.38204394092162  ,3.23173952604334   ,48.6431510705948   ,28.5490726181666   ,83.6429511706034   ,277.106546300252   ,292.985522898356   ,180.366293209712   ,0.00503207946518281,3.33383671879768   ,11.6017808620135   ,12.8815412063599   ,16057              ,sep                ,2005               
31.6375556241996   ,2.21412579322088   ,240.489079229087   ,-1.49736936110019  ,3.04550283342243   ,51.4765306646846   ,31.1684089489938   ,74.6253676870829   ,277.533334880719   ,291.306455054898   ,176.149044752759   ,0.00489907628564371,3.20366357262912   ,10.8030902461656   ,11.8641826570832   ,16035              ,sep                ,2005               
32.3953751725675   ,1.80338153941121   ,245.697574819463   ,-1.56801893183577  ,3.21887333833151   ,52.6759056632776   ,27.9256538723102   ,72.6598746990527   ,276.183842673491   ,291.145866275861   ,183.011894100586   ,0.00450815505253812,3.35124895599468   ,10.7951852393205   ,11.5166618417755   ,16049              ,sep                ,2005               
41.417123820682    ,0.859320036546325  ,256.016476228064   ,-3.07211283970219  ,3.48793563273289   ,62.7452387320167   ,25.1426541819717   ,69.948392049004    ,279.939219989199   ,294.367659298494   ,182.288522798535   ,0.00487971815223342,3.01387089940316   ,8.92896493815696   ,9.98881409397737   ,16069              ,sep                ,2005               
35.0360881774455   ,0.956542865587168  ,246.919214162829   ,-2.83867436302595  ,3.13678721476849   ,55.8629131246204   ,26.5815452031853   ,76.8374928340439   ,278.078640873176   ,293.140728759766   ,179.940478349586   ,0.00489822797026336,2.62206796172893   ,10.1755522438974   ,11.3276966193491   ,16061              ,sep                ,2005               
12.5002202430784   ,2.69258162107471   ,194.020297373685   ,-1.12422971547018  ,1.38336374006446   ,17.8104278795766   ,53.4998868336862   ,96.7996590078929   ,276.222016689392   ,286.000367892179   ,96.9456344092017   ,0.00553654521236637,3.6447545026508    ,19.1815160195318   ,20.3204527477273   ,16055              ,oct                ,2005               
13.2147829682801   ,2.29645577994643   ,203.742281869159   ,-1.48697956663206  ,1.48745780330244   ,18.7165084987919   ,50.1543472884925   ,97.3231712730132   ,275.653043172814   ,286.730376276903   ,98.230694327561    ,0.00555861376925996,3.88252760909354   ,18.9087571193071   ,20.0636582428273   ,16009              ,oct                ,2005               
13.2534985031888   ,2.07066940008633   ,206.153180751185   ,-1.97234933110575  ,1.47885963998495   ,20.1444691222329   ,48.3461062412877   ,97.8676043676561   ,275.618292349538   ,287.511115835867   ,104.015687716699   ,0.00572080565023146,3.23085573559807   ,18.394245367204    ,19.7685219507833   ,16057              ,oct                ,2005               
12.4708398574116   ,2.79039606348636   ,206.060034606139   ,-1.22838069346239  ,1.49837070151179   ,21.2796730131748   ,48.2213075699345   ,93.5867221946485   ,275.342368399537   ,285.913124066262   ,106.21644758357    ,0.00523846420158197,3.20630861359957   ,18.0392563313293   ,18.8789799240889   ,16035              ,oct                ,2005               
16.583801586134    ,2.07052858370654   ,221.788055628235   ,-1.42073474790243  ,1.70211413132679   ,26.1430786578081   ,42.5627652102538   ,90.4582397497985   ,273.821816333582   ,285.360171672288   ,119.080414696268   ,0.00471928022657649,3.42150906436724   ,16.8894325733348   ,17.5079206998381   ,16049              ,oct                ,2005               
17.9689312010876   ,1.74811616164149   ,216.002915902736   ,-2.82698763484623  ,1.70480613405589   ,28.4732423492068   ,42.7352086776739   ,94.8517746917951   ,277.31074111462    ,288.727282374239   ,110.105220934842   ,0.00558449736381345,2.8783145397516    ,15.7130059926946   ,18.2178533530058   ,16069              ,oct                ,2005               
16.252982769587    ,1.68919623140032   ,208.259329994911   ,-2.66439152223676  ,1.54639152049526   ,26.4502354558707   ,43.682537183098    ,95.6996042007003   ,275.874027737297   ,287.744647761085   ,110.676514909541   ,0.00545345059177267,2.49549820004575   ,16.413274081476    ,18.5148437649242   ,16061              ,oct                ,2005               
5.755272957225     ,2.5327189663351    ,181.609805084354   ,-0.557021967123872 ,0.524752606933908  ,5.22605480776157   ,65.076915325484    ,95.2912388795034   ,270.514896061064   ,276.795634177879   ,60.6307199043829   ,0.00357812254808445,3.76597230034601   ,25.4201113945499   ,22.4617310996245   ,16055              ,nov                ,2005               
6.11035380330767   ,2.64769399156702   ,191.642529504539   ,-1.13339526235646  ,0.56608701305688   ,5.74152448732237   ,62.2585032303187   ,95.687050374349    ,270.162246048004   ,277.128813938841   ,61.9982572563066   ,0.0035945467954902 ,4.16311898186832   ,25.0500128443189   ,22.4062428809247   ,16009              ,nov                ,2005               
7.33565178217211   ,2.36159451703727   ,193.011599098206   ,-1.72036450971539  ,0.592399538617581  ,7.13415043991804   ,60.8210185387929   ,97.3507430559794   ,270.104729085286   ,277.706089263916   ,66.3728768835068   ,0.00365970283971789,3.83837336417039   ,24.2113804829915   ,22.4886783488591   ,16057              ,nov                ,2005               
4.64698559382879   ,3.77091805465609   ,197.216614029876   ,-1.07636898640908  ,0.648510332263801  ,5.249110053916     ,60.164112734509    ,94.2957746684509   ,269.327235456686   ,276.870799239241   ,64.1949753619484   ,0.00338964381737935,3.87773905610265   ,25.2936514689101   ,22.4212010384278   ,16035              ,nov                ,2005               
5.9851273581801    ,3.67472720523936   ,217.026533917281   ,-0.933486076408137 ,0.715062526818082  ,7.43898191052661   ,56.2651467679318   ,93.5921845943015   ,266.75034352846    ,276.197023546837   ,70.246974180183    ,0.00308416120945958,4.13138572595379   ,24.3204851710843   ,21.8525235393905   ,16049              ,nov                ,2005               
10.874560853515    ,1.04487831138885   ,198.296675313858   ,-2.38865915084268  ,0.78327775185599   ,14.4812980761277   ,53.7489277841361   ,94.221792009595    ,271.29864618094    ,279.397787094796   ,68.3132366649607   ,0.00365257511476101,3.54605932493898   ,21.145625707045    ,20.1378700031954   ,16069              ,nov                ,2005               
8.64561178879376   ,1.0507743787708    ,191.714111127407   ,-2.22683508566917  ,0.6709235865202    ,12.3071153258859   ,54.2721482347851   ,96.5074634940828   ,269.601803887317   ,278.19812607358    ,67.8072138237231   ,0.00348716165960866,3.04391138936206   ,21.7961731135681   ,20.9232619621865   ,16061              ,nov                ,2005               
7.5615858510226    ,3.7583360353288    ,164.437417413178   ,-1.05793876375681  ,0.460102875534808  ,8.02412123863671   ,69.7634815388746   ,87.5554073323275   ,266.410310608664   ,272.904999202106   ,43.8881842121339   ,0.00271078029573852,3.35743875626183   ,24.2740036204355   ,20.7911680612708   ,16055              ,dec                ,2005               
7.44847868025391   ,3.85338299344983   ,177.196955838295   ,-1.46634980533603  ,0.496191386619851  ,7.15065824082323   ,67.5371271626249   ,90.1847814277784   ,266.179660666201   ,273.045014926527   ,45.260344553464    ,0.00273029146287994,3.74501029253006   ,25.0001385803524   ,21.5401630427946   ,16009              ,dec                ,2005               
7.17850758212463   ,3.65758907459676   ,184.898258717656   ,-1.98591243065894  ,0.507931989088655  ,6.51238653271645   ,66.4301198813121   ,91.8949013500214   ,266.504445744832   ,273.759080464681   ,48.5964414014816   ,0.00281959595273171,3.6111336736083    ,25.4102194452286   ,21.987753411293    ,16057              ,dec                ,2005               
6.79001650987475   ,5.4218353842034    ,188.017146223309   ,-1.38307721443459  ,0.479947180429853  ,6.20875816470179   ,63.5759532070899   ,90.8589050639759   ,266.256300022268   ,273.24952981961    ,50.7280393091031   ,0.00278201372756631,3.61178995101195   ,26.1613566690301   ,22.1218544902896   ,16035              ,dec                ,2005               
8.91231944523461   ,3.85285908546816   ,210.983187682024   ,-0.958249593126037 ,0.651835010665023  ,11.0637503557954   ,56.0640013517451   ,86.258659296554    ,264.98225771054    ,273.233003088407   ,57.18188107868     ,0.00250389100998039,4.00423624449265   ,23.5405835396097   ,19.613370813689    ,16049              ,dec                ,2005               
10.1490939407586   ,2.12296706003248   ,190.658075824268   ,-2.55523454632989  ,0.596150538948184  ,14.0277776984355   ,64.7586899606089   ,86.5190894822173   ,268.48533744064    ,275.571195091751   ,53.6419152661016   ,0.00300507919023265,3.18252847697221   ,21.4148649732484   ,19.2087575681282   ,16069              ,dec                ,2005               
9.0485455429515    ,1.70677075203785   ,178.493021130102   ,-2.40210745354329  ,0.481488863058573  ,11.3511428500133   ,65.1869487662618   ,91.9080598531676   ,266.635810927714   ,274.386380690057   ,53.2667594174051   ,0.00285816322231201,2.78282889919176   ,22.3279621203084   ,20.7236436808405   ,16061              ,dec                ,2005               
