bi,pr,th,pdsi,pet,erc,rmin,rmax,tmmn,tmmx,srad,sph,vs,fm1000,fm100,countyfips,month,year
3.6676953399262    ,4.50948426828083   ,159.462405734592   ,-2.49298936218555  ,0.456115350722634  ,2.23309447207057   ,72.8030678037468   ,94.076215081903    ,271.448986422631   ,276.988575702294   ,49.9418931064988   ,0.00390051241335926,3.2329568604652    ,28.3849663194489   ,23.5373318631795   ,16055              ,jan                ,2003               
3.73313923799578   ,5.20309985584488   ,175.727474042991   ,-2.65632178186195  ,0.469793379227153  ,2.40663236436256   ,70.448361031448    ,95.2892856492321   ,271.463922904361   ,277.255900849548   ,49.0763946958434   ,0.0039982745749627 ,3.62043583872073   ,28.4482696261609   ,23.7666615116435   ,16009              ,jan                ,2003               
3.08674990824619   ,5.36392242681115   ,176.391374531408   ,-2.54571087102095  ,0.443182569009162  ,1.89491836526934   ,69.5324223764481   ,97.4719285731162   ,271.466466340096   ,277.720721829322   ,49.0552420834572   ,0.00412867205484109,3.29781229215284   ,28.7737659331291   ,24.3119470577855   ,16057              ,jan                ,2003               
2.70232513706884   ,7.92390202746189   ,180.536066295294   ,-2.66401466993987  ,0.497841336301052  ,1.5417206850076    ,68.6574120308541   ,94.4049835342962   ,270.867900611905   ,276.974315863664   ,54.4736548422271   ,0.00390098907072144,3.39776552085669   ,29.7006309235851   ,23.9725470331204   ,16035              ,jan                ,2003               
5.20304435161618   ,5.66362791357911   ,207.600239793859   ,-2.80533394327319  ,0.645867246865058  ,5.09364957710851   ,61.0630370584314   ,92.8776597061076   ,269.15219749916    ,276.738529178037   ,61.4833362745404   ,0.00352479354652698,3.7058366245502    ,26.4782150055111   ,22.2797018564369   ,16049              ,jan                ,2003               
5.03371900421748   ,3.81696487470436   ,182.338270249563   ,-1.98582095778987  ,0.542171942153346  ,5.59136585494262   ,65.2183908860972   ,96.752895628314    ,272.991989883283   ,279.4057695653     ,51.1323280084415   ,0.00434626540019629,2.91891289710464   ,25.169786094118    ,22.9115420397919   ,16069              ,jan                ,2003               
4.92569881738625   ,3.6930475103612    ,169.209243217108   ,-2.0994188778985   ,0.484221588320667  ,4.96662247427599   ,65.6562933574769   ,97.440488491399    ,271.735190745196   ,278.578263130483   ,52.3070412671143   ,0.00421181675753057,2.56117099930337   ,25.340436448545    ,23.2288379781057   ,16061              ,jan                ,2003               
7.59370500798963   ,1.72425659957491   ,199.270679939361   ,-1.99479556615134  ,0.786876541005556  ,6.16048176665545   ,55.2897099481478   ,91.4961968634424   ,268.234031242178   ,276.573352865301   ,91.473455582136    ,0.003098902978962  ,3.39913943725288   ,27.4483652574605   ,20.3270705678335   ,16055              ,feb                ,2003               
5.32878251576033   ,2.25828348512077   ,202.71814380081    ,-2.07495096966595  ,0.748575713816126  ,3.83694236574908   ,56.4984903400063   ,92.9052519431481   ,268.13133008865    ,276.003555130173   ,90.5701048670436   ,0.00313688633320475,3.72946847074634   ,28.6318089996267   ,21.2973714973195   ,16009              ,feb                ,2003               
4.42474298924756   ,2.42748247565968   ,212.849795360682   ,-1.85029397259156  ,0.75071863967127   ,2.91215146286891   ,56.2463698502949   ,94.3407642051152   ,268.414580176217   ,276.490857484      ,87.7569604536465   ,0.00325850426194458,3.49302757846458   ,29.3323193924768   ,21.7971297774996   ,16057              ,feb                ,2003               
3.30278445352366   ,3.82025309498398   ,213.73421232932    ,-1.80827032633446  ,0.783418114005966  ,1.86642052776238   ,56.385377936909    ,92.0909223804226   ,267.421478947784   ,275.255522750721   ,99.4452955671683   ,0.0030127156417724 ,3.45371301829977   ,30.2985386990306   ,21.7530780033344   ,16035              ,feb                ,2003               
5.30376234587175   ,2.97498736845465   ,225.51873207513    ,-1.8341815555602   ,0.891628465158402  ,4.77467617747663   ,50.987783985303    ,92.2409526741216   ,264.131076182521   ,274.371116268525   ,101.888423068885   ,0.00254966449640789,3.72581436577794   ,27.6345877149374   ,20.8013740283028   ,16049              ,feb                ,2003               
6.62503697484397   ,1.70136219070694   ,218.036267457617   ,-0.213550624522296 ,0.87511086343831   ,6.25349909143055   ,53.316555317164    ,93.362682397535    ,269.405762257878   ,277.737324326343   ,92.7800402149524   ,0.00333748548114866,3.29775505218686   ,26.6745950997195   ,20.6071084565657   ,16069              ,feb                ,2003               
5.8561462113993    ,1.90730959642349   ,207.875629731306   ,-0.118628079897773 ,0.789958535512159  ,5.27502378875471   ,54.5387121614909   ,93.9874400293109   ,268.338956799107   ,276.383112870254   ,90.4658327761338   ,0.00318327774957577,2.81659915914854   ,26.9889768267747   ,20.9465272677128   ,16061              ,feb                ,2003               
5.58701042973776   ,4.34834124902148   ,226.775311329126   ,-1.8843767127873   ,1.68655069087521   ,7.41432203370205   ,51.7830664263641   ,93.4166150798871   ,272.879190221878   ,281.212954078714   ,122.337674396535   ,0.00397483996569603,5.43696197397788   ,24.8658619463784   ,19.9916321646719   ,16055              ,mar                ,2003               
3.16587802851864   ,4.6132039448748    ,231.261144444014   ,-1.6571387675622   ,1.6898949819454    ,4.55610702419618   ,53.2038370457558   ,94.0049970830345   ,272.914831415982   ,281.000552106618   ,127.679259187917   ,0.00403377396839586,5.80605196893659   ,26.0805791351353   ,20.3670701925981   ,16009              ,mar                ,2003               
2.64473480996383   ,4.5965335192267    ,232.644535261585   ,-0.863991230428219 ,1.66477183924567   ,3.2786987485921    ,53.7302414463412   ,95.7145542427801   ,273.173830241542   ,281.724506442162   ,131.858251585191   ,0.00421384412769018,4.81081795900099   ,26.9461957796158   ,20.8789425679176   ,16057              ,mar                ,2003               
1.45094891277612   ,7.95637996770578   ,232.957131145482   ,-0.0831833581339733,1.6794793716961    ,1.37311875611816   ,53.333696985313    ,92.3946790712751   ,272.371784640246   ,280.214667267114   ,145.781120161369   ,0.00389572435663095,4.63786165821823   ,29.5408355544698   ,21.4569899534891   ,16035              ,mar                ,2003               
4.1114617430748    ,6.21177682966136   ,242.856940513351   ,0.221673986805297  ,1.79906611344412   ,5.1087480607106    ,48.0680765641122   ,89.8560148487282   ,270.3908242291     ,279.380480688263   ,155.051576942347   ,0.00348480745474958,4.85470280194926   ,27.0026609936669   ,20.0331708573024   ,16049              ,mar                ,2003               
4.9226577281733    ,3.45443812558389   ,236.925390988768   ,1.82197663342039   ,1.88735400957446   ,7.45529052465748   ,50.4802779249843   ,93.0840463797882   ,274.561501387668   ,283.354505516896   ,137.270102631044   ,0.00437424920874215,4.2865948702151    ,24.8178272966231   ,19.5542105655331   ,16069              ,mar                ,2003               
3.78309562755525   ,3.67864139186592   ,230.283928354782   ,2.1369829941387    ,1.69606463414483   ,5.42782719289289   ,53.2024527452876   ,93.9860603065053   ,273.39954676637    ,282.017727885682   ,136.48431484555    ,0.00424299829112382,3.57987904411988   ,25.7260525061969   ,20.2689968052943   ,16061              ,mar                ,2003               
8.57824368332104   ,1.76984370291969   ,190.567957535104   ,-1.07909612841774  ,2.54390751022043   ,14.9112839284012   ,46.4466882462364   ,88.7907826872356   ,274.042355899261   ,285.0336155393     ,192.834079276714   ,0.00437530639874576,3.75754178345449   ,22.2068329242031   ,16.427503934057    ,16055              ,apr                ,2003               
7.01293142741019   ,1.94204267455041   ,199.384416159605   ,-0.664068053891658 ,2.57242728906741   ,13.1071452248981   ,46.0894679278312   ,91.1239227392735   ,273.662191260825   ,285.190665991066   ,194.171013934796   ,0.00439704655622788,3.86371526920349   ,22.6990592576578   ,17.0253765572693   ,16009              ,apr                ,2003               
6.45229693525572   ,1.849231522729     ,204.356251335303   ,0.597358790636063  ,2.58714623451233   ,12.3521632068468   ,47.3696904029846   ,92.6667063204447   ,273.893327346802   ,285.626167912801   ,202.859163880666   ,0.00459754584213564,3.44428778831164   ,22.8992936306      ,17.3412851931254   ,16057              ,apr                ,2003               
5.097815414391     ,2.4958729079895    ,204.416891100207   ,1.96534601859932   ,2.61185150658101   ,8.46716230028784   ,44.8430368114307   ,91.4768106499552   ,273.062328612292   ,284.263697341801   ,215.751225271621   ,0.00424516011874334,3.29907413476617   ,25.5317895829468   ,17.7216832579316   ,16035              ,apr                ,2003               
6.89050586174165   ,2.60046716362778   ,213.213492362905   ,1.70347092845602   ,2.64558256305855   ,11.7478316429258   ,40.1889498766229   ,90.2787147578363   ,270.933581163326   ,283.049973424355   ,221.94005914617    ,0.00377714632932499,3.46820038056686   ,23.9866163654276   ,17.1890415662134   ,16049              ,apr                ,2003               
8.27093307816858   ,1.73373920426649   ,214.140666299665   ,2.51540283255824   ,2.74373322299245   ,16.9015195171888   ,45.8009472331899   ,89.8518505014838   ,275.250357988599   ,286.670786104525   ,210.274450733912   ,0.00480478560842936,3.14316724024567   ,20.9834395362732   ,16.3949754604469   ,16069              ,apr                ,2003               
7.51237292556444   ,1.80762593862357   ,209.685175038041   ,2.70088018661688   ,2.55221747961254   ,14.0373033494004   ,47.9667522756193   ,92.1489950101238   ,273.958997229374   ,285.328081842428   ,208.36630985901    ,0.00465154904104415,2.82043060189108   ,22.2315490086873   ,17.2451086380593   ,16061              ,apr                ,2003               
15.4037725213253   ,2.39314733867577   ,190.267661534852   ,-0.855962329937887 ,3.72321837674443   ,27.1376519479806   ,40.488029556953    ,80.3742146559735   ,277.206458359747   ,289.874904456848   ,231.665296142611   ,0.00525238657915799,3.94003231299441   ,17.8340162994788   ,13.5258970786008   ,16055              ,may                ,2003               
12.7736360743031   ,2.2421325458657    ,195.802964220886   ,-0.309152440943549 ,3.85997779500418   ,23.3863233094635   ,39.6181853236668   ,82.6619285937369   ,276.733850504247   ,290.343715701947   ,241.023169438696   ,0.00528504338241135,4.01780949983235   ,19.0921727777733   ,14.2888479434845   ,16009              ,may                ,2003               
11.2407369067121   ,2.04775194656945   ,203.734161865327   ,0.963295682414124  ,3.77273858499142   ,21.3367943716049   ,41.8474502877266   ,85.7491232053695   ,277.118910665204   ,290.635137959142   ,245.73635332046    ,0.00563869860098367,3.38223933491015   ,19.7387040141321   ,14.934624572877    ,16057              ,may                ,2003               
7.27517585681482   ,2.73422403422826   ,206.984403961386   ,1.82092370786996   ,3.71692954376467   ,17.5686644985708   ,39.5989781384708   ,81.3556324029322   ,276.54899309121    ,288.983604996736   ,250.20277974115    ,0.00517287692031923,3.28968660681495   ,21.2828052973167   ,14.9753884962179   ,16035              ,may                ,2003               
10.5086287675078   ,2.7064578627892    ,214.563705450583   ,1.95382492165228   ,3.71881342216669   ,20.8637149566531   ,35.2651036460949   ,80.77192248277     ,274.635945389708   ,288.116496741497   ,250.248924523309   ,0.00466062316421215,3.23076711906857   ,20.5048196327247   ,14.3902675684636   ,16049              ,may                ,2003               
13.062842910146    ,1.94565425801631   ,207.056486341459   ,2.81491355929995   ,3.94544755299996   ,25.0390177978942   ,40.2891538665071   ,80.4641627936358   ,278.984654535646   ,291.511668459432   ,248.746472866551   ,0.00584445621994865,3.09374649263115   ,18.667165337132    ,13.9014681660144   ,16069              ,may                ,2003               
9.88718652610462   ,2.35940987979276   ,200.030158895265   ,2.80937952033088   ,3.68417208725788   ,20.6321747630986   ,42.1081809417879   ,83.5110925823426   ,277.632043893926   ,290.071165100602   ,247.877973952633   ,0.00568900325022597,2.72713248804708   ,20.0574446957577   ,15.025686058735    ,16061              ,may                ,2003               
26.1670685512618   ,0.843290675054362  ,220.522611964387   ,-1.03141503848534  ,5.16951260978793   ,41.7017113880529   ,32.6375559206362   ,70.5895299427467   ,281.092217218009   ,296.859942367407   ,278.369768784762   ,0.00616751131585662,3.4361206231948    ,14.4213861479844   ,10.4934913011899   ,16055              ,jun                ,2003               
26.0594176368297   ,0.578365909153893  ,216.318351597264   ,-0.592021862313122 ,5.21072973114029   ,41.2258339274329   ,31.7447729855599   ,73.9456629653419   ,280.275141470343   ,297.210809013171   ,276.118143494736   ,0.00612946036538106,3.53087800534284   ,14.6630565413827   ,10.4645485121823   ,16009              ,jun                ,2003               
26.153167711414    ,0.482587962339322  ,244.444055335999   ,0.681815633525451  ,5.16109725900491   ,40.1067721529007   ,34.0637476812998   ,77.5577788925171   ,280.372612625122   ,297.148190526327   ,290.774952163696   ,0.0064606099454686 ,3.15666025078297   ,15.0371128892899   ,10.9453380240599   ,16057              ,jun                ,2003               
22.7447581286257   ,0.969373701640928  ,245.955977923638   ,1.20728709185896   ,4.94907814486082   ,38.8703447270679   ,33.2403947160814   ,68.0182299746351   ,280.524646942375   ,295.494909822815   ,278.805673660805   ,0.00603629662217198,3.11713986913027   ,15.3731541404092   ,10.4462045803635   ,16035              ,jun                ,2003               
22.9144208358454   ,1.21259333926043   ,249.549532569657   ,1.39591147541355   ,5.05743843111524   ,39.4861843533648   ,29.6888916960563   ,69.1622030658472   ,278.543525178279   ,294.701133609528   ,294.968910708438   ,0.00556176504300901,3.1420240436746    ,15.199643060959    ,10.574952264257    ,16049              ,jun                ,2003               
33.3395253006686   ,0.463549736320122  ,258.78534180404    ,2.5750615188251    ,5.52437972021613   ,47.8985308273166   ,31.7259247745847   ,66.3495732972116   ,282.856103548264   ,298.18510388053    ,299.357741169921   ,0.00641411711439431,3.05227532354906   ,13.5146200405298   ,9.39266990969313   ,16069              ,jun                ,2003               
27.138397376514    ,0.664944393230864  ,257.788650156233   ,2.47118118265772   ,5.10113967886969   ,41.8237257542361   ,34.4043044896822   ,70.2841664721486   ,281.305200022968   ,296.367429778464   ,298.253540369039   ,0.00634507281428649,2.72231226159521   ,14.8775168128578   ,10.3576962564274   ,16061              ,jun                ,2003               
49.3624956686189   ,0.151552944635626  ,182.620935821191   ,-1.73022775685182  ,6.5040416802984    ,67.7199184873989   ,20.8912207539395   ,53.1907795255725   ,284.638661694372   ,303.492981135283   ,319.142094865194   ,0.00576157667828046,3.11622917626019   ,9.82684752071709   ,6.86457575021093   ,16055              ,jul                ,2003               
47.6917858101566   ,0.196632656148427  ,206.081403429191   ,-1.51350020471762  ,6.5807731417805    ,64.2917764044418   ,20.7595269396506   ,59.7405903476366   ,283.439042136696   ,303.954015030982   ,316.928712064652   ,0.00587529391513422,3.25505601774989   ,10.4189473486374   ,7.55946564496895   ,16009              ,jul                ,2003               
42.7205557082918   ,0.202293090753017  ,227.451314947221   ,-0.449367232223352 ,6.39616694481142   ,58.193836665615    ,22.8776481603038   ,68.3797554542172   ,283.699472823604   ,304.256088665378   ,320.018062638314   ,0.00644973476357277,2.90319081095919   ,11.5819725501922   ,8.95665704565663   ,16057              ,jul                ,2003               
45.226491089457    ,0.26194404502898   ,222.20941990563    ,-0.698230519654509 ,6.21189485002424   ,63.5249063691102   ,22.7335110282553   ,52.6147404037035   ,284.612997072094   ,302.436576931195   ,319.490972276844   ,0.00594398540124778,2.7257987999525    ,10.7855261429867   ,7.25354561826538   ,16035              ,jul                ,2003               
42.5344610745841   ,0.505465481099204  ,232.496050025696   ,-0.0553421444373406,6.10065140070574   ,61.9556093755892   ,20.8198257856612   ,54.7781102145567   ,283.030689198689   ,301.818040375582   ,315.036834979508   ,0.00585803601917439,2.68432641134201   ,11.014887630321    ,7.44732378458972   ,16049              ,jul                ,2003               
47.419375986414    ,0.241550487689629  ,246.651745071686   ,1.89523697810483   ,6.63908821688822   ,67.5881727332799   ,20.8067524016099   ,54.3721150713623   ,287.399053642374   ,305.700263854654   ,319.21519376509    ,0.00633105434527856,2.67453739850587   ,9.81888643725074   ,7.20796563764348   ,16069              ,jul                ,2003               
41.974099619077    ,0.261301161694037  ,240.471609117399   ,1.86459071375943   ,6.14440061657691   ,62.0210377894793   ,22.8565061490906   ,59.3735450542758   ,285.500177861913   ,303.980788114706   ,320.620121849343   ,0.00641168062351083,2.30998039666699   ,10.9548120307973   ,7.9377728036104    ,16061              ,jul                ,2003               
47.2162776671349   ,0.600693508767044  ,183.593755651403   ,-2.2750438847496   ,5.52837328400948   ,66.2977362951403   ,22.39962404619     ,62.6372506179516   ,283.730437697665   ,301.176972006764   ,265.851218657682   ,0.00596290633071757,3.29415495919782   ,8.98535973563954   ,8.49988114936694   ,16055              ,aug                ,2003               
44.7686273850649   ,0.515914907156682  ,197.469915283343   ,-2.10519881008645  ,5.56634955846255   ,63.6009671589327   ,21.4838465384614   ,69.1772848297836   ,282.611078881608   ,301.801620963967   ,264.977899678451   ,0.00612876054045651,3.33928637673869   ,9.39623304095107   ,9.05687399624094   ,16009              ,aug                ,2003               
39.921462095161    ,0.522891815939257  ,210.208313966983   ,-1.28462732020766  ,5.34851566783844   ,58.5661263521256   ,22.6556109694512   ,76.7747818959144   ,282.866251402824   ,301.953688137916   ,264.482542496958   ,0.00677374289848   ,3.03685665325772   ,10.2723092123001   ,10.1195121592476   ,16057              ,aug                ,2003               
40.8518445801604   ,0.597628224568169  ,192.784265861467   ,-1.85361783998776  ,5.15233818039858   ,64.1405450691754   ,24.0431101776312   ,63.4648412182721   ,283.611735308747   ,300.479477348086   ,260.421591832028   ,0.00631669135293594,2.82909148701833   ,9.09121450784058   ,8.83828651476612   ,16035              ,aug                ,2003               
37.8465623191113   ,1.02231461486717   ,196.85464029509    ,-1.22173816665686  ,5.11441728591784   ,61.2918942739265   ,21.7389482002722   ,62.7432822924436   ,282.03450983179    ,299.860075229953   ,257.97561174564    ,0.00586106206168086,2.84212497750712   ,9.75175284441521   ,9.0245859980552    ,16049              ,aug                ,2003               
45.7687853649224   ,0.505887508029894  ,228.352526942702   ,1.12595963191221   ,5.4818546338412    ,68.656315278242    ,21.072804792186    ,64.0992701309846   ,286.152253160646   ,303.178712627364   ,260.130117281153   ,0.00673821733358233,2.74131142298312   ,8.53534482729235   ,8.3600094585927    ,16069              ,aug                ,2003               
41.7821135641204   ,0.609282745381604  ,210.232815374631   ,1.15396158951373   ,5.04773768587959   ,63.7792091923884   ,22.6826740009122   ,70.067039519747    ,284.419794768596   ,301.875519982594   ,259.638038992214   ,0.0068144361999743 ,2.38416668395302   ,9.45594072132167   ,9.37934686564916   ,16061              ,aug                ,2003               
38.285748200868    ,1.36314344855002   ,189.097082875728   ,-2.28129252125043  ,3.74153666098913   ,51.541771929287    ,28.2548811898146   ,74.6462063636309   ,279.437205771196   ,295.03930188926    ,178.517997461222   ,0.00521745808823073,4.14380890077034   ,11.3889046038456   ,11.7041174179569   ,16055              ,sep                ,2003               
36.705454495656    ,1.28058812825167   ,195.808873015983   ,-2.1532499310533   ,3.76326120995441   ,49.5672205844104   ,26.9823928330777   ,79.4793724338449   ,278.527079083746   ,295.61147504878    ,181.285110047771   ,0.00530232214795966,4.20096371178561   ,11.7875175355689   ,12.3487033509174   ,16009              ,sep                ,2003               
32.0259511115643   ,1.21138579657177   ,211.127310970962   ,-1.34907535528221  ,3.57315388396382   ,45.6349833609263   ,28.4483369051615   ,83.0169023882548   ,278.919679901123   ,296.099136413574   ,184.383023882548   ,0.00573906132446912,3.66515096034606   ,12.6587368636131   ,13.141951360623    ,16057              ,sep                ,2003               
30.8423767740772   ,1.43011815066569   ,213.208307302292   ,-1.98934905126775  ,3.44442510507828   ,46.9645134298796   ,29.8872757667047   ,74.6828494059191   ,279.200210142236   ,293.967619983977   ,186.325109600097   ,0.00542692519383737,3.63934339037069   ,12.3908670378706   ,12.2343575599582   ,16035              ,sep                ,2003               
33.3406536730533   ,1.04766906921892   ,220.755248100488   ,-1.26290923007502  ,3.51400344906165   ,50.3238708683334   ,26.1747878550292   ,71.2039360963725   ,277.686196636047   ,293.409443910127   ,191.496254882955   ,0.00486798338309825,3.49285412912639   ,11.9518489563537   ,11.1825546964417   ,16049              ,sep                ,2003               
38.6733112229144   ,0.939260582012289  ,224.883550394538   ,0.906961521681617  ,3.77144290796363   ,55.0447022876637   ,26.469453609436    ,73.5231289464097   ,281.936633423178   ,297.447226099024   ,186.986711207643   ,0.00584029219799746,3.30365432587962   ,10.838231178826    ,11.1505130522179   ,16069              ,sep                ,2003               
33.258008171521    ,0.992784180666625  ,217.90713214651    ,0.939108112575512  ,3.45723537196798   ,49.921476044668    ,27.6923539222108   ,77.8916276779385   ,280.229140491328   ,296.257445629109   ,186.995878391949   ,0.00580029150832845,2.93812606221388   ,11.9145574739157   ,12.0439177284556   ,16061              ,sep                ,2003               
25.4708991165905   ,2.00825507418815   ,186.862269107966   ,-2.43000857149786  ,2.11656638103606   ,35.2609887095889   ,34.6615531849985   ,82.447753148172    ,274.946618209144   ,287.138249125722   ,105.100337826207   ,0.00441773719256048,5.1732432273348    ,14.8422218347061   ,15.2653238393231   ,16055              ,oct                ,2003               
26.5520214308578   ,1.55699826897863   ,197.05464242428    ,-2.37873392556546  ,2.18212151363575   ,34.5840378140739   ,33.0815493863465   ,84.3207957593055   ,274.394893109605   ,287.814023677027   ,107.704487021676   ,0.00446595560150809,5.33339376200654   ,15.1347978988388   ,15.5254054960574   ,16009              ,oct                ,2003               
25.1368826024086   ,1.17169179462617   ,207.659805841754   ,-1.69015380449593  ,1.99777577624206   ,33.5383304479045   ,34.2437963813351   ,86.7516687946935   ,274.592426900556   ,288.244720030754   ,113.793259368404   ,0.00468380720998656,4.29764475776303   ,15.4927363111127   ,15.9474058237383   ,16057              ,oct                ,2003               
19.147649568836    ,2.34036659548168   ,204.514408119637   ,-2.18669197574478  ,1.90735054265804   ,32.3879190233373   ,35.9305742229713   ,81.1699821875673   ,274.611243200052   ,286.212328705498   ,114.767882025096   ,0.00433266918660067,4.18776382034459   ,15.6275243641759   ,15.4069470673411   ,16035              ,oct                ,2003               
25.3004659779449   ,1.5305506037447    ,215.366418221647   ,-1.74644879256217  ,2.0770275609164    ,38.7810581495928   ,32.470538084695    ,81.3387825760989   ,272.89083395373    ,286.047781362417   ,125.068757027502   ,0.00401296784955594,4.1261849679337    ,13.9838163472853   ,14.4722094068031   ,16049              ,oct                ,2003               
30.2836189346882   ,0.682640067679071  ,215.696852303176   ,0.0711620041499588 ,2.16161870267528   ,42.8802022320331   ,32.3561386534813   ,80.7665079257314   ,276.884260453005   ,289.346378841667   ,119.342983475837   ,0.00472754821680857,3.79732454710425   ,13.037260090254    ,13.9100104676704   ,16069              ,oct                ,2003               
25.6853808738889   ,0.736465303330096  ,208.051943692294   ,0.00455920812840633,1.920083610551     ,38.8321629562113   ,32.9914783779318   ,84.2183772671607   ,275.396550783886   ,288.385503953503   ,119.713079085384   ,0.00462000238939375,3.2238847693263    ,14.0310406224691   ,14.7846336802048   ,16061              ,oct                ,2003               
8.01882212840567   ,4.45255945405025   ,188.842034128361   ,-2.64679864273804  ,0.749197692438367  ,13.9665026713611   ,55.7234748434792   ,91.662165124001    ,268.277502227909   ,276.01618470243    ,56.6860334728644   ,0.00296851355229237,4.6520285866061    ,21.1578689983352   ,20.7493796149726   ,16055              ,nov                ,2003               
8.03705735625369   ,4.04103936070404   ,200.775986256609   ,-2.69128135793073  ,0.789437615257161  ,14.1667548640575   ,54.4405820304825   ,92.5770287816576   ,268.46930767112    ,276.343716960358   ,56.8808081181092   ,0.0030523999213219 ,5.12852769441153   ,20.8579945319738   ,20.712633919951    ,16009              ,nov                ,2003               
8.38169378659564   ,3.6862507481277    ,199.723231952826   ,-2.1651216596365   ,0.843809470653534  ,14.7382591862292   ,53.4475555613836   ,92.511547217687    ,269.123814951579   ,277.308190973918   ,61.4021874262492   ,0.00317501751517799,4.51460022999843   ,20.6143944377899   ,20.341407526811    ,16057              ,nov                ,2003               
6.13911777404496   ,6.39007845417327   ,204.139065049046   ,-2.31570929951488  ,0.826373135986842  ,10.7540005361444   ,55.0052574211481   ,88.1712577553683   ,268.81220355044    ,275.769067290335   ,60.2069104040064   ,0.00299324088309379,4.53171101796367   ,22.6051660477905   ,20.5710222394807   ,16035              ,nov                ,2003               
7.88207269961085   ,4.11570141304695   ,218.167227816815   ,-2.14967366517546  ,0.913594114653535  ,14.9782765759837   ,50.8827753689695   ,87.7747663370848   ,266.548648026812   ,275.166222916745   ,68.9540698391583   ,0.00270552324161453,4.72231429756966   ,20.5788339398837   ,19.5482225844395   ,16049              ,nov                ,2003               
12.9255667234856   ,1.91296013096437   ,204.30995760015    ,-1.38098016179394  ,1.01982691100468   ,24.5390869389437   ,50.4872796277949   ,86.1289554725144   ,270.804966469287   ,278.820472203219   ,63.5462832835056   ,0.00326437026959738,4.07646880503644   ,16.9404365627948   ,17.253541022486    ,16069              ,nov                ,2003               
12.0371656425291   ,1.76728955502352   ,195.740221486998   ,-1.47742913380142  ,0.847599938762254  ,20.8057610052676   ,52.4660672810452   ,90.0960129383182   ,269.341793142271   ,277.526079876692   ,63.6409182587931   ,0.00316142484995655,3.49165065992962   ,18.2344142683938   ,18.583277334786    ,16061              ,nov                ,2003               
2.87397970066582   ,3.31018366464126   ,170.042348721979   ,-2.57789863063475  ,0.327792345435296  ,1.19876884785934   ,69.5943079452619   ,97.8220683439278   ,268.399897713785   ,273.91939349809    ,43.1220031183606   ,0.0031514401724709 ,3.45896909366092   ,28.5609501348111   ,24.2338928350859   ,16055              ,dec                ,2003               
2.24629714904469   ,3.49202508720068   ,182.017785716762   ,-2.71190780683382  ,0.354858780341109  ,0.830160853722412  ,69.8900211748052   ,97.9383168463171   ,268.817050977477   ,274.104279292782   ,43.4908347917967   ,0.00327728218100487,3.91271031619999   ,28.6274043713331   ,24.6099993982259   ,16009              ,dec                ,2003               
2.51605433702663   ,3.25992042528093   ,187.126018151005   ,-2.23658398061991  ,0.359476199607986  ,1.24269140761532   ,69.101832505544    ,98.6959793968201   ,269.056184453328   ,274.82378620402    ,45.0906378091176   ,0.00342186002264498,3.73276181737582   ,27.8840682061513   ,24.6541611735026   ,16057              ,dec                ,2003               
1.28497404121013   ,4.79345731736595   ,189.471816641869   ,-2.15816562510948  ,0.380733274764705  ,0.490426530141332  ,67.8143694206222   ,96.9209276646943   ,268.331954214084   ,274.141559387379   ,48.0749928292294   ,0.00327824808550845,3.58979131950721   ,29.9173500169911   ,24.7462462066344   ,16035              ,dec                ,2003               
3.34172017379324   ,3.89499363227515   ,212.89375839006    ,-2.00263145573433  ,0.477026850773518  ,2.94271737275693   ,62.5002183805772   ,96.0117855240399   ,266.141116406871   ,273.655655223966   ,53.5977894224079   ,0.00297424754204283,3.96347113320064   ,26.9775690379551   ,23.3824022857988   ,16049              ,dec                ,2003               
5.08353900088262   ,2.27419622148953   ,195.047923614465   ,-1.67074830232457  ,0.422497039530493  ,5.86253607347311   ,66.2003349144403   ,97.6843252124208   ,270.256104641675   ,276.386873921821   ,48.0375193106299   ,0.00359656999266164,3.32465075894048   ,23.7998247260503   ,23.1073280268174   ,16069              ,dec                ,2003               
4.04317916304697   ,2.13746361112217   ,183.182812823441   ,-1.59372732954577  ,0.357718771757153  ,4.49832131026689   ,66.1407411916854   ,98.3019778690391   ,268.785601289607   ,275.332644035402   ,47.6710101374581   ,0.00346254416498979,2.86023526263138   ,24.3944307503293   ,23.3588630975771   ,16061              ,dec                ,2003               
