bi,pr,th,pdsi,pet,erc,rmin,rmax,tmmn,tmmx,srad,sph,vs,fm1000,fm100,countyfips,month,year
0.591158939959929  ,6.82224017288697   ,207.558015951736   ,-0.0824898480040383,0.554008854633464  ,0.160718830774788  ,70.2415851130676   ,96.1774354613383   ,272.014836574541   ,276.952700034724   ,46.7689252261161   ,0.00393881126460008,4.97597522694767   ,31.2532688096812   ,24.996744031563    ,16055              ,jan                ,2006               
1.05359432846254   ,6.62469844895821   ,212.649373432588   ,-0.463848281717865 ,0.607321988270014  ,0.286389079766695  ,69.3693636089455   ,95.5040912063869   ,271.877029852914   ,276.919926237983   ,47.8829998315621   ,0.00392306546168126,5.79521899597407   ,31.2337342710253   ,24.676288138002    ,16009              ,jan                ,2006               
1.21192108876072   ,5.85359074220061   ,206.084618323541   ,-1.23151280909777  ,0.656344899370545  ,0.41444830369854   ,66.9859368047407   ,95.8082193448467   ,271.818500090568   ,277.58041507844    ,48.2453249617546   ,0.00390412851259293,4.98185381314447   ,31.0084880155133   ,24.4392121404217   ,16057              ,jan                ,2006               
0.381629166205406  ,8.2702971854859    ,208.430211786602   ,-0.512678056545792 ,0.559922308260454  ,0.10456229900693   ,69.8156490098289   ,96.5575102901244   ,270.575582875128   ,275.992581668561   ,54.9748711551202   ,0.00369033221017927,4.86414181553617   ,33.4018389516416   ,25.8352936495133   ,16035              ,jan                ,2006               
3.12299495156228   ,5.04335772059239   ,221.194622103974   ,-0.31359119740041  ,0.689827075451135  ,3.03733470257472   ,62.1178607445688   ,94.143297310073    ,267.833388734053   ,275.300275026891   ,65.2584510500851   ,0.00322320597691633,5.17896967993832   ,27.9332894114484   ,23.1203845410759   ,16049              ,jan                ,2006               
5.22274509210548   ,2.71914120016683   ,208.907422473559   ,-2.06428624304433  ,0.805182555742782  ,6.03826153957271   ,62.0546788855094   ,92.5859771907504   ,272.601532701009   ,278.81356096095    ,52.416708502869    ,0.0038996273431018 ,4.43660057968819   ,25.0572129863695   ,21.5334457305663   ,16069              ,jan                ,2006               
5.07244864682911   ,2.08135762370148   ,197.374760289346   ,-2.07354004964356  ,0.637852263999634  ,4.76708957292817   ,64.1843548248177   ,96.4121195417631   ,271.1038138609     ,277.905230093752   ,53.9698669300878   ,0.00385140634512554,3.77681311562169   ,25.211946873117    ,22.4683767500257   ,16061              ,jan                ,2006               
12.0648464737515   ,2.53303504770272   ,176.779074594562   ,0.878995734968303  ,1.1019840608058    ,11.4601588712409   ,46.0721676600533   ,84.4632812306013   ,267.084235353375   ,276.565455226461   ,86.049562240614    ,0.00259434257187999,4.654380166867     ,25.7558062490052   ,17.4257922625275   ,16055              ,feb                ,2006               
11.0733799617834   ,2.21157595714269   ,185.003550428812   ,0.668184470377965  ,1.19031668175405   ,11.0141492054915   ,43.8736059994186   ,85.7531733242818   ,266.704148493273   ,276.914319996902   ,87.4788326334369   ,0.00257455522196424,5.00924329423139   ,25.6914987777716   ,17.6199276142975   ,16009              ,feb                ,2006               
10.0534466717623   ,1.86060491636928   ,186.506592464617   ,-0.207684841305017 ,1.24410429982202   ,11.4063956091267   ,42.7600323496546   ,85.8337169476918   ,267.120717571803   ,277.635650683812   ,88.4610628482274   ,0.0026094014355892 ,4.35868859652962   ,25.234163111278    ,17.3663221880368   ,16057              ,feb                ,2006               
6.11504972817432   ,3.53054549842645   ,179.224803194813   ,0.763807517456034  ,1.15616722148653   ,6.25620541072638   ,45.2818783560897   ,84.2938234481305   ,265.82808633745    ,276.031613547217   ,99.5522398813294   ,0.00246927937777455,4.38313003600418   ,28.3141966599131   ,18.3832771108792   ,16035              ,feb                ,2006               
9.1900844985425    ,2.61459041229182   ,194.153643579762   ,0.367520064902909  ,1.22799115952101   ,12.4057722160873   ,41.5425189867      ,82.1326070430075   ,263.265779564508   ,275.315228985136   ,108.223130456193   ,0.00216362093998155,4.45813877527357   ,24.472495393248    ,17.1541360121955   ,16049              ,feb                ,2006               
16.5002706480002   ,0.892055554328254  ,191.82808678641    ,-1.80599107497011  ,1.35981204639622   ,22.9811525942503   ,41.8919815674732   ,79.1284602455186   ,268.684622562779   ,278.549712927857   ,99.4365661605066   ,0.00265306038665385,3.88494077212169   ,19.8958854138897   ,14.7029555108003   ,16069              ,feb                ,2006               
13.7272067868306   ,0.811816424742746  ,180.569940230817   ,-1.94378078669392  ,1.16994984667867   ,20.0632470761291   ,43.3478644068717   ,83.6385651231516   ,267.032323175225   ,277.300303957961   ,96.5444153039205   ,0.0025718654260914 ,3.35609103074251   ,20.6080116994829   ,15.8875496183404   ,16061              ,feb                ,2006               
8.5279220707202    ,2.52803893384746   ,156.347710832551   ,0.672769272181273  ,1.61549460065012   ,12.3666953202676   ,49.5217534653555   ,89.6966244408797   ,271.189871478742   ,280.52187759924    ,140.626966406811   ,0.00352774068127356,3.91576907876224   ,22.7897148643786   ,18.4267574473869   ,16055              ,mar                ,2006               
8.04724375293243   ,2.46298336011122   ,171.572676979392   ,0.282990860685139  ,1.69266337025459   ,12.0646828323394   ,48.0396586929848   ,91.4534052065889   ,271.008833903942   ,280.798735547052   ,145.489965579737   ,0.00354449164955538,4.19071450167927   ,22.790684076911    ,18.6027059846308   ,16009              ,mar                ,2006               
7.65295411950503   ,2.26704616027013   ,182.042876436499   ,-0.70104238967256  ,1.74728690326214   ,12.6621960011701   ,46.5699901088592   ,92.3208173850275   ,271.20466304656    ,281.385810438587   ,145.901632697813   ,0.0035930597319478 ,4.03234403002647   ,22.3412708799301   ,18.519950860085    ,16057              ,mar                ,2006               
5.03019803664019   ,3.18252529922273   ,180.135917816198   ,0.585979295441887  ,1.70921811515716   ,8.41579797547502   ,46.1659878299757   ,88.9864299422696   ,269.967161455267   ,280.045303363458   ,159.329103874524   ,0.00332441198126877,3.70090605556855   ,24.7667429476604   ,18.557279542305    ,16035              ,mar                ,2006               
6.50074049777868   ,2.90868583573472   ,197.942000884983   ,0.352401716273623  ,1.6903944328388    ,12.6861594740485   ,43.974821231335    ,87.165381157973    ,267.414773799193   ,278.475146185785   ,160.465956498599   ,0.00292851179364882,3.91295386573443   ,22.648545535653    ,17.7291303288557   ,16049              ,mar                ,2006               
12.265705476453    ,1.83795204803885   ,190.642441935635   ,-1.97571274107687  ,1.84150372518328   ,21.0718073040036   ,44.4506370474681   ,88.9368465213667   ,272.290487129194   ,282.150172348246   ,148.122672235141   ,0.00366442292560874,3.71677202316364   ,18.9123254303523   ,16.9343908906949   ,16069              ,mar                ,2006               
10.5304531526996   ,1.95483643201884   ,183.38386893622    ,-2.04669198837451  ,1.70028518596766   ,19.4211574910133   ,44.9556073834819   ,88.4276701587259   ,271.034928157342   ,280.876657545455   ,146.39843450499    ,0.00345838811063319,3.28492675641796   ,19.5777522038536   ,17.045148057513    ,16061              ,mar                ,2006               
12.9416257479699   ,2.28170442500232   ,193.906082386048   ,0.84710052435188   ,2.85750136785874   ,18.5811982471429   ,41.6495679269275   ,82.0101082120249   ,274.69642971965    ,286.092787938582   ,197.30014451057    ,0.00426035736251842,4.36738170117181   ,21.3717761258202   ,15.4324410866317   ,16055              ,apr                ,2006               
11.5184844691777   ,2.18395107307965   ,202.307821893151   ,0.387260908796808  ,2.82777206768416   ,16.2839354417674   ,43.0636846459594   ,84.9314361105774   ,274.135736306696   ,285.990175837831   ,199.47917717627    ,0.00430110500582643,4.46846499699342   ,22.0241748561521   ,16.2412100167434   ,16009              ,apr                ,2006               
11.15429907737     ,2.22033116536339   ,209.200443506101   ,-0.404560951992171 ,2.84906904822588   ,15.4057400153329   ,43.9802242714564   ,86.922157711029    ,274.324966262817   ,286.50063444519    ,209.570288728078   ,0.00444341282527118,3.89329009409746   ,22.3341038188934   ,16.7427271409035   ,16057              ,apr                ,2006               
7.83387218798702   ,3.74694908975589   ,206.324222491256   ,0.694287062960829  ,2.83763024108018   ,12.2477361627149   ,42.793542093488    ,85.2756790983752   ,273.632786824587   ,285.209087066973   ,220.630492636887   ,0.00419054421954089,3.88143029894268   ,23.6674652059957   ,16.96830565091     ,16035              ,apr                ,2006               
10.5784567463844   ,3.1973233176322    ,210.185971239495   ,0.60021019944422   ,2.81822380127198   ,15.3146414505609   ,41.6967977235895   ,85.5278906339907   ,272.182412465255   ,284.117031752971   ,224.857656075968   ,0.00399013214974453,3.9546758430912    ,22.5129652062034   ,16.5986971282721   ,16049              ,apr                ,2006               
13.3434213411368   ,2.04245960946708   ,216.312390394113   ,-1.45264663956329  ,3.03126295989847   ,20.5051760519252   ,42.205199992848    ,84.4655344233793   ,275.747893658806   ,287.617377204011   ,214.693980481153   ,0.00461895628377825,3.64380351718309   ,20.2227833321175   ,15.7538925413142   ,16069              ,apr                ,2006               
11.4459172299704   ,2.35927538960023   ,208.972721328946   ,-1.54564066994781  ,2.78429019477413   ,18.347934989233    ,43.6962592674024   ,86.6590807964651   ,274.275356269605   ,286.304828242362   ,211.491202091185   ,0.00448141358555461,3.21644755468881   ,20.8915434156896   ,16.4212408243132   ,16061              ,apr                ,2006               
21.4414481217169   ,2.48707635059595   ,177.039820326604   ,0.506926972005102  ,4.45191039647237   ,36.2707159087175   ,32.840315121603    ,70.8293886948088   ,278.313424520975   ,292.656854935128   ,263.346747139734   ,0.0051099982916071 ,3.87554673167097   ,15.4789594015752   ,11.8992506102169   ,16055              ,may                ,2006               
21.3204340726161   ,2.24200932644869   ,184.282850629206   ,-0.200636302343252 ,4.60664841632257   ,35.6762577148994   ,31.3934617516739   ,72.9069712217083   ,277.637172040013   ,293.331965933412   ,270.852195270827   ,0.00507519220111856,3.93848939484871   ,15.7795190691015   ,11.9228485022412   ,16009              ,may                ,2006               
20.1865731880081   ,1.86753136114728   ,196.735013387742   ,-0.632770344230036 ,4.57304479672063   ,34.6749498814921   ,32.7920703174222   ,73.8570601887857   ,277.99563769925    ,293.727679664858   ,277.29433919722    ,0.00532954909865023,3.45738470448602   ,16.0878592191204   ,12.0353529643243   ,16057              ,may                ,2006               
19.4925815026917   ,2.99229752520483   ,198.917329740672   ,0.14843566308879   ,4.48992191054182   ,32.8877723647084   ,30.8968655048951   ,68.1046806025341   ,277.576635927212   ,292.012599439061   ,279.723428208352   ,0.00472957765095731,3.47202375037506   ,17.0937394955665   ,11.9368429534686   ,16035              ,may                ,2006               
19.9883468727344   ,2.46774393159726   ,202.814377886285   ,0.0443045779715199 ,4.42711113192837   ,34.8703846058122   ,29.4522741996087   ,69.4669388882909   ,275.619713349018   ,290.696409353937   ,282.662431849159   ,0.00433834067906625,3.56837242871024   ,16.2627319779061   ,11.6812507603608   ,16049              ,may                ,2006               
21.5806476269705   ,1.69251541480774   ,206.648853567997   ,-1.49223365779442  ,4.80235684226459   ,39.6781542814043   ,30.6030610788479   ,66.1073117054638   ,280.007779021211   ,294.64753397543    ,283.206738079624   ,0.00538170171952351,3.22753699405329   ,14.6720407698017   ,10.8593720990418   ,16069              ,may                ,2006               
18.6576681123742   ,1.95249323529804   ,197.519896844948   ,-1.62228598017707  ,4.45714148075795   ,36.5207692110453   ,32.1432350243101   ,69.1939309383831   ,278.519934279732   ,293.092233684787   ,281.250750987888   ,0.00521308956831029,2.86769121295768   ,15.4578242458302   ,11.5318228664541   ,16061              ,may                ,2006               
19.3470027051437   ,3.13777137222113   ,199.67251570681    ,0.561374451073375  ,4.78467653809915   ,29.6330083276673   ,40.2696528914861   ,76.3017979683372   ,282.376563935875   ,295.891256772474   ,266.893283962255   ,0.00721224244353099,3.63546006532363   ,17.8449998417345   ,13.050143821282    ,16055              ,jun                ,2006               
20.0753048560448   ,2.60868598006416   ,204.438717232618   ,-0.0846348722094277,4.80113877145026   ,30.82927338903     ,39.6691328131471   ,79.7590689318655   ,281.507837431718   ,296.292363593047   ,266.05750571407    ,0.00721432196244568,3.68566772951882   ,17.4078911587567   ,13.051787651126    ,16009              ,jun                ,2006               
17.3812804020806   ,2.18423524202903   ,217.625357654345   ,-0.514808000514895 ,4.68681158437331   ,29.1500229797363   ,42.9271658137639   ,84.4332290840149   ,281.605076853434   ,296.322995707194   ,280.975456054687   ,0.00766374443657696,3.12071855527163   ,17.5787929197947   ,13.7455599695841   ,16057              ,jun                ,2006               
14.9921450083279   ,2.64044259056774   ,221.632862342151   ,-0.0941110357322394,4.68451627058576   ,29.4189653407024   ,38.6653473105373   ,72.8720201664361   ,281.647379931503   ,295.258501743481   ,270.252423665354   ,0.00678636480207798,3.06777472845092   ,17.7001159741897   ,12.5055536716399   ,16035              ,jun                ,2006               
15.74920058943     ,2.58625987564744   ,226.222976129598   ,-0.526437210889518 ,4.72865951988515   ,30.4594897728475   ,36.1651445691992   ,74.0764239092606   ,279.862140829137   ,294.373185800508   ,284.176182732313   ,0.0064475285973605 ,2.97963047547065   ,17.312023525657    ,12.6435352905626   ,16049              ,jun                ,2006               
19.0244161274622   ,1.91566955490227   ,224.495910616509   ,-1.40063108140918  ,4.967780251214     ,34.9928388819125   ,39.1889293126669   ,73.975578584178    ,283.724545725994   ,297.145410294966   ,285.908715946789   ,0.00741508971769429,2.86700766686875   ,15.9020962359858   ,12.0789765060054   ,16069              ,jun                ,2006               
14.5002901211154   ,2.17877876168276   ,220.174124805691   ,-1.63866331356195  ,4.62910621386257   ,29.928788319501    ,41.828286456799    ,76.9119981739475   ,282.171580185903   ,295.420456163811   ,285.214919835871   ,0.0072459533852307 ,2.53873557210297   ,17.2071305391874   ,13.0241747471912   ,16061              ,jun                ,2006               
46.4895440524321   ,0.281108723603981  ,198.929934631539   ,0.430225821225228  ,6.48151040972901   ,59.9768704751502   ,24.8796781868823   ,58.5532416309887   ,285.302502201576   ,302.142699761836   ,316.093470962466   ,0.00667520206423221,3.52052339419701   ,11.2538335841442   ,7.68195361184612   ,16055              ,jul                ,2006               
49.0024154841277   ,0.226851951685724  ,215.600086364338   ,-0.156094485365729 ,6.57666658558766   ,59.945128138135    ,23.6079771926918   ,64.4379160932558   ,283.788323466663   ,302.775703117078   ,316.401559985897   ,0.00659681632458854,3.61023050952809   ,11.3566213978409   ,8.06875182372237   ,16009              ,jul                ,2006               
42.7881209577775   ,0.18556967125785   ,229.468231100267   ,-0.582598326146447 ,6.44149054473446   ,56.2113313136562   ,24.3205998948313   ,69.576857403786    ,283.771858579574   ,303.189124810003   ,321.68965210207    ,0.00684809566325238,3.16949344844587   ,12.0420978693039   ,8.80968625437829   ,16057              ,jul                ,2006               
41.5591049474887   ,0.287738306781064  ,222.678788892314   ,-0.512188281496715 ,6.25243866842814   ,59.3935750150781   ,24.4678546530175   ,56.0610860775025   ,284.153027326684   ,301.690076243038   ,322.304610225779   ,0.00630495014324419,2.93789093685713   ,11.3746075683195   ,7.68184758419637   ,16035              ,jul                ,2006               
38.5389557944044   ,0.427908680299492  ,230.285908564766   ,-1.08265311966351  ,6.09523413912975   ,57.2539101762421   ,22.7155474437212   ,56.8743905849141   ,282.760051546441   ,301.119654456444   ,316.750026490052   ,0.00613628898526017,2.81765027006308   ,11.8417848186753   ,7.82883316872811   ,16049              ,jul                ,2006               
46.7146689873537   ,0.209302665556178  ,237.459289195436   ,-1.54896689143278  ,6.76548839931511   ,64.9240554137047   ,20.4192372775806   ,55.0473879074997   ,286.998128720228   ,304.608911869298   ,321.0510637995     ,0.00629303088084433,2.94776512543374   ,10.4106926592708   ,7.11909032320388   ,16069              ,jul                ,2006               
40.2164323317483   ,0.261509367996011  ,232.018116950226   ,-1.85806049931969  ,6.19969358167086   ,59.1171320005278   ,22.5225848823635   ,61.7831459228467   ,284.934906974026   ,302.86129596398    ,322.563038743867   ,0.006423093985356  ,2.52500902416229   ,11.5244298550772   ,8.01706542755184   ,16061              ,jul                ,2006               
46.6585368783711   ,0.468940195003291  ,196.363643312247   ,-0.440328714308752 ,5.44887055702518   ,65.7510059209328   ,21.8187009127004   ,64.4293291655793   ,282.455369619929   ,300.106131884454   ,274.144679019006   ,0.00547490316510154,3.32647139711493   ,9.11222294749578   ,8.55617822170827   ,16055              ,aug                ,2006               
45.5101978112756   ,0.489310265070929  ,211.412791968609   ,-0.778120317123463 ,5.57630757034951   ,62.9421777450349   ,20.1144236913959   ,69.9653712507649   ,281.186954778623   ,300.81696112353    ,273.846182680285   ,0.00543940051056666,3.47305081270196   ,9.61939665833874   ,9.16090021481107   ,16009              ,aug                ,2006               
41.6346887253138   ,0.4212371372071    ,224.810275747853   ,-1.04170820806175  ,5.46469780691208   ,59.8467951873041   ,20.4816570743438   ,74.6553882752695   ,281.329043579102   ,301.112070908085   ,273.169499853811   ,0.00574638082578237,3.2569395337374    ,10.1408825199066   ,9.83194764675633   ,16057              ,aug                ,2006               
36.3308649660352   ,0.731419318842463  ,208.392720713708   ,-1.10000712799671  ,5.12264141181656   ,62.1367550749559   ,21.9190600069745   ,61.0182350795818   ,281.601319957786   ,298.948419926429   ,269.167327348056   ,0.00521845513244056,2.93138852787239   ,9.44466226286122   ,8.69617957627555   ,16035              ,aug                ,2006               
39.9861604807517   ,0.737979929020739  ,219.136191810557   ,-1.65134499984627  ,4.97022621379806   ,63.3909563510101   ,20.4952897500551   ,60.7679325043116   ,279.671424535988   ,297.751649894422   ,265.396820614074   ,0.00482068237998014,2.88082824360248   ,9.50139886278333   ,8.56769696450945   ,16049              ,aug                ,2006               
48.2226357958202   ,0.335484261597686  ,232.568088529602   ,-1.90304594148289  ,5.67146256839034   ,71.9208105872659   ,18.0610609719193   ,59.5837305550002   ,284.511166548717   ,302.083892048403   ,268.297885274237   ,0.00540372862943109,3.06268246712223   ,8.0919901803997    ,7.58723661577535   ,16069              ,aug                ,2006               
39.7335104723683   ,0.434792340624113  ,224.208373148325   ,-2.30177667388082  ,5.15468551072716   ,65.0549431696347   ,19.5217331755609   ,66.2493688903215   ,282.443622215879   ,300.50312035931    ,266.864684474846   ,0.00544869548182312,2.6549968808945    ,9.12071368637736   ,8.65705282953192   ,16061              ,aug                ,2006               
39.8680550242908   ,0.770295097504133  ,196.266300070482   ,-1.16399667492783  ,3.63432270129849   ,54.6477885307762   ,28.1305744125356   ,74.486495201676    ,279.802684069138   ,295.441880017609   ,188.948914039936   ,0.00516981633194174,3.47358395264309   ,10.8052492459615   ,11.8039029332672   ,16055              ,sep                ,2006               
35.056867997777    ,1.10460717417079   ,205.721185943149   ,-1.30308933370918  ,3.63394800505695   ,49.4982179099991   ,27.3945847494362   ,78.7891585585163   ,278.745532178408   ,295.671997515737   ,191.863133212659   ,0.00514334739811344,3.51841950682258   ,11.8690128414824   ,13.0233647707651   ,16009              ,sep                ,2006               
33.2087366986523   ,1.17970375460386   ,228.747931467017   ,-1.46252789874872  ,3.52982018053532   ,47.4008598732948   ,28.5146300845146   ,81.1422129230499   ,278.866368189494   ,295.960538172404   ,195.028256783803   ,0.00536202368221711,3.16243342113495   ,12.4120323680242   ,13.7116943423748   ,16057              ,sep                ,2006               
28.4109971786879   ,1.92413773259661   ,218.614458551165   ,-1.38003827803168  ,3.44632685009739   ,48.2869991044413   ,29.0120933546156   ,69.950886529327    ,279.289498794911   ,294.10852436391    ,192.094321038943   ,0.00483967227963179,3.08304229339216   ,12.0186911585971   ,12.2780941320692   ,16035              ,sep                ,2006               
30.0860057256256   ,1.8973839924484    ,231.043699400768   ,-1.83224727299321  ,3.45370351717841   ,50.3228405504407   ,26.1803512993192   ,67.6586704257724   ,277.362192477421   ,292.883474401045   ,196.591273073859   ,0.00433115877300581,3.16402765413063   ,11.7646023532239   ,11.7317301121697   ,16049              ,sep                ,2006               
39.0780261329873   ,1.12273831382102   ,244.034487196978   ,-2.15581878387567  ,3.76310752624921   ,59.1208711590146   ,24.8310007973363   ,69.6355163985608   ,281.787438089027   ,297.127763894365   ,196.062442937977   ,0.00506362193942638,2.91342774397974   ,10.0451832664629   ,11.2359972010747   ,16069              ,sep                ,2006               
31.8036034269754   ,1.3296536449969    ,238.358837668364   ,-2.52066115505439  ,3.41282935459423   ,52.3187683431242   ,26.4959337796718   ,74.1050619937172   ,280.001737639792   ,295.821039722117   ,194.667214090437   ,0.00505523872180116,2.5415873708147    ,11.3341486089486   ,12.3307859073329   ,16061              ,sep                ,2006               
24.7515248586149   ,1.46145783196039   ,201.649636231775   ,-1.40892817928304  ,1.61601329105365   ,33.687468086662    ,39.2098563267829   ,88.2234340005862   ,273.270358007774   ,285.363567709306   ,113.157033753936   ,0.00412746967340624,3.56169103076698   ,15.3940738763813   ,16.2352745456713   ,16055              ,oct                ,2006               
23.3509538593759   ,1.32028027071391   ,205.84021194449    ,-1.38023879730255  ,1.65463982303194   ,30.3634790734358   ,37.7170646286666   ,90.820068624416    ,272.306107362506   ,285.805080937347   ,115.261535849865   ,0.00413206196974502,3.66903990145334   ,16.6012136632647   ,16.845723678966    ,16009              ,oct                ,2006               
19.8358320289188   ,1.12363759853667   ,215.615667483557   ,-1.39566053062677  ,1.57917347629224   ,26.8931796201583   ,39.1020178893305   ,93.936949537954    ,272.237253964332   ,286.14465823758    ,121.384091177294   ,0.00434047178451663,3.18702956663024   ,17.5366546595481   ,17.6728522316102   ,16057              ,oct                ,2006               
19.0173711813339   ,1.62091224067904   ,210.358151023351   ,-1.31849961520722  ,1.60162440809519   ,30.7699736086577   ,39.8412410656996   ,84.2800453090817   ,272.586563730568   ,284.259932293684   ,121.224632050374   ,0.00394764852720532,3.28544748118863   ,16.1946937417883   ,15.6288364823466   ,16035              ,oct                ,2006               
18.5425393018293   ,1.66320481070533   ,222.388408938031   ,-1.54931163851132  ,1.71032129802983   ,31.5744894350758   ,36.8505749407595   ,82.1561239917433   ,271.089565025994   ,283.439547840726   ,129.356485728261   ,0.003613170279994  ,3.5324842981277    ,15.9405968718573   ,15.2506464946393   ,16049              ,oct                ,2006               
23.59173164757     ,0.709345319758659  ,219.138092577982   ,-1.92611379387544  ,1.75369149831805   ,36.5543858446046   ,35.593287917238    ,85.7178707826913   ,274.436855811671   ,286.914682767012   ,126.716153272991   ,0.00422653026974585,2.96396015351325   ,14.5763300378631   ,15.0404466436056   ,16069              ,oct                ,2006               
18.7322731490239   ,0.819550086139552  ,210.046582715475   ,-2.21527893664751  ,1.56064460638109   ,31.4632493130718   ,37.0107982112261   ,89.0543700167097   ,272.828767732251   ,285.727160891861   ,125.242375752412   ,0.00415333841637599,2.59354869426647   ,15.8868324072067   ,16.087051043921    ,16061              ,oct                ,2006               
1.50119103644227   ,8.94931033148605   ,213.573340072259   ,-0.272583418994611 ,0.894321789199024  ,2.64565060859928   ,58.2777791498129   ,92.6517152427809   ,271.255449729888   ,278.201719939725   ,55.7857544795639   ,0.00374307111938853,5.48872235961085   ,26.9279444897289   ,23.64625017208     ,16055              ,nov                ,2006               
1.31391418258029   ,8.25363403800912   ,213.620456262712   ,-0.193272257109836 ,0.94639117556975   ,2.26582616636648   ,57.2134871872219   ,94.1156878665119   ,271.214707690959   ,278.320601020527   ,56.5758377601879   ,0.00378950854379471,6.21590016151556   ,27.3229584989228   ,23.9837681642416   ,16009              ,nov                ,2006               
0.984034043602335  ,7.50342660564681   ,211.132847177029   ,-0.141381373008092 ,0.919211525828888  ,2.37273730621615   ,56.4941911951701   ,95.6937681744893   ,271.666969975789   ,279.148919815063   ,59.2147078736623   ,0.00393798328070746,5.23844372689724   ,26.9857076686223   ,23.8944498575528   ,16057              ,nov                ,2006               
0.559285780678453  ,11.4208768814771   ,210.005068432067   ,-0.192858579546906 ,0.873163779745951  ,3.07286010292162   ,57.4658486842773   ,92.9659457042068   ,270.716222652035   ,277.528258027822   ,58.2331872374848   ,0.00364874244086005,5.002396664958     ,26.430334861586    ,23.6198000311095   ,16035              ,nov                ,2006               
2.69220973445957   ,6.82280065925909   ,220.964184571645   ,-0.80757851885795  ,0.972317860632136  ,6.69936748374429   ,52.5392531899892   ,93.4037618620803   ,268.618974186335   ,276.88303063238    ,63.9449648062884   ,0.00334032713060749,5.42071885571563   ,24.0760615184807   ,22.1531780793521   ,16049              ,nov                ,2006               
3.61369615395341   ,4.10024160839179   ,212.721070965174   ,-1.21161151737134  ,1.06725260436854   ,10.1523314696287   ,51.3551769997772   ,93.135862569418    ,272.765776184408   ,280.667353233297   ,60.5633573623902   ,0.00399588310106204,4.55188041702311   ,21.8943949099318   ,21.0237596061353   ,16069              ,nov                ,2006               
3.01147307737669   ,3.70209153665656   ,200.392343576815   ,-1.59493672420827  ,0.915470354320589  ,9.00643977895873   ,51.8966053949571   ,94.3038795345086   ,271.347772754848   ,279.581793448288   ,61.0089655692256   ,0.00382282070237656,3.8214175521178    ,22.3618418886642   ,21.2633485322485   ,16061              ,nov                ,2006               
3.52102809234948   ,2.98933558138637   ,171.44486153685    ,1.10815169602161   ,0.46853384705406   ,2.82070741049143   ,65.6478642938559   ,90.5916459720648   ,268.431066710337   ,274.695092480402   ,44.7064531284432   ,0.00300523995649228,3.78685055879572   ,27.588027034702    ,21.5476338984381   ,16055              ,dec                ,2006               
3.61259264530434   ,2.81936612768756   ,186.685406870344   ,1.15357033882053   ,0.504197696980669  ,2.40694167454758   ,63.4205773204976   ,92.5234762955464   ,267.970241015432   ,274.563798718575   ,45.6109042526937   ,0.0029863290851054 ,4.28122357713165   ,28.0676694121351   ,22.0081863670424   ,16009              ,dec                ,2006               
4.12538782837987   ,2.70631168244282   ,180.348464134216   ,1.04787705205798   ,0.534779646717012  ,2.54369866049938   ,61.7660213457743   ,95.1990794003805   ,268.148838368734   ,275.32614646403    ,48.1881951920191   ,0.00308383101479073,4.10752906946341   ,28.0247109114329   ,22.5486063623428   ,16057              ,dec                ,2006               
3.50766649148348   ,4.01744274087172   ,185.561480697836   ,1.01355711339769   ,0.553789758515151  ,2.35402172056771   ,61.2895344228119   ,89.6438472866088   ,267.782778213426   ,274.764061047243   ,52.4731846699167   ,0.00295756069749776,3.91977869079431   ,28.7092452123184   ,21.6896629250159   ,16035              ,dec                ,2006               
6.90927548583111   ,2.98855771233756   ,207.982607397285   ,0.0624646960882532 ,0.729713312141456  ,7.96823644947704   ,51.4005586959907   ,87.3487250522452   ,265.317580705302   ,274.713123835084   ,58.4260493585871   ,0.00256482037910633,4.28066153189378   ,25.3833569200044   ,20.0036405290436   ,16049              ,dec                ,2006               
10.5811968547991   ,1.60452742907028   ,184.981344479376   ,-0.56701864430651  ,0.720515775041067  ,12.891731867279    ,55.9598986504975   ,87.5069578180976   ,269.905177818475   ,277.254672864074   ,52.5943558261144   ,0.00310944666353066,3.66797794624233   ,22.7192775583522   ,18.9330317817695   ,16069              ,dec                ,2006               
9.99970319150503   ,1.36588201754349   ,174.169507983499   ,-1.09945960529149  ,0.605402298343494  ,11.6684658238786   ,55.9399103359086   ,90.7642701498405   ,268.246293888145   ,276.149596327264   ,52.1682369731346   ,0.00297566352640766,3.1502064422635    ,23.0858697828182   ,19.8284460143938   ,16061              ,dec                ,2006               
