bi,pr,th,pdsi,pet,erc,rmin,rmax,tmmn,tmmx,srad,sph,vs,fm1000,fm100,countyfips,month,year
9.83415582691802   ,2.59616087002416   ,-4129.7342747119   ,-0.647954714110195 ,0.520546207399553  ,9.034420872032     ,67.4025225718468   ,89.449674790399    ,269.211739075606   ,275.29121312433    ,54.7447941071259   ,0.00313669553387378,3.47328012548689   ,24.1093788043161   ,20.7258087005271   ,16055              ,jan                ,2014               
10.9880568392292   ,2.75856975761818   ,180.093494333368   ,-1.61730383533463  ,0.601795030543398  ,10.7016852739115   ,63.7975217044115   ,87.9478543662552   ,269.282115653035   ,275.58303165454    ,55.6690781308076   ,0.00309805792133216,4.00776729201014   ,23.4865531739353   ,19.9980075511798   ,16009              ,jan                ,2014               
10.2002148646693   ,2.56927403924794   ,146.826457743491   ,-1.94614492485921  ,0.604509961701209  ,10.7586040742195   ,63.0559671242006   ,89.1445851030657   ,269.546618480067   ,275.986232787101   ,57.1975565159705   ,0.00314780908447104,3.52643250190443   ,23.389552224067    ,19.9596097695443   ,16057              ,jan                ,2014               
8.80954551343125   ,4.60812944402442   ,173.517817699591   ,-1.51905003811185  ,0.620714729477904  ,8.52839152350048   ,60.0194329501971   ,87.5017259401749   ,268.660781272394   ,275.767028317415   ,63.232642206482    ,0.00298818893554179,3.69025633914859   ,25.5271954494488   ,20.1563101763095   ,16035              ,jan                ,2014               
10.1959535470238   ,3.2591881332364    ,-907.194669513142  ,-1.15731649540674  ,0.787101084013022  ,10.7702488369529   ,52.5356597374084   ,87.8341209605081   ,266.228433561086   ,276.147179730724   ,72.2895192891105   ,0.00269190091724246,4.11637060881797   ,24.4597311778902   ,19.6415426603088   ,16049              ,jan                ,2014               
13.4245154436074   ,1.57259540107457   ,158.957681677928   ,-1.3090598466416   ,0.727836305137717  ,17.8896300196571   ,58.1287322851302   ,85.0261416386711   ,270.984333135063   ,277.905643070281   ,62.2699182083304   ,0.00324478939117207,3.22065118830204   ,20.5303749849781   ,17.9465747116474   ,16069              ,jan                ,2014               
10.5517932026903   ,1.45676360173055   ,131.622306106759   ,-1.32175404254665  ,0.616964406834161  ,14.3124360654685   ,59.0556891234644   ,89.6622969419662   ,269.188396762003   ,276.859181496913   ,63.8568834169043   ,0.00314082492398527,2.73982679394206   ,21.6099185211377   ,19.3916445841188   ,16061              ,jan                ,2014               
5.6426558275124    ,3.84529583374567   ,163.476959208332   ,-1.35999102455108  ,0.762198537711858  ,4.78245857534233   ,60.802597084023    ,89.530715012256    ,265.42306970667    ,272.888920375279   ,75.6806236115152   ,0.00262404167443609,5.32524836753692   ,25.805675659931    ,21.6008204155148   ,16055              ,feb                ,2014               
3.93282892507763   ,3.88882297696252   ,-974.1573205361    ,-1.85715128848774  ,0.794903943532431  ,3.57036378097564   ,60.5358448068872   ,90.7458895975921   ,265.98412463268    ,273.458402599809   ,73.8381684078368   ,0.00274283058267228,5.36073135231273   ,26.0507060153345   ,22.0040647477692   ,16009              ,feb                ,2014               
2.93050506832344   ,3.48572871458376   ,163.758140660013   ,-2.16591770807902  ,0.810773351652814  ,3.85985889704363   ,61.0927360762869   ,91.1653984199251   ,267.168307620457   ,274.361841218131   ,72.6261164481299   ,0.00290039404313055,4.27003687546722   ,25.5778425581115   ,21.84650511946     ,16057              ,feb                ,2014               
1.69989985919312   ,6.59584308774144   ,170.36104145557    ,-1.36406457177649  ,0.747251764744322  ,2.00932979648347   ,61.5346448384034   ,91.1727409195734   ,265.445831658868   ,273.111775969998   ,82.8862146013491   ,0.00271984690928635,4.33206761449044   ,28.3045496484802   ,23.3206813544962   ,16035              ,feb                ,2014               
1.86019862224684   ,5.65892593909145   ,191.93673229226    ,-0.681206350855536 ,0.869327819360861  ,3.27719916595342   ,58.7801114095782   ,89.7297505440588   ,264.226543022476   ,273.274112060981   ,87.875736470502    ,0.00261816951497943,4.56438578829399   ,27.2996382658431   ,22.6415268283594   ,16049              ,feb                ,2014               
4.26956858290708   ,2.38692890251622   ,172.074726909786   ,-1.17460948230164  ,0.900500028676619  ,9.17592159016536   ,60.7226558788029   ,89.2041226242042   ,268.786129029859   ,275.72111501905    ,77.5819314773799   ,0.00307110680633158,3.79545440656867   ,22.5396620045189   ,20.2334076641533   ,16069              ,feb                ,2014               
2.03178848890937   ,2.41180142249204   ,158.07586856153    ,-1.1193530176543   ,0.773971928908119  ,6.16156915259436   ,63.4934608894087   ,90.9489049787645   ,267.182994835774   ,274.343139621415   ,76.3562407240254   ,0.00296042941593075,3.17509091387744   ,23.5880945860425   ,21.037011994944    ,16061              ,feb                ,2014               
7.51520553309968   ,5.65641636448067   ,198.80986988853    ,0.572159578361956  ,1.7834206350127    ,6.84850797258263   ,46.1972349671496   ,87.1265068190927   ,271.675252833658   ,281.507523682905   ,141.936807788164   ,0.0035607817616445 ,4.51540922444449   ,27.1774562684787   ,19.1263855496488   ,16055              ,mar                ,2014               
7.96643717445065   ,5.1661484200626    ,200.437915754673   ,-0.297458633280835 ,1.93357770830694   ,7.28386133681745   ,45.1005503481002   ,85.576798650367    ,272.125866870476   ,282.106889055212   ,148.789094967523   ,0.00362696543949745,5.06154517928115   ,26.97198399134     ,18.7637926461383   ,16009              ,mar                ,2014               
8.67850895827816   ,4.15416102095477   ,181.709196542309   ,-1.18867684195439  ,1.96350271425901   ,8.86143039157662   ,44.8411231908491   ,85.3666505955112   ,272.672967066611   ,282.912232341151   ,152.872271113242   ,0.00373237350769717,4.33550217359297   ,26.2118089740507   ,18.4048950347593   ,16057              ,mar                ,2014               
4.70236315324314   ,6.97913746399683   ,190.192346286442   ,0.943984552829345  ,1.81135916345679   ,4.14205349126209   ,47.0344685254217   ,87.0351480143072   ,271.266680799353   ,280.875877693081   ,162.627324276339   ,0.0034842123258669 ,4.23738441104365   ,30.2866156987878   ,20.0227323105575   ,16035              ,mar                ,2014               
5.53424480448695   ,5.41602403369744   ,100.744238044894   ,1.70375401837092   ,1.86328030012191   ,6.68191878378689   ,43.6424488485483   ,85.5920989889392   ,268.937478049369   ,279.656604549559   ,166.514181796669   ,0.00307013865317536,4.39066242577459   ,28.0380415044549   ,18.9990175577157   ,16049              ,mar                ,2014               
11.4701123716339   ,2.84075598563367   ,181.982998260161   ,0.00159557466519707,2.08769713547058   ,15.6038999304493   ,42.9476134527423   ,82.4126100515484   ,273.945015876195   ,283.865540614185   ,158.783563366137   ,0.0038160676697021 ,3.8679524070336    ,22.5787685845707   ,16.8190255186487   ,16069              ,mar                ,2014               
7.81446205002885   ,3.10756468597499   ,165.346733473104   ,0.454249700320982  ,1.87530731326165   ,11.6131815472272   ,44.3214105938124   ,84.7703583828451   ,272.526251271959   ,282.592171010257   ,155.428014462867   ,0.00367798066218946,3.27278703857949   ,23.8781645054564   ,17.8334566337272   ,16061              ,mar                ,2014               
15.4340017807991   ,2.89837423782689   ,-2014.0501634794   ,1.36366301218996   ,2.97516793298787   ,20.0805682996991   ,38.4493073139008   ,78.7596563106375   ,273.910264874159   ,285.849660250189   ,206.204534183706   ,0.0037770066790689 ,4.7548046185483    ,21.1742813058024   ,15.0591322011908   ,16055              ,apr                ,2014               
15.5981074105588   ,2.71253263563476   ,-3695.90741471059  ,0.401730081033425  ,3.09016547275953   ,20.7849545587501   ,38.2323342163417   ,77.3225735402907   ,274.030092679537   ,286.17449151816    ,207.407444525423   ,0.00378041444208539,5.01988966425025   ,20.884567086184    ,14.67020606562     ,16009              ,apr                ,2014               
16.3882247393926   ,2.2124652241841    ,203.967010701497   ,-0.723213557271132 ,3.11161175860961   ,22.6725226486921   ,38.9951565518379   ,78.1697609430949   ,274.430784667969   ,286.664077229818   ,216.025692170461   ,0.0039163651689887 ,4.3281866081357    ,20.1636255819003   ,14.3922729199727   ,16057              ,apr                ,2014               
10.5715073934989   ,3.61930355215979   ,-169.376810398599  ,1.62082086326692   ,2.94073739103065   ,14.820198640427    ,38.1188864539592   ,79.3370159124975   ,273.051732660768   ,284.936058792856   ,221.842955769276   ,0.00363482281446215,4.24791432568689   ,23.505634602835    ,15.7713410962544   ,16035              ,apr                ,2014               
12.5033096652614   ,2.7935441921342    ,-453.67880224299   ,1.97999782195168   ,2.92542733308451   ,18.3553488912334   ,34.9459839579812   ,80.6661816894226   ,270.887762526783   ,283.883016238986   ,226.059058073792   ,0.00332359583856571,4.17274065149741   ,22.0219117149819   ,15.3862884395797   ,16049              ,apr                ,2014               
20.1533093137962   ,1.58548524513602   ,206.31350924922    ,0.433505043127294  ,3.31241489701943   ,29.2194051695805   ,36.5002751230556   ,74.7683435453663   ,276.000343385312   ,287.871806887594   ,222.188368724884   ,0.00405469285793197,3.96203824890489   ,17.8857866472526   ,13.2249136968092   ,16069              ,apr                ,2014               
13.529001925077    ,1.77892969995121   ,201.000643317693   ,1.02032505631025   ,2.96847311695088   ,23.9822637649935   ,38.6097643521206   ,78.3964466667701   ,274.353012206863   ,286.335205204231   ,218.244817908211   ,0.00394356913041046,3.42269339121406   ,19.1969551619748   ,14.2597663557562   ,16061              ,apr                ,2014               
18.680642373214    ,1.82474759468737   ,-2661.50554279007  ,1.67315580807269   ,4.19123554482935   ,29.8113876220225   ,34.6569896517214   ,75.7193059340173   ,277.949941100629   ,291.793807361541   ,260.300426283127   ,0.00500083419297879,3.81358697188735   ,18.0781197415616   ,12.3123307355321   ,16055              ,may                ,2014               
20.5189486902437   ,1.6558989567039    ,-3220.73355326076  ,0.650648812134704  ,4.37204003971163   ,31.5425365486771   ,33.2820536916914   ,75.701061641972    ,277.66619166465    ,292.474994004831   ,268.822280478946   ,0.00496457363396178,3.85747090478643   ,17.5657208348577   ,12.1324464499803   ,16009              ,may                ,2014               
18.9625977377738   ,1.36204314081299   ,220.393459920576   ,-0.644947130144962 ,4.27928080228067   ,32.6249935280892   ,35.3666930613979   ,77.677329619623    ,277.930534323415   ,292.598699045489   ,275.84479095459    ,0.00518567841195862,3.19429742142077   ,16.894877948761    ,12.2458681481884   ,16057              ,may                ,2014               
14.8025173784188   ,2.00595857769562   ,231.540046838884   ,1.64134154049778   ,4.00891762793426   ,25.4836349587491   ,35.7921031164146   ,77.6792644796532   ,276.833585699462   ,290.381264609643   ,271.724233751024   ,0.00486954288178907,3.10558459597054   ,19.694534153858    ,12.9117952315713   ,16035              ,may                ,2014               
17.080444839801    ,1.92641063229149   ,-333.559770293763  ,1.82143920898444   ,4.00664360161232   ,27.3306269511034   ,33.8858692020233   ,80.1643451951925   ,274.89413175233    ,289.128386201102   ,276.860408200274   ,0.00456258587101401,3.28314612794524   ,19.0053236209317   ,13.0298514958077   ,16049              ,may                ,2014               
21.3820236492963   ,1.14129899580039   ,231.691904225595   ,0.289376569559894  ,4.45404294648828   ,39.2674789927181   ,33.7305803144309   ,70.2072622625915   ,279.864800164139   ,293.204424323924   ,279.76257186687    ,0.00521470110133105,2.947398201009     ,14.9424311889746   ,10.9030233493484   ,16069              ,may                ,2014               
14.1440679147955   ,1.49650763062315   ,229.229075855651   ,0.919975736827561  ,4.05234512269608   ,30.716223133497    ,36.7363408395558   ,77.0969400698266   ,277.926189153107   ,291.366312350886   ,276.648055965187   ,0.00516154009697254,2.58442972795514   ,16.9400186721753   ,12.5731381547511   ,16061              ,may                ,2014               
22.4320880047415   ,2.97577684161717   ,-2010.38746980581  ,1.20048531264435   ,4.4691624708627    ,37.3432273122999   ,38.1834213039675   ,71.6002563722503   ,280.70935725878    ,293.538432406202   ,257.337191281626   ,0.00589045403373207,3.67514292091663   ,15.0461806273755   ,11.897218460376    ,16055              ,jun                ,2014               
25.1372354488636   ,2.151731666486     ,215.347021249624   ,0.0653923956541385 ,4.53250024368072   ,39.5759050275212   ,37.0851587449775   ,72.8195191904403   ,280.207179865188   ,294.162043115138   ,251.375927156527   ,0.00586630270381952,3.76608271634085   ,14.5097547557462   ,11.5337303044058   ,16009              ,jun                ,2014               
26.507802037557    ,1.52853106600667   ,212.844467365265   ,-1.37547948665917  ,4.5360422466596    ,40.9874199414253   ,39.0837918173472   ,76.5988513425191   ,280.438054214478   ,294.478418538411   ,265.149500926971   ,0.00618624507236139,3.18646955299377   ,14.12066872708     ,11.7497427619298   ,16057              ,jun                ,2014               
23.4780547218645   ,2.20772001095683   ,223.008755943454   ,0.835274498179224  ,4.24393691849003   ,37.1404600134696   ,39.26065747669     ,71.7136033767206   ,279.509886126421   ,292.258523471394   ,252.896878590762   ,0.00562742419786675,3.19283354862884   ,15.3593003298213   ,11.924104089532    ,16035              ,jun                ,2014               
21.854843999246    ,2.19424740894193   ,239.674404495179   ,0.820326609692517  ,4.34945416114937   ,36.6192119374415   ,36.3459013489964   ,76.4982900860556   ,277.66071123373    ,291.74024282849    ,270.137595848101   ,0.00548864446880041,3.1977205279207    ,15.292222631273    ,12.4015534350556   ,16049              ,jun                ,2014               
27.7114626133081   ,1.39729030138469   ,221.982792316784   ,-0.882492636760395 ,4.85694122581133   ,47.0678789779677   ,35.5191859841984   ,66.0797184435866   ,282.608338784067   ,295.402664111132   ,273.504895211286   ,0.00602679826753337,2.93091918564735   ,12.5846558400016   ,10.4512565698641   ,16069              ,jun                ,2014               
20.6387766260089   ,1.63462990483387   ,217.755202755258   ,-0.368462355809989 ,4.40473069264541   ,38.865035060746    ,39.2317734799766   ,72.8547827802085   ,280.544677389686   ,293.374380556217   ,271.837834320909   ,0.00595932646485215,2.5828308219752    ,14.3864582800011   ,11.8192373556867   ,16061              ,jun                ,2014               
43.3497651483882   ,0.481431622831103  ,-1957.88081635445  ,1.07463880439528   ,6.27789037246304   ,56.4409527428578   ,25.8724981514594   ,57.4469195709877   ,286.30012277846    ,302.184955636929   ,300.271837140054   ,0.00691231416321259,3.49188568706644   ,11.9186646479084   ,8.17646082986102   ,16055              ,jul                ,2014               
46.1147653550951   ,0.418381481439776  ,203.542014225222   ,-0.577704859838713 ,6.52061936750192   ,59.8116066472679   ,23.8603848957747   ,55.9877325954681   ,286.249339675102   ,303.0871052124     ,302.928804971717   ,0.00672813783113378,3.62320001224544   ,11.1946315084575   ,7.82985677653584   ,16009              ,jul                ,2014               
47.5583530401414   ,0.284558842975286  ,209.883887743796   ,-1.81822274516026  ,6.50145127796358   ,62.0098462972333   ,22.8147927862598   ,56.4447763910601   ,286.510624241983   ,303.411313712828   ,310.738678084343   ,0.00656908999955762,3.27545883886276   ,10.9274489948057   ,7.73281157724319   ,16057              ,jul                ,2014               
44.9283477289163   ,0.175787782754737  ,213.137272145944   ,-0.248351109446301 ,6.02541792551265   ,59.3663731794651   ,25.7825811629746   ,55.9182706447331   ,285.048412948158   ,301.371194067979   ,308.374179914753   ,0.00655235877474421,3.08195296503273   ,11.6364174206065   ,7.73934376619445   ,16035              ,jul                ,2014               
38.0766391650772   ,0.387136359014216  ,195.5535832348     ,-0.421026132257421 ,5.98521108933899   ,54.0658308704477   ,24.5617371491582   ,62.3041460920712   ,283.421289002056   ,301.042290311114   ,305.472818564827   ,0.00671490091231872,3.0787366853766    ,12.5297424059267   ,8.49316179805432   ,16049              ,jul                ,2014               
52.1160715477249   ,0.269321807472998  ,225.597942900448   ,-1.31244217557916  ,6.81251524061052   ,68.6536648029579   ,19.1465068585671   ,47.6059981649325   ,288.482865056355   ,304.753167795152   ,313.251850880321   ,0.00604122872821417,3.11460835154928   ,9.88829095992463   ,6.60572043003163   ,16069              ,jul                ,2014               
41.1034087702549   ,0.214773948202806  ,218.719944326695   ,-0.932843685658141 ,6.1674072270837    ,59.2555859941255   ,22.3701016124297   ,59.1072816119071   ,285.238142460513   ,302.70200283017    ,315.150537564576   ,0.00632777239000601,2.73638056119707   ,11.4836765909411   ,7.93931700858521   ,16061              ,jul                ,2014               
34.5237632190882   ,1.29173772112198   ,-529.145303098009  ,0.531141637121832  ,5.07244684198345   ,51.8984106469721   ,29.4693455985386   ,71.2471163638414   ,284.63559534419    ,299.71659359868    ,253.606712325104   ,0.00708325480195137,3.313332132826     ,11.5308716688659   ,10.5141350437125   ,16055              ,aug                ,2014               
39.515741907474    ,1.04174288895566   ,199.279124174575   ,-1.24586591929385  ,5.32318319808347   ,56.724989154362    ,26.6890808463347   ,70.3340678221398   ,284.843897840453   ,300.989548384813   ,255.29372021842    ,0.00704261205296186,3.39950408831333   ,10.6490835451766   ,9.87526307148796   ,16009              ,aug                ,2014               
38.9802391916706   ,0.898926116909471  ,208.421764266722   ,-2.16188029865424  ,5.0971528493589    ,57.1067932282725   ,27.8352244886275   ,75.4233422125539   ,285.327675407164   ,301.174441567698   ,253.394864616394   ,0.00753671856604577,2.99647491547369   ,10.4684739679675   ,10.4822581704201   ,16057              ,aug                ,2014               
35.7084511466365   ,1.26833056985177   ,202.101789586485   ,-1.44800380655709  ,4.66040117738355   ,55.5393349789243   ,31.5251544367557   ,71.8649430891863   ,283.456519840701   ,298.54731257749    ,247.693488209682   ,0.00700379793687741,2.83567668076533   ,10.641159949504    ,10.5243130161762   ,16035              ,aug                ,2014               
26.4440450860104   ,1.52976890839056   ,217.798859816248   ,-1.31189896363215  ,4.42309851386753   ,47.1746278672294   ,31.6456167368989   ,76.8607948066336   ,281.442173464165   ,297.282718538006   ,241.026567240552   ,0.00687229452669056,2.72776519980211   ,12.2033444995261   ,11.8402133761536   ,16049              ,aug                ,2014               
39.0003182245202   ,0.902270898600143  ,218.456730531828   ,-1.60061448854984  ,5.18910379144104   ,61.9709509312747   ,25.6969760225542   ,67.7344271738981   ,286.852501193223   ,301.899957324876   ,248.520113616806   ,0.00720189937124662,2.80594118099614   ,9.4496015856672    ,9.37858053916936   ,16069              ,aug                ,2014               
30.7391339627243   ,1.01536499757952   ,211.616210512402   ,-1.30574972769015  ,4.65573260400239   ,53.2506299617608   ,28.7250163019323   ,78.3516584811799   ,283.91530709812    ,300.076919929913   ,247.096351336746   ,0.00731477224419722,2.46282515796589   ,10.9454259622005   ,11.240457139947    ,16061              ,aug                ,2014               
36.2772549251143   ,1.03509891328963   ,175.902344864582   ,0.377300414389615  ,3.66943331958499   ,48.77205758847     ,27.8376023674534   ,74.6589576946201   ,279.861352790236   ,295.192134280525   ,183.422839375353   ,0.00536251425265944,3.94426463019864   ,12.4061667396535   ,11.3822973036799   ,16055              ,sep                ,2014               
42.9316119150767   ,0.977943737318471  ,177.647269117668   ,-1.376493533952    ,3.93911135877378   ,55.673755825765    ,25.7959833037924   ,70.781489736794    ,280.475176520413   ,296.077121982913   ,185.649499155078   ,0.00524442825701521,4.08165906714735   ,10.9933256435206   ,10.4260864979182   ,16009              ,sep                ,2014               
43.6239280195236   ,0.74868952188765   ,180.617329381307   ,-2.26806357105573  ,3.87794935328762   ,57.0297230734825   ,25.7406686127186   ,71.2645656147003   ,280.95329363505    ,296.457850997925   ,188.202532653809   ,0.00538504438579548,3.66828258047501   ,10.8199111845493   ,10.3386214397748   ,16057              ,sep                ,2014               
39.236733113182    ,1.15050755733961   ,179.037057019019   ,-1.5616004399383   ,3.47573241824159   ,51.6859300077088   ,30.9410585137301   ,72.6932937775303   ,279.532626650315   ,294.001077043615   ,185.155490192685   ,0.005339277980943  ,3.5953873648494    ,11.7500152354345   ,11.2456195163088   ,16035              ,sep                ,2014               
34.6566807919037   ,0.937545663845884  ,185.597608004921   ,-1.32204537883082  ,3.47382513963317   ,46.8546314485615   ,31.1150365215377   ,76.294722718019    ,277.895160433443   ,293.268974118667   ,192.303976803433   ,0.00527095629815654,3.542794711702     ,12.8727276413981   ,11.9839038099221   ,16049              ,sep                ,2014               
46.5348017724865   ,0.450585090468593  ,192.397227142116   ,-1.59361679721856  ,3.99285532536779   ,63.162883681197    ,23.4231617589685   ,65.430620916812    ,282.852333196684   ,297.471595717921   ,187.72223779335    ,0.00525052623761861,3.33176296345903   ,9.66243778133562   ,9.22184180971135   ,16069              ,sep                ,2014               
37.0149273630673   ,0.533707207046223  ,187.273104700766   ,-1.37100928397875  ,3.55080954419351   ,52.9172516565349   ,26.0179548053374   ,73.8128000595681   ,280.333529015743   ,295.936459169834   ,186.855998995547   ,0.00533272885735411,2.95427260842205   ,11.6584398948785   ,10.9727589312992   ,16061              ,sep                ,2014               
21.9491784900811   ,2.40538595604647   ,184.489476938069   ,-0.412792461394078 ,1.9299674388716    ,28.9021469902726   ,43.9522075294799   ,89.9819739921688   ,277.171419922264   ,288.633040156352   ,105.383189324536   ,0.00544924176201401,4.25265513712803   ,16.2545694815563   ,17.4986805862028   ,16055              ,oct                ,2014               
24.7956477669637   ,2.05560357704557   ,184.199082880808   ,-1.71591373590323  ,2.08656227076684   ,31.0849911171782   ,41.5508004208743   ,88.7056775312429   ,277.119732476118   ,289.122739468214   ,107.886701090551   ,0.00537549205613949,4.52813439436099   ,15.7717977934472   ,16.9688278288531   ,16009              ,oct                ,2014               
24.4675532334851   ,1.57901225697009   ,173.157985545743   ,-2.52601799190044  ,2.03394043153332   ,31.7889036225503   ,41.954829037574    ,88.8427199634429   ,277.561615364321   ,289.47369695848    ,112.197739698964   ,0.00552614531937926,4.04621020647787   ,15.5757587003708   ,16.8836674296471   ,16057              ,oct                ,2014               
19.6759240729889   ,3.49873964657558   ,180.854197699661   ,-1.79088694075617  ,1.92230361702497   ,27.3956621457668   ,42.9612221490196   ,86.2849756603895   ,276.685440056192   ,287.591115407678   ,113.95195237473    ,0.00510572342432214,3.85130012686578   ,17.0364431089068   ,17.2780062169729   ,16035              ,oct                ,2014               
19.3309568357997   ,3.00136710139813   ,-134.329739611604  ,-1.61071493029719  ,2.0827014646572    ,28.151067157273    ,39.3004602278164   ,85.340752656291    ,275.010804906531   ,287.120723092489   ,127.544919816542   ,0.00472405769604958,4.02592332615546   ,16.9818561313322   ,16.6638524005195   ,16049              ,oct                ,2014               
27.2052586528995   ,1.32354554474644   ,178.135178201915   ,-1.91489390606549  ,2.27592982117351   ,40.4846873443785   ,36.5524706802677   ,81.6324680707404   ,279.443222943474   ,290.820508974347   ,117.680513156577   ,0.00537462542569324,3.61341897973896   ,13.3212901703218   ,14.5462287329015   ,16069              ,oct                ,2014               
20.9204958893083   ,1.5225381624034    ,166.98718403486    ,-1.72904420539367  ,2.00245919133609   ,33.3894682024613   ,37.997026042028    ,86.9427147557404   ,277.2783128804     ,289.599822558711   ,117.940109084619   ,0.0052522567864428 ,3.18344901155326   ,15.0950925010136   ,16.0368170197949   ,16061              ,oct                ,2014               
10.9030297688741   ,4.24190147368855   ,-2044.24478920203  ,-0.478946871367259 ,0.70153098669317   ,11.8985264653091   ,56.4010865791017   ,86.2217410125523   ,269.389452191472   ,277.173549481511   ,59.2282227054381   ,0.00356458645375939,4.66585801319821   ,22.9422839134645   ,20.0619313216504   ,16055              ,nov                ,2014               
11.5885391533492   ,3.96949304116803   ,180.383455208773   ,-1.75607359362307  ,0.740598881961796  ,13.6530790628345   ,55.7775410477226   ,86.1291445143359   ,269.680205636711   ,277.45194545648    ,59.9426248339741   ,0.00364442585180587,5.07295440261416   ,22.0787601685383   ,19.8171574154314   ,16009              ,nov                ,2014               
11.3769227890968   ,3.64168355851869   ,160.948657635371   ,-2.60889079769452  ,0.779895537444701  ,13.5983219554734   ,55.0686904678345   ,88.2260273933411   ,270.16931245931    ,278.374419855754   ,63.3749327061971   ,0.00376582359572058,4.33634427553415   ,21.941818291982    ,20.0750252224604   ,16057              ,nov                ,2014               
5.96316247837404   ,6.01204900694581   ,174.887487424537   ,-1.62428068434209  ,0.664689074513923  ,6.90303738383064   ,59.6905962060924   ,90.9212990926806   ,268.821534836536   ,276.329270512458   ,60.6504559908726   ,0.00351189839107036,4.37532885228353   ,25.0364455249966   ,22.00228078283     ,16035              ,nov                ,2014               
8.18652152481884   ,4.76744736675975   ,195.902799469199   ,-1.31343331111177  ,0.759334540226817  ,9.99386082623629   ,57.0401989402906   ,90.7080324449366   ,266.663050584319   ,275.677826935139   ,68.4937261698967   ,0.0032101545999429 ,4.62892818671327   ,23.2860935273132   ,21.1489771178085   ,16049              ,nov                ,2014               
13.5127225741558   ,2.30676610849187   ,169.260551061647   ,-1.97358837346555  ,0.883288572660237  ,19.2465840345019   ,52.9060772096834   ,86.2696189781774   ,271.459819683544   ,279.480061329452   ,65.0182029346731   ,0.00382673522434031,3.94127234677367   ,19.2973261291755   ,18.6614074465638   ,16069              ,nov                ,2014               
9.69725494332222   ,2.20364286390957   ,151.87209741997    ,-1.65596201203086  ,0.705707932819841  ,14.4702469972047   ,55.6755005303165   ,90.6851867018981   ,269.605627533884   ,277.97354372303    ,64.3105463458815   ,0.0036845778123432 ,3.38489509175632   ,20.8242873472944   ,20.0301337383995   ,16061              ,nov                ,2014               
4.05706339337862   ,4.31864265827415   ,156.481017642551   ,-0.669246273329903 ,0.439194798730296  ,3.0271100316542    ,71.0646970866639   ,92.1784034906918   ,270.125752235277   ,275.927410068172   ,38.4020894441557   ,0.00364452376142489,3.57160484669794   ,26.8787379784185   ,23.1267828471703   ,16055              ,dec                ,2014               
4.41659518623728   ,4.11571065779026   ,155.616916901026   ,-1.82056599044236  ,0.547959485821264  ,3.75366277224118   ,67.388453132208    ,90.2725665113159   ,270.620098284057   ,276.409638709194   ,39.3038606439407   ,0.00364228684962148,3.996754296268     ,26.3422011798655   ,22.2768854682968   ,16009              ,dec                ,2014               
5.47266392720739   ,3.77082394392788   ,133.359406417847   ,-2.58624442517757  ,0.651237647065272  ,4.68504782169516   ,64.3609303770065   ,90.4365979054769   ,271.149350629171   ,277.432036198934   ,40.7878109807292   ,0.00370007568410559,3.91469119904439   ,25.8627610416412   ,21.7082753850619   ,16057              ,dec                ,2014               
3.9028905023018    ,4.82739869466496   ,148.286486440716   ,-1.44219162927874  ,0.559873048185382  ,2.6825375203652    ,66.8177820547102   ,89.8764040287655   ,269.875477180723   ,275.684665704126   ,44.5809464309523   ,0.00344294726700437,3.6695147565589    ,28.1936159270342   ,22.1933792536993   ,16035              ,dec                ,2014               
5.61583060376996   ,3.6140195538548    ,-251.889697508461  ,-0.6789529898799   ,0.648994812768673  ,5.66385708287372   ,62.9271524281991   ,89.1669782639344   ,267.436697892192   ,274.763392895221   ,48.4975066940777   ,0.00306470894448697,4.07430494450143   ,25.9870760008268   ,21.4266748867357   ,16049              ,dec                ,2014               
7.97541564661551   ,2.53098212560894   ,-1464.23289476452  ,-1.68021062430851  ,0.712743112426948  ,10.4658412668795   ,64.0115017392844   ,87.7843602158381   ,272.177986192618   ,278.251320170846   ,43.751957813407    ,0.00375425413558251,3.50872202035365   ,22.6937828861243   ,20.061508249939    ,16069              ,dec                ,2014               
7.25099912876925   ,2.06883033380508   ,-4336.465568894    ,-1.31033925059413  ,0.596124123160012  ,8.77373302714276   ,64.5973009209331   ,90.9810276756602   ,270.485130673663   ,277.106511425512   ,43.3356193010766   ,0.00359009539082482,3.03312166344693   ,23.3725253105164   ,20.8060168140191   ,16061              ,dec                ,2014               
