bi,pr,th,pdsi,pet,erc,rmin,rmax,tmmn,tmmx,srad,sph,vs,fm1000,fm100,countyfips,month,year
7.74023878777029   ,3.03599767340922   ,167.030319751709   ,-0.766678988600127 ,0.49371957130652   ,5.96178412868268   ,65.9404352791484   ,89.5399656023587   ,266.844138085312   ,273.853790672117   ,58.1477229901872   ,0.00273556607796346,3.78771068431713   ,28.158130248989    ,21.0440082205698   ,16055              ,jan                ,2009               
6.90251614408694   ,3.2662195169313    ,180.586900444153   ,-1.08607870884078  ,0.495206880844499  ,5.01913211014468   ,64.4277278159634   ,91.6677392616279   ,266.569544009249   ,273.909617878913   ,58.4271031561915   ,0.00276213098654654,4.2318714983046    ,28.3428531886285   ,21.6279820116177   ,16009              ,jan                ,2009               
5.35606383207104   ,2.8936170715358    ,192.06737877392    ,-1.12375970099121  ,0.443175584476802  ,3.37215263291547   ,65.8434096459419   ,95.0036451998065   ,266.633241422099   ,274.215815739785   ,59.9841278820653   ,0.00288347527666408,3.5247534398302    ,28.927520347103    ,22.7270039538414   ,16057              ,jan                ,2009               
5.96089822940822   ,5.57431774200572   ,195.903846229845   ,-0.0306337079620008,0.706932485554819  ,5.80238319513731   ,55.2345880804873   ,82.6536833380625   ,266.699871469339   ,274.794338380072   ,63.9295850537983   ,0.00255549677909984,3.90091691971687   ,28.45490417859     ,19.7660173972095   ,16035              ,jan                ,2009               
9.66771929586675   ,4.39441968731971   ,218.299043849442   ,-0.244811910697688 ,0.894104531847086  ,10.1992231765243   ,46.2808885062061   ,81.1639508216266   ,264.828520150863   ,275.109006754393   ,71.9145320640921   ,0.00228577923541362,4.37374715688585   ,26.2077229666548   ,18.5407946102422   ,16049              ,jan                ,2009               
10.2995534062336   ,1.84256947068255   ,202.786334743371   ,-0.843295395374298 ,0.663671783389604  ,11.0758112886508   ,57.1811242688416   ,87.3352971928313   ,268.836260790493   ,276.88183669557    ,63.421631885599    ,0.00297863843839907,3.23276242425118   ,24.2549480224696   ,19.3262905908367   ,16069              ,jan                ,2009               
8.72718148450316   ,1.59742143473004   ,189.976781191682   ,-1.46280650539483  ,0.568750943316202  ,9.26770511823928   ,56.850453746697    ,91.17981856653     ,266.949020617614   ,275.891426226769   ,64.396532882725    ,0.00284433048333942,2.72066182805455   ,24.8202411567202   ,20.4633050570009   ,16061              ,jan                ,2009               
9.62687480681713   ,2.53804807780614   ,162.31845742012    ,-1.06438725477695  ,0.808344753931054  ,11.6885993935804   ,59.0749069305815   ,92.7785046015117   ,269.123930772426   ,276.988917427579   ,91.2311643256222   ,0.00319102676998006,3.06372104719202   ,22.7055089884404   ,20.1130821888479   ,16055              ,feb                ,2009               
8.78129965376104   ,2.35960511913616   ,178.658988913135   ,-1.28822704661028  ,0.943952587613441  ,10.6702513945866   ,53.8761499732204   ,93.9500567572457   ,268.800133286748   ,278.156774899764   ,93.2368330322678   ,0.00320713603274703,3.41570190048681   ,23.2492156863112   ,20.2417909597202   ,16009              ,feb                ,2009               
8.47720848201974   ,1.8710302031293    ,183.568634877886   ,-1.20811233912284  ,1.0105913740769    ,9.43338797711834   ,53.4836177880423   ,95.849494228363    ,269.053517352513   ,279.060992268154   ,93.2102433075224   ,0.00335233157064067,3.41347241384642   ,23.8199530911446   ,20.508656126942    ,16057              ,feb                ,2009               
8.0390854974562    ,2.44831689146615   ,179.115319198152   ,-0.28163147355949  ,1.07868341272582   ,13.0874923320993   ,50.254628983915    ,88.6335662497887   ,268.452754220873   ,278.209550626542   ,105.195442193226   ,0.0030668111585111 ,3.4186528236781    ,22.2401845180099   ,18.4358593441143   ,16035              ,feb                ,2009               
11.9199632585164   ,1.77702948659669   ,201.175951203784   ,-0.198291340906831 ,1.19755539527751   ,18.077297397853    ,45.1807987672527   ,86.8802631572534   ,265.845200576673   ,277.49968597182    ,113.826130743019   ,0.00268576328956017,3.76152616063156   ,20.5127374113345   ,17.3620108811811   ,16049              ,feb                ,2009               
14.2605030619469   ,0.916845599242761  ,188.050029075628   ,-0.655726221302083 ,1.16692731909687   ,19.7966987179653   ,50.4433824482358   ,90.1885433962001   ,270.877072161623   ,280.434315001719   ,105.940316122301   ,0.00342936204414017,3.1449926882026    ,19.7729171655668   ,17.6394669827475   ,16069              ,feb                ,2009               
14.5888408923466   ,0.691709039178638  ,172.735838249414   ,-1.56326356635124  ,1.05226269648482   ,18.6015822051407   ,50.9316368497108   ,92.458944454103    ,269.31739933685    ,279.321570327741   ,102.793135936314   ,0.00329284785453388,2.80325916230045   ,20.3829902231764   ,18.3488965247007   ,16061              ,feb                ,2009               
3.69006377127559   ,4.75626570556536   ,219.192399197012   ,-0.50510982060179  ,1.42961480973426   ,4.92853855506549   ,49.8429944944717   ,91.4860428623132   ,269.155032602642   ,277.525575654782   ,136.687998985494   ,0.00303814763270457,4.60421986171928   ,25.88051673639     ,20.2943738690256   ,16055              ,mar                ,2009               
4.46073433818976   ,4.52902145210336   ,221.80932145065    ,-0.839879734202837 ,1.4695008477766    ,5.63658776747123   ,49.5112679931676   ,92.144723714183    ,269.000207358177   ,277.64865400646    ,140.280436070736   ,0.00306748638882747,5.05141200478192   ,25.6265427592511   ,20.1780523098842   ,16009              ,mar                ,2009               
5.35590581623417   ,3.9391884105953    ,224.262311670837   ,-1.02845763700117  ,1.42350693807487   ,6.44149107259548   ,51.5263601143129   ,94.9499391112789   ,269.239122393208   ,278.224405999953   ,138.622065579814   ,0.00323117616338535,4.38966445834406   ,25.1238133362801   ,20.488603432563    ,16057              ,mar                ,2009               
2.36108921045774   ,5.61331744012819   ,224.332414995239   ,-0.4554531425316   ,1.42919480420961   ,4.27433187862073   ,50.7853997598718   ,95.066477099358    ,268.237024500418   ,277.328962816057   ,151.268963612745   ,0.00307721774498271,4.34893295354849   ,25.9437826813255   ,21.4274300415454   ,16035              ,mar                ,2009               
4.29102255697051   ,4.82805821177348   ,233.991343829721   ,-0.384455214024878 ,1.5230885635048    ,9.83465744749011   ,46.4604518150054   ,91.708505089083    ,266.06118515023    ,276.868210511556   ,157.381593060627   ,0.00277208037503497,4.38682431467416   ,23.1940526899062   ,19.6428210847586   ,16049              ,mar                ,2009               
9.64344646844532   ,3.24690876018442   ,232.963241569252   ,-0.429923206107913 ,1.59769039264481   ,14.5430806013408   ,49.24396190311     ,91.6920038374288   ,270.941969516998   ,279.885442186599   ,140.27927358146    ,0.00340052644156414,3.98282482612949   ,21.4757807446859   ,18.802884774556    ,16069              ,mar                ,2009               
6.88889984503538   ,3.33519536207927   ,220.745121611623   ,-1.45129340114303  ,1.38720819218989   ,11.3992771768581   ,51.6404787890913   ,95.3101029921074   ,269.312705702796   ,278.492465660687   ,137.460144039918   ,0.00331125338287166,3.35439309958489   ,22.378497943151    ,20.0299079000584   ,16061              ,mar                ,2009               
16.9696843133284   ,1.65117771710654   ,185.339935562621   ,0.718733473314261  ,2.90682629031245   ,21.3467790039056   ,38.8637191709668   ,75.7131181892217   ,273.513305454751   ,285.508306935      ,192.908665363746   ,0.00362801590323734,4.16098145423112   ,21.6178981989009   ,13.7985836315547   ,16055              ,apr                ,2009               
17.2114575887055   ,1.88642687772123   ,192.484397043401   ,0.532617867536681  ,2.9337559059997    ,20.768729670625    ,38.1118145165829   ,78.8098465236686   ,272.801973373744   ,285.845813427686   ,191.056823459603   ,0.00363040204955305,4.24442196009897   ,21.952304243242    ,14.2108072734208   ,16009              ,apr                ,2009               
16.4814794753464   ,1.77392216600478   ,216.628336844365   ,0.318554088653376  ,2.87929793630044   ,19.7518068398032   ,39.6140845953623   ,84.0204315802256   ,272.96434119161    ,286.282091293335   ,200.68226963679    ,0.00387421151425224,3.72721669932206   ,22.1020964260101   ,14.9882671499252   ,16057              ,apr                ,2009               
12.329164570011    ,2.08661970938618   ,212.13536769909    ,0.306377149879449  ,2.87962522992288   ,16.7430279838534   ,36.8720860577369   ,80.4826736731123   ,272.367126876691   ,284.916601213021   ,208.197922005092   ,0.00354241978460293,3.63621176621123   ,23.6108560541299   ,14.7878764324242   ,16035              ,apr                ,2009               
13.6723878894487   ,1.92767732709106   ,228.251003843694   ,0.381624575755018  ,2.81843471308189   ,19.5642768009345   ,35.79134686089     ,83.7169101812778   ,270.460351674646   ,283.585232418139   ,218.915423734571   ,0.00337364715770276,3.6217793222122    ,21.7918763316077   ,14.9682531876438   ,16049              ,apr                ,2009               
20.0443997675594   ,1.38468139612792   ,236.284988631847   ,0.982382557522539  ,3.06661773371824   ,26.8296479196233   ,38.0053200291652   ,78.3514539008047   ,275.134570883685   ,287.458010744581   ,203.471933056836   ,0.00407868330798539,3.53693779394588   ,19.2527690450563   ,13.4287529546734   ,16069              ,apr                ,2009               
17.0395128749845   ,1.44420026248172   ,229.954570885105   ,-0.362654406310523 ,2.79320203487866   ,22.9756611510239   ,38.8209153522145   ,82.5904221821094   ,273.475610296917   ,286.249124153915   ,197.957095116229   ,0.00396135941422968,3.02848250079418   ,20.641185902761    ,14.4276707177648   ,16061              ,apr                ,2009               
21.5904360909493   ,2.40252982303016   ,206.356790712222   ,0.790714659576083  ,4.50042846784259   ,33.1282982244508   ,33.1093137037955   ,71.7786604338048   ,277.646102862736   ,291.826177327895   ,274.661064286702   ,0.00475988569857347,4.55141215275028   ,16.9932787053442   ,12.1452043143525   ,16055              ,may                ,2009               
21.0799653067503   ,2.39332113879615   ,206.190481379597   ,0.689769168737982  ,4.61106975835388   ,32.6755631607574   ,32.100271735762    ,72.6019017859756   ,277.148310123042   ,292.261640874546   ,282.450525640964   ,0.00472151121443006,4.51552464782703   ,17.2259193905712   ,12.2009623479834   ,16009              ,may                ,2009               
17.9263357150513   ,2.15648078517568   ,209.307603841248   ,0.553958073331353  ,4.51650404203323   ,29.1082444027162   ,34.5660495644231   ,76.3184104611797   ,277.56692339005    ,292.679152841876   ,286.75484817751    ,0.00508793304460273,3.78372699997117   ,18.3355302304606   ,13.0300051450729   ,16057              ,may                ,2009               
14.8115894033843   ,3.02165622217959   ,224.27209185993    ,0.0836667869906583 ,4.42857568649204   ,26.6133623173981   ,32.6404222510387   ,73.5411434030497   ,277.240089647004   ,291.200406624303   ,285.424189102078   ,0.00475424560128024,3.83405667021063   ,18.9921771328324   ,13.101143590638    ,16035              ,may                ,2009               
14.4054243226895   ,3.11362953504114   ,232.409402105704   ,0.426067140872451  ,4.32538321604237   ,24.8864836718146   ,30.973368420395    ,75.5159961906581   ,275.292941487954   ,290.168440023715   ,286.072213573532   ,0.00447200440977798,3.65156858991936   ,19.6932538752087   ,13.6259869726888   ,16049              ,may                ,2009               
22.4023805326521   ,1.50850406917651   ,223.523654860012   ,1.28485129590589   ,4.7690650607381    ,36.6483531031132   ,33.1650731720266   ,68.253094698327    ,280.007462598094   ,293.888347400022   ,289.084023568267   ,0.00528613353629749,3.43560142597906   ,16.0917198794123   ,11.4515502704965   ,16069              ,may                ,2009               
18.9843114508741   ,1.73178155112627   ,224.114721177705   ,-0.0881541265397956,4.41052624096206   ,31.4517431126948   ,35.0866619477238   ,75.0925232590564   ,278.103175058266   ,292.506725078391   ,287.32290683788    ,0.00524336570732706,3.02375806016752   ,17.6042260652032   ,12.7105331240384   ,16061              ,may                ,2009               
28.8952239075918   ,1.51342096400379   ,197.486114163016   ,0.017843254114947  ,4.91904517613321   ,43.8993464944785   ,35.2481319890591   ,68.0771912400778   ,280.725029466836   ,295.023272047841   ,277.110734428332   ,0.0058612102684814 ,3.57277473092733   ,13.4490986307299   ,10.8443175826707   ,16055              ,jun                ,2009               
24.2385062295201   ,1.71364669130281   ,200.342144579664   ,0.1246316275969    ,4.89557311802926   ,40.0737517441518   ,35.0389393571331   ,70.6893211628088   ,280.157774398172   ,295.150915286574   ,274.037413211499   ,0.00587481883344382,3.62246516403362   ,14.1882418914659   ,11.4627676869755   ,16009              ,jun                ,2009               
18.3831174141526   ,1.50009179747477   ,212.47861419736    ,0.120294288601726  ,4.77223173069954   ,35.3517174975077   ,38.6492431427638   ,77.57617060407     ,280.418434758504   ,295.281402252197   ,287.018374313355   ,0.00645048681080031,3.07908868201574   ,15.0752148892085   ,12.4698679505189   ,16057              ,jun                ,2009               
16.497043406471    ,2.10062811424309   ,223.870197527487   ,-0.607695665453863 ,4.54475845333722   ,34.1600111982535   ,36.6587072344209   ,70.1110559980999   ,280.021977866175   ,293.844074459493   ,269.123340890036   ,0.00589455054955422,2.99354423231605   ,15.6616949060923   ,12.043194076946    ,16035              ,jun                ,2009               
13.6272976247405   ,2.94300226439911   ,236.37443735967    ,0.0358508711859719 ,4.38924301717273   ,28.5212763155001   ,37.223230428932    ,73.9718703527091   ,278.370820214841   ,292.284983196334   ,275.008488509468   ,0.00584526776446707,2.96284124935986   ,17.4498411764335   ,13.2586027257621   ,16049              ,jun                ,2009               
23.9710293291435   ,1.3680822931582    ,231.776402728209   ,0.603784954610302  ,5.05476599836094   ,43.5919003524032   ,35.9765172519786   ,68.3703819067508   ,282.973766526819   ,296.540703850676   ,291.037440925911   ,0.00657025471366211,2.8064487692719    ,13.2003299430092   ,10.9127984765592   ,16069              ,jun                ,2009               
20.0370407371851   ,1.40398613043109   ,234.890083235551   ,-0.941360608256389 ,4.66684759572846   ,38.5356804718984   ,38.5099242173607   ,74.4880149095183   ,281.044836963832   ,295.025140275771   ,287.061532237576   ,0.00651272978593875,2.5140894396246    ,14.3718134449205   ,11.9445336249906   ,16061              ,jun                ,2009               
33.0682194618684   ,1.37089079871851   ,168.934364222513   ,-0.94481077146894  ,5.90627734344287   ,52.138466820463    ,27.8389157366503   ,66.3527187943443   ,284.737663184981   ,301.137122924594   ,298.715155689235   ,0.0071759409609686 ,3.21975057420701   ,11.9113014732147   ,9.43578247680269   ,16055              ,jul                ,2009               
35.1725374956465   ,1.12633555541201   ,179.535642916316   ,-0.474929184695114 ,6.01601396537187   ,52.9519607997573   ,25.4843617992834   ,68.2074339353849   ,283.363299395115   ,301.63593976246    ,301.285880173088   ,0.00680676571881542,3.27013909184175   ,11.9888446923999   ,9.2560116474263    ,16009              ,jul                ,2009               
32.94492185657     ,0.792394246431368  ,188.024637339634   ,-0.367635670996582 ,5.94047263868393   ,50.7407856381324   ,25.8576699455323   ,74.3355136274522   ,283.318130621141   ,302.135033328149   ,309.681808043449   ,0.00711852679667514,2.85755198434476   ,12.5876065911016   ,9.78628261366198   ,16057              ,jul                ,2009               
32.9931098136175   ,0.984515780942139  ,184.208986780259   ,-1.09213818072038  ,5.79379992736099   ,54.8514542466807   ,24.3204403910884   ,55.9976829180717   ,283.580756779494   ,300.225629110206   ,306.075282053872   ,0.00593863338886119,2.72955540812195   ,11.9189024812193   ,8.12604719899991   ,16035              ,jul                ,2009               
32.5188580207015   ,0.752031325428957  ,209.087414017201   ,-0.274958906528846 ,5.74347484880157   ,53.9204598301132   ,22.411488508434    ,54.7074519330712   ,281.919023027147   ,299.067312077155   ,304.860474542541   ,0.0054837526235473 ,2.82217673787983   ,12.3274343151105   ,7.82441502487788   ,16049              ,jul                ,2009               
40.9223243468008   ,0.699049558000835  ,199.223195456916   ,0.0407789182050715 ,6.29807106410509   ,62.9113349295987   ,21.6469167916964   ,57.4477975219205   ,286.717110565907   ,303.785772987249   ,311.053780279839   ,0.00658910485452508,2.63375199874434   ,10.4508865232074   ,7.53137188157645   ,16069              ,jul                ,2009               
37.9048304708461   ,0.661260338433105  ,187.15298015027    ,-1.50514666760756  ,5.84837416098042   ,58.8382767540269   ,23.2299155868616   ,63.2676407807161   ,284.40332984365    ,302.176023979055   ,311.476510237325   ,0.00647582281677594,2.31121496887596   ,11.3520301704691   ,8.24734140376795   ,16061              ,jul                ,2009               
29.3866731233521   ,1.86959188413204   ,216.229917492862   ,-0.599210354229959 ,5.06355430610497   ,43.3472845527449   ,30.1814269086493   ,75.7264244700434   ,283.819706641202   ,299.169320245639   ,260.876967235278   ,0.00726444779871261,3.64842428386283   ,13.6520406390572   ,11.8473144077644   ,16055              ,aug                ,2009               
32.9961368712104   ,1.58036908370395   ,228.642073414849   ,-0.245916209497748 ,5.17347590617038   ,47.3872526132052   ,27.5921429655756   ,76.053641790196    ,282.981149491792   ,299.593454022015   ,259.775205999186   ,0.006894027912841  ,3.68931299940642   ,12.6267162187565   ,11.3440061236274   ,16009              ,aug                ,2009               
28.1026471441798   ,1.54076279474482   ,244.466445058853   ,-0.179727504538993 ,4.96700630878249   ,45.2443480119398   ,28.3527267243785   ,78.954872413143    ,283.217180416969   ,300.030412661645   ,258.673351552409   ,0.00734199284759891,3.23342395178733   ,12.8271270632744   ,11.9555794987371   ,16057              ,aug                ,2009               
25.4755530874288   ,2.50342537628333   ,228.381327351675   ,-0.818892096400319 ,4.6936248560756    ,44.1200153914983   ,31.0516725363384   ,69.317545172837    ,283.176660772512   ,297.726452719553   ,249.475114010825   ,0.00667382195796731,3.045656840371     ,13.1269036632666   ,11.6166180619144   ,16035              ,aug                ,2009               
27.8931787364954   ,2.24650071115354   ,231.675118863498   ,-0.0520070075579195,4.59285911820709   ,46.8138481261846   ,29.1902012446279   ,68.5343109296188   ,281.299501537165   ,296.806113267833   ,246.038007840622   ,0.00616862615050825,2.99150217780874   ,12.6174012396885   ,11.1890699720472   ,16049              ,aug                ,2009               
32.3768233256373   ,1.5213493708221    ,252.090546540966   ,0.410229440758573  ,5.21800911289794   ,54.4232783269035   ,25.4720959578668   ,67.723820098211    ,286.278055793482   ,301.394267252155   ,253.560163612754   ,0.00708734013464486,2.97868061871781   ,10.8861104580417   ,10.1511604041092   ,16069              ,aug                ,2009               
26.7308408386148   ,1.79256937146918   ,244.482647622563   ,-1.21210512974538  ,4.70645780652023   ,47.5396023081386   ,27.9461569109779   ,73.735519747326    ,284.188616222523   ,299.785343187455   ,250.685884789447   ,0.00710742722206578,2.53074093222205   ,12.3774205807589   ,11.4808163398172   ,16061              ,aug                ,2009               
38.7622033025464   ,0.418702534498297  ,198.501643164364   ,-0.510358768354399 ,3.82956570159588   ,48.578775486207    ,28.7896164182446   ,75.5763874415017   ,279.827074525517   ,295.33517458985    ,191.047263185478   ,0.00536803281086718,3.99435468267838   ,12.5937331562016   ,11.3849199907279   ,16055              ,sep                ,2009               
39.2767272026383   ,0.362569454299099  ,206.196880956044   ,-0.32196960806228  ,3.97853392508373   ,49.5960514723197   ,25.6362660078842   ,77.650113793849    ,278.781495266224   ,296.103753282897   ,192.123775149614   ,0.00511664585582361,4.01238849188919   ,12.3018161989998   ,11.5056329920917   ,16009              ,sep                ,2009               
36.1307921017092   ,0.301387040348103  ,213.774182699998   ,-0.206170458846609 ,3.95006702240308   ,46.8621280577977   ,25.2867497054736   ,81.1792849388123   ,278.963025700887   ,296.804638264974   ,195.704808104197   ,0.00535306760082797,3.6944653185606    ,12.9424041430155   ,12.1570469175975   ,16057              ,sep                ,2009               
33.7116034293165   ,0.370049582699798  ,213.004366853945   ,-0.665712501324052 ,3.85040885668308   ,50.2963349568835   ,27.0939681126082   ,68.343989919188    ,279.393856303972   ,295.142511399251   ,197.980608430557   ,0.00505519371178333,3.6047657179656    ,12.086506634686    ,10.3300075617367   ,16035              ,sep                ,2009               
41.2421410580879   ,0.266909580945568  ,220.038280030545   ,-0.195762170954104 ,3.94961819320129   ,57.06599259036     ,23.8540032266454   ,63.5930952715075   ,277.890164647131   ,294.779090428635   ,204.695864163601   ,0.00452733862931915,3.53064018690459   ,11.0935041383334   ,9.31685655683422   ,16049              ,sep                ,2009               
46.8742992425731   ,0.159929202303768  ,220.28126635969    ,0.33694513193728   ,4.23940860518585   ,59.9220328529888   ,23.1576152458973   ,67.9354599067022   ,282.079499169552   ,298.277929964933   ,197.140954697281   ,0.00530389058642312,3.4433172888828    ,10.5140022412128   ,9.56325759020719   ,16069              ,sep                ,2009               
40.39569470182     ,0.118570922661993  ,214.78618864468    ,-1.09785017722925  ,3.84239575838254   ,53.733557484104    ,24.4460363001863   ,74.2627550571746   ,280.086660228551   ,297.122355891456   ,197.295407956756   ,0.00528561570219819,3.00580427462733   ,11.807209498035    ,10.7184965186211   ,16061              ,sep                ,2009               
19.8039894826047   ,3.42177880249772   ,180.319764410201   ,-0.917169468096663 ,1.62287748677709   ,28.9695931723215   ,41.7259046877901   ,87.5095179780742   ,272.908135360825   ,282.709313278573   ,107.849059994788   ,0.00396833859820358,4.72403255686981   ,15.9358475828304   ,17.1194115619363   ,16055              ,oct                ,2009               
20.6883361793668   ,2.83710132848872   ,197.269227018393   ,-0.872322068162101 ,1.72882794105135   ,30.126911671295    ,39.7863508145485   ,88.2363599342889   ,272.445314894107   ,283.443557631494   ,109.86095946753    ,0.00396938473673292,4.87249348829848   ,15.6309726385243   ,17.0107911245175   ,16009              ,oct                ,2009               
18.4138423584954   ,2.05210916559903   ,206.405788914167   ,-0.745324169495143 ,1.66240975634706   ,29.0870188018583   ,40.6727901132645   ,89.9219297402905   ,272.782123329409   ,284.096195284936   ,113.608808996754   ,0.00415952710359688,4.13713643129795   ,15.9305411158839   ,17.2973602844054   ,16057              ,oct                ,2009               
15.8995927193799   ,2.79222860491021   ,203.392707047989   ,-1.22701969128965  ,1.54319464566986   ,29.5410334825727   ,44.347908623326    ,86.1361727832585   ,272.478750544584   ,282.004825423719   ,110.282717804869   ,0.00392619670917391,4.19457656131275   ,15.3482860346523   ,16.8649284353622   ,16035              ,oct                ,2009               
18.7506629868576   ,2.24749928097385   ,225.92960723471    ,-0.898609461592847 ,1.60552362357699   ,31.8972167520723   ,42.9866528313802   ,85.439390652924    ,271.20410322885    ,281.285978478938   ,119.154952269981   ,0.0036816504735156 ,4.25779946519641   ,14.7232394233529   ,16.5046670998666   ,16049              ,oct                ,2009               
23.789909393281    ,1.28385382491696   ,216.963529358491   ,-0.344418554918744 ,1.88314063981502   ,38.4492867030377   ,37.7308241513673   ,84.0344400460173   ,275.007060152468   ,285.522108327074   ,117.293758087987   ,0.00421706976043334,3.74885438409616   ,13.3190500024312   ,15.2833455070784   ,16069              ,oct                ,2009               
20.2951863238516   ,1.29282173354966   ,210.48275302223    ,-1.62452817933003  ,1.61473877843588   ,34.1003557794795   ,40.2168710172669   ,88.2675338385106   ,273.475239134636   ,284.235252207484   ,116.040047535989   ,0.00421439697534892,3.26181798895274   ,14.3586512614936   ,16.3297972869822   ,16061              ,oct                ,2009               
5.98614707951714   ,2.35334651714653   ,198.414787317598   ,-0.654302230629871 ,0.77195433168704   ,8.99987140924611   ,60.8661006754808   ,93.0643762439367   ,271.549644916048   ,278.419006268118   ,60.4300670647327   ,0.00371904778109023,4.52843852303156   ,22.795428680556    ,21.3383795314365   ,16055              ,nov                ,2009               
6.7506793249336    ,2.11324427839391   ,203.442631741435   ,-0.84494926179052  ,0.843620694843093  ,9.62751228404259   ,59.1109249532575   ,93.2720309345915   ,271.241359805496   ,278.56566244573    ,62.3888537013789   ,0.00369729603965871,5.04179490717675   ,22.4775178446572   ,21.2136622208815   ,16009              ,nov                ,2009               
7.59008911092455   ,1.92399455302954   ,196.272499849955   ,-1.00630040956351  ,0.834746648905178  ,10.1741345782157   ,57.983743361791    ,94.228119386673    ,271.210757766724   ,279.168498855591   ,68.5166498896281   ,0.00374050621525384,4.42437922364473   ,22.3414079329173   ,21.2311238284111   ,16057              ,nov                ,2009               
5.23989205396248   ,2.91901767992108   ,200.614088801316   ,-1.45866551338429  ,0.885891814041329  ,8.38645321820453   ,55.8817341024225   ,91.5714366063339   ,270.223824543109   ,278.013865604629   ,66.2653300334401   ,0.00337680693611784,4.16298344744772   ,23.2223174032651   ,21.032406089573    ,16035              ,nov                ,2009               
11.2544421271406   ,1.96740872682843   ,213.83794020942    ,-1.18449377778039  ,1.04926443864657   ,15.7742771814479   ,49.1597074729662   ,88.3700580008001   ,267.85529889296    ,277.652759672884   ,74.9537306970838   ,0.00292659440669031,4.33048023873013   ,20.8130193459648   ,18.9460224190032   ,16049              ,nov                ,2009               
12.7815727459481   ,1.34719533733957   ,199.865490165071   ,-0.809988623508211 ,1.01080561472823   ,18.9558367517968   ,51.97542664312     ,89.3343027947846   ,272.443064619258   ,280.804924185306   ,72.9236203982443   ,0.0037052724700099 ,3.7950356872324    ,19.1452803943246   ,18.7254860016114   ,16069              ,nov                ,2009               
11.0629564471309   ,1.19653024900263   ,189.354816102587   ,-1.76308916275166  ,0.876453799930896  ,16.4963851426259   ,53.2294020206147   ,92.3788558203327   ,270.742032894418   ,279.747892799062   ,71.7851232660047   ,0.00355415209257442,3.30124744084913   ,20.014005870136    ,19.6246804157236   ,16061              ,nov                ,2009               
11.6515519231696   ,2.80412907807977   ,172.568008348805   ,-1.20868558608333  ,0.493853383835288  ,13.6449797972559   ,57.9881263191317   ,81.7352893300835   ,264.965889753595   ,271.298235209063   ,43.9600334071982   ,0.00219338760765229,3.17140095597759   ,22.5242484512643   ,18.2026440930465   ,16055              ,dec                ,2009               
12.4967272708905   ,2.32191873443491   ,184.611122312795   ,-1.53180145238631  ,0.531394890700219  ,14.0278967672537   ,56.6889391889704   ,83.6374143167831   ,264.674959764349   ,271.47981230907    ,44.6201915340311   ,0.00221124862070899,3.46240103510475   ,22.4277407012277   ,18.4619669191936   ,16009              ,dec                ,2009               
10.5736100343317   ,2.12547161229824   ,185.234529025118   ,-1.81847077772021  ,0.500148905272285  ,12.1628081574871   ,57.1708178189595   ,87.9590143388112   ,264.761557411194   ,271.978374298096   ,47.9045522478422   ,0.00231047733287172,3.24518911707401   ,22.8782935256958   ,19.6117793744405   ,16057              ,dec                ,2009               
7.4720008477144    ,3.72902908759235   ,187.263337300469   ,-1.98170083597397  ,0.457815448899371  ,8.22086867616966   ,59.8756482907296   ,86.3641111727413   ,263.958754572153   ,270.625602951211   ,51.280266740139    ,0.00221598699710734,3.30379488720408   ,24.7829707608078   ,20.2834817281485   ,16035              ,dec                ,2009               
11.2371411991084   ,2.01446881215696   ,211.712653791799   ,-1.77328933144383  ,0.547126711711874  ,14.6910125911538   ,54.1921401081645   ,85.872612864232    ,261.407812424389   ,270.395845539094   ,57.9638383520263   ,0.00196155772185496,3.62750851573881   ,21.7166122621381   ,18.9341746138057   ,16049              ,dec                ,2009               
12.2299914434524   ,1.36345848824012   ,190.145325824921   ,-1.53870792678971  ,0.527189520986854  ,18.7107106593134   ,58.4432082466901   ,83.2725688084349   ,266.356022882037   ,273.137149045132   ,52.3314608106426   ,0.00241579309749893,2.87729588906926   ,19.7745849084089   ,17.713994846242    ,16069              ,dec                ,2009               
10.6045935159223   ,1.15633107857681   ,179.01684382415    ,-2.11841813838186  ,0.435787184310682  ,15.1870446645613   ,60.253165149426    ,88.3224641279741   ,264.636104276883   ,271.845830731352   ,51.6389814237589   ,0.00232218871346595,2.56691025439701   ,20.9055224473811   ,19.2093368083649   ,16061              ,dec                ,2009               
