bi,pr,th,pdsi,pet,erc,rmin,rmax,tmmn,tmmx,srad,sph,vs,fm1000,fm100,countyfips,month,year
3.20110604234636     ,4.6379320632134      ,203.045977472072     ,2.13274898637081     ,0.553425407653075    ,1.58105952401856     ,69.6362008667397     ,87.7974953640667     ,268.081957706809     ,274.170999907536     ,46.4457998297279     ,0.00317513437499499  ,4.1514189085542      ,28.85794388895       ,22.8178950491677     ,16055                ,jan                  ,2011                 
3.022703430436       ,4.89195505481325     ,208.89341681521      ,-0.742628519300232   ,0.596314214868249    ,1.61872499730261     ,67.7612471466734     ,89.0544137548777     ,267.751264402852     ,274.377159752129     ,46.7654048182806     ,0.00319149619354389  ,4.66630638782294     ,28.9059666547868     ,23.0410443917784     ,16009                ,jan                  ,2011                 
3.67466837633041     ,4.122023330929       ,178.700595438557     ,-1.04281792461251    ,0.577981064583986    ,2.80962055928247     ,66.8218665722878     ,89.9350682953865     ,267.940243439213     ,274.995282725673     ,46.9825478793729     ,0.00322641024771597  ,3.77675679963443     ,27.7492670800609     ,22.4217367949024     ,16057                ,jan                  ,2011                 
1.83772563719289     ,7.13685480479104     ,186.800774323552     ,0.312665866836223    ,0.525728864601645    ,1.19726290901994     ,68.9404577510724     ,89.120965439797      ,266.474066774834     ,273.562237303863     ,52.315733715529      ,0.00304793221825848  ,3.97284464785146     ,30.552869136797      ,23.613343600125      ,16035                ,jan                  ,2011                 
6.43707134071977     ,4.50710146134703     ,221.117710675457     ,-0.000208699739819942,0.573479790078097    ,5.68940036861469     ,64.0964055303357     ,89.850844245101      ,263.541243333934     ,272.943108243389     ,59.4598930637739     ,0.00272549852639422  ,4.23222873389297     ,26.5863765846371     ,22.0450513650874     ,16049                ,jan                  ,2011                 
8.78629833539025     ,2.06259157713882     ,178.094913982124     ,-0.420589503915167   ,0.646970853407102    ,10.7162960942075     ,64.6302508394821     ,87.5325305699192     ,269.512698789619     ,276.29919000599      ,49.241766866454      ,0.00328249685100476  ,3.35765566197843     ,22.6273238420774     ,19.9956427863369     ,16069                ,jan                  ,2011                 
7.86211532651504     ,1.8084779602681      ,144.088259349916     ,-0.441977018336496   ,0.557179994715298    ,8.93303931507734     ,66.0960559389871     ,89.837357980987      ,268.022404259092     ,275.342568202516     ,49.7920851726527     ,0.00321714201190958  ,2.88384200338998     ,23.2659691109145     ,20.8852228506887     ,16061                ,jan                  ,2011                 
7.11161102103108     ,3.43155962376207     ,196.691093125251     ,2.26862572699744     ,0.854089267420495    ,7.60021685230383     ,57.7985382441701     ,85.1739485565177     ,266.72886684402      ,274.844504951239     ,76.071774337237      ,0.00273969260459378  ,4.50703941167347     ,25.0188010407503     ,19.6785474057621     ,16055                ,feb                  ,2011                 
5.87047496783159     ,4.01910519417252     ,207.944548277158     ,-0.0762919461431764  ,0.913358262884143    ,6.31039581380302     ,56.7290297904865     ,85.1257707042807     ,266.71271778987      ,274.998378137764     ,77.0677472442666     ,0.00275426962878014  ,4.88512855710262     ,25.6111166817801     ,20.0038122886938     ,16009                ,feb                  ,2011                 
5.99703707873821     ,3.9566973716917      ,202.199092183794     ,-0.329989959187806   ,0.900133925064334    ,7.18878076685273     ,55.6973583820888     ,86.0310410955974     ,267.26068951743      ,275.710494570051     ,77.8685355615616     ,0.00283753622598722  ,3.95281879350543     ,25.1219974889074     ,20.1593770526137     ,16057                ,feb                  ,2011                 
3.64253540926651     ,5.84967871206944     ,206.457187014021     ,1.14849272107809     ,0.894373407520464    ,3.32515954719763     ,55.9157013900328     ,85.4724815398032     ,266.149251724146     ,274.573589775433     ,91.1801394688979     ,0.00262899481694602  ,4.24950245656444     ,27.9717095337473     ,21.1486258527657     ,16035                ,feb                  ,2011                 
7.93446474441045     ,3.36746702230065     ,234.249260634777     ,0.659848607414389    ,0.964279186690082    ,8.28354325961613     ,51.4019651729735     ,86.165187797868      ,263.180221892386     ,273.690616975963     ,97.6093872524642     ,0.00229670748906425  ,4.79824058030359     ,25.1412906125514     ,20.0133185234335     ,16049                ,feb                  ,2011                 
9.97489618854362     ,2.45244215032039     ,208.943999479161     ,0.300312865804383    ,0.988663892971026    ,14.4363100386255     ,54.4336123845339     ,83.584030634397      ,269.117833011473     ,276.931872371502     ,85.8936082418863     ,0.00296192560923676  ,3.60040733951298     ,21.5665788042172     ,18.5295918092553     ,16069                ,feb                  ,2011                 
9.43793565428947     ,2.27670286389078     ,185.559845213907     ,0.188589964595626    ,0.893153086913818    ,12.9335234542603     ,55.3206281723914     ,85.7992869808373     ,267.857085506074     ,275.973172720377     ,84.7091038719682     ,0.00285298466786067  ,3.07540781861072     ,22.2049417245205     ,19.1475419055191     ,16061                ,feb                  ,2011                 
4.42831093486713     ,4.21146865086164     ,192.276265352858     ,2.4625212502128      ,1.53345346912498     ,5.21806843896923     ,51.7650644858646     ,91.1493269716397     ,271.263902472513     ,280.660856562181     ,125.166454753726     ,0.00372651950696667  ,4.81794028655318     ,25.9723586296791     ,20.2458523077175     ,16055                ,mar                  ,2011                 
3.96763035686309     ,4.03671212690344     ,194.509934205639     ,0.521520963904891    ,1.61836423332806     ,4.41811438074976     ,50.3609314445413     ,91.4463018303405     ,270.97992294029      ,280.864763038899     ,129.980722234777     ,0.00370907779424098  ,5.26033306865889     ,26.3949831794932     ,20.2072994744056     ,16009                ,mar                  ,2011                 
3.32604056658283     ,3.68719484800728     ,192.382805482188     ,0.692574182401101    ,1.69938417804818     ,5.07426903004643     ,48.9123957430932     ,91.5341836338659     ,271.217269803939     ,281.595214750228     ,136.091899716777     ,0.00373853690058534  ,4.61550619777172     ,26.0443667713288     ,19.8528103826892     ,16057                ,mar                  ,2011                 
3.77265159330776     ,6.02105094064566     ,200.206218026942     ,1.68860048725623     ,1.62017619740928     ,3.50137451355737     ,49.387441712854      ,91.1905735015609     ,269.913590167478     ,279.768994913398     ,149.348887050379     ,0.00344542396584132  ,4.48641386561689     ,28.2940679189332     ,20.4523636646813     ,16035                ,mar                  ,2011                 
5.55366030555501     ,4.95301568333711     ,-50.9012521075582    ,1.10730968675957     ,1.61809615829305     ,7.65406599622526     ,46.1315468541826     ,91.9350301664117     ,266.770309991804     ,278.157531698928     ,156.062446748114     ,0.00298053091775289  ,4.65912646877036     ,25.2245994732431     ,19.7141672256974     ,16049                ,mar                  ,2011                 
7.90160304348037     ,2.79402568640661     ,194.443700734142     ,1.16453037689873     ,1.91156547869899     ,13.6304751433688     ,45.6874126196113     ,88.5144459834814     ,272.54625514361      ,282.738557045308     ,142.613183317502     ,0.00376992344660503  ,4.15631272814614     ,22.1101352467256     ,17.9169367528978     ,16069                ,mar                  ,2011                 
7.31941145650548     ,3.06621813441827     ,187.094738920858     ,1.04032950324953     ,1.71909082527798     ,12.3204910690325     ,47.1205115220414     ,89.3177057381663     ,271.300389321637     ,281.455266290968     ,141.641322115331     ,0.00363635803673141  ,3.5734678663371      ,22.7311630340552     ,18.3311141491318     ,16061                ,mar                  ,2011                 
6.79869379356238     ,3.91481403508281     ,235.633430870276     ,3.27862528739152     ,2.279669041717       ,8.74413232411852     ,44.6174710104985     ,87.2864377083275     ,270.874605004581     ,282.219750059779     ,179.64366724671      ,0.00347378197760386  ,5.38911808599987     ,25.4831616337571     ,18.2581854851648     ,16055                ,apr                  ,2011                 
7.00122931121134     ,4.09870279498244     ,-4038.92244745439    ,1.89170830136926     ,2.26864479454547     ,7.45167311768669     ,45.1965179695415     ,88.0358742294462     ,270.494110601        ,282.135280348798     ,177.34151104959      ,0.00346974432339829  ,5.63940063214161     ,26.1215194273277     ,18.6973819392202     ,16009                ,apr                  ,2011                 
6.84008186308543     ,3.46730054183646     ,248.785644196828     ,2.17646671493848     ,2.24020219919085     ,8.33936780451088     ,46.4772980006536     ,88.9941754557292     ,270.701435317993     ,282.464405024211     ,180.874262585958     ,0.00357905449167204  ,4.74364416972796     ,25.3117544876734     ,18.5729949855804     ,16057                ,apr                  ,2011                 
3.78134670785147     ,5.04479662210561     ,246.240742820111     ,2.71420493942487     ,2.09855420374383     ,4.06402052554652     ,47.2814032480698     ,88.8682127805391     ,269.65501734577      ,280.414272558361     ,185.547063007852     ,0.00332466791766394  ,4.77620538444566     ,27.8410116267591     ,19.8478409212689     ,16035                ,apr                  ,2011                 
7.53180483456778     ,4.04184158434145     ,257.233403281363     ,2.19044621651455     ,2.04117584463993     ,8.18119592010182     ,45.4288462861439     ,91.1099138477507     ,267.446198298915     ,279.109233143457     ,192.85892859361      ,0.0030960511079591   ,4.69335179299383     ,25.5513424355116     ,19.2206269287552     ,16049                ,apr                  ,2011                 
10.2256300620217     ,2.36498821411853     ,241.807211783778     ,2.31905754800361     ,2.4365427194379      ,15.4152757404497     ,44.1696242578952     ,86.3480727884221     ,272.197789080343     ,283.661554528983     ,185.284199921035     ,0.00370765998461508  ,4.35378378663683     ,21.9840958149888     ,16.9412879307215     ,16069                ,apr                  ,2011                 
8.54427397967042     ,2.62019413168511     ,239.567305867009     ,2.14801643086859     ,2.18472951726152     ,12.8676220095185     ,46.7283626304185     ,88.6741220658147     ,270.910862946313     ,282.222141944738     ,182.085480223937     ,0.00362159354299866  ,3.73458058929312     ,22.8728324293762     ,17.8445928933535     ,16061                ,apr                  ,2011                 
11.6452417942089     ,4.04638334794385     ,-1946.2540673788     ,4.00331433287046     ,3.5816473263313      ,17.2529208167634     ,40.7243674744272     ,84.7121273158762     ,275.971557584778     ,289.281076451277     ,238.162006771645     ,0.00494885126025065  ,4.39900514268628     ,22.0902571699051     ,15.5457271755446     ,16055                ,may                  ,2011                 
13.0713386593895     ,3.82902969489517     ,219.364675907398     ,2.97856592638253     ,3.65377535251607     ,16.9940858825367     ,39.8741075807365     ,86.7013991986279     ,275.204982826741     ,289.456885238621     ,243.562266474121     ,0.00487682777816029  ,4.48278285617887     ,22.3551778256336     ,15.7638781675516     ,16009                ,may                  ,2011                 
10.8525774875764     ,3.70953929941921     ,237.675327947063     ,2.99501193682353     ,3.56923284632544     ,16.2336345203846     ,42.5733085235473     ,88.3861141955468     ,275.504766215663     ,289.471338983351     ,248.331047031033     ,0.00509689890820863  ,3.96735496801715     ,22.1815818482061     ,16.2574634941163     ,16057                ,may                  ,2011                 
8.10276626852796     ,4.92086497829239     ,231.451677359981     ,3.49773933746346     ,3.57560158144978     ,12.4696110198343     ,39.1344072661523     ,83.885277086461      ,274.821001868842     ,288.05310610441      ,250.301974986704     ,0.0045790136015293   ,3.92383457398029     ,24.2907426028007     ,16.2495903681011     ,16035                ,may                  ,2011                 
11.3799622885174     ,4.5791536413918      ,224.838339684451     ,2.77298449750198     ,3.4672183073933      ,16.9970735713283     ,37.6998772221188     ,85.124318563605      ,272.717089053556     ,286.220154410878     ,253.015910213165     ,0.00416148723295043  ,4.12856474576962     ,22.2748301483311     ,15.6613746732687     ,16049                ,may                  ,2011                 
12.2252619397708     ,3.59732864222031     ,246.048874577839     ,3.01397559583293     ,3.75818980883499     ,22.3211713964124     ,40.7240500952717     ,82.0652699440085     ,277.316032392559     ,290.084631179723     ,247.940984607175     ,0.00510664911657056  ,3.69989213842512     ,19.5136286227358     ,14.905437256193      ,16069                ,may                  ,2011                 
9.65148124425324     ,4.21638338472627     ,243.783757164268     ,2.87209372152638     ,3.47570755236373     ,18.1650009284303     ,42.6903399808411     ,85.0797663337547     ,275.892077343015     ,288.643488701678     ,247.305849012773     ,0.00498092527252005  ,3.21561857607485     ,21.0404012736496     ,15.9695992272747     ,16061                ,may                  ,2011                 
21.5824660234491     ,1.65515796413316     ,222.458593966637     ,4.17318555651378     ,4.24708791482269     ,26.3742554106012     ,39.866050438168      ,82.9811292206145     ,279.042880190416     ,293.309332070266     ,247.76289614977      ,0.00617210396242281  ,4.39646166639891     ,19.1943271898602     ,13.6527872833859     ,16055                ,jun                  ,2011                 
20.2097229895507     ,1.2525031510577      ,228.629756146493     ,3.40781272280616     ,4.27937139851102     ,26.7014475853485     ,39.1839801382031     ,84.0909717454478     ,278.323881497656     ,293.491329366169     ,246.870258182322     ,0.00609217646937722  ,4.48381184386549     ,18.9232878408488     ,13.4128993305229     ,16009                ,jun                  ,2011                 
18.5457446947098     ,1.17847131384397     ,240.351474717458     ,3.41860755642255     ,4.23870725806554     ,25.1404828271071     ,42.0292880674998     ,87.4815675703684     ,278.537770909627     ,293.673348587036     ,266.264049771627     ,0.00646483936269457  ,3.67532542234659     ,19.3754027458827     ,14.078563284874      ,16057                ,jun                  ,2011                 
15.3537371548739     ,2.12967134252761     ,247.384393189842     ,3.68620049936659     ,4.16592336760347     ,21.7472296880478     ,38.5929843466411     ,79.4294751762084     ,278.046050061904     ,292.362851788747     ,250.080082490799     ,0.00567520380483178  ,3.66942130814059     ,21.1194578352237     ,13.8501953948628     ,16035                ,jun                  ,2011                 
15.024343871832      ,2.73977340555992     ,254.395204351784     ,3.17069535580075     ,4.2174948815949      ,21.4934923805049     ,36.7226262395987     ,82.0592771804559     ,276.218068385477     ,291.246159345955     ,269.991198091271     ,0.00542011164165768  ,3.5923785765035      ,21.0392964449868     ,14.5444637440752     ,16049                ,jun                  ,2011                 
20.5917876444186     ,1.04271022665992     ,248.434719274728     ,3.82871010702987     ,4.60714432789468     ,31.0671285814567     ,38.38424503986       ,78.8885199344519     ,280.662719288654     ,294.702757524297     ,275.934268566546     ,0.00631673431286253  ,3.35614969605006     ,17.5085533609577     ,12.4988178254024     ,16069                ,jun                  ,2011                 
15.7842783489175     ,1.4222281917727      ,247.915029276698     ,3.65769405535758     ,4.23725202993256     ,25.3303343088502     ,40.6060842598109     ,82.3037134822078     ,279.00976805884      ,293.176009917456     ,272.410872488311     ,0.0061610554586121   ,2.87946566259565     ,19.3130121073447     ,13.7262287631179     ,16061                ,jun                  ,2011                 
35.202765007885      ,0.687096618609813    ,218.072970251693     ,4.04587390360682     ,5.46373959906181     ,45.6104203169364     ,30.8585335011028     ,74.9091557267651     ,281.674759820624     ,298.414369389433     ,305.508176446325     ,0.0065625866985518   ,3.45771019467949     ,13.889985668664      ,10.6402930241094     ,16055                ,jul                  ,2011                 
36.4697678084136     ,0.56496129491041     ,226.624960808882     ,3.27975019007275     ,5.51126816450673     ,45.1962789545352     ,30.1949429185273     ,79.6588981535217     ,280.515651218671     ,298.777125041661     ,309.237112958005     ,0.00655579295482769  ,3.48808913173783     ,13.917833403791      ,11.2038328897455     ,16009                ,jul                  ,2011                 
29.1118138913185     ,0.467310313450683    ,230.863182333669     ,3.46218854983648     ,5.2966913451687      ,40.2734506031775     ,33.3604550207815     ,85.9288006819448     ,280.651812089489     ,298.820900051978     ,314.965075821415     ,0.00719970437540342  ,3.03715306697353     ,14.7827416040051     ,12.3255797424624     ,16057                ,jul                  ,2011                 
28.2416012099338     ,0.903858051453227    ,238.365389337613     ,3.52181100442092     ,5.51976696967526     ,41.9150564937387     ,29.7735222140251     ,72.3320770707241     ,280.900709372706     ,298.387267033059     ,320.905412419125     ,0.00633751736614176  ,2.98778980150885     ,14.9053001585594     ,10.7921035559841     ,16035                ,jul                  ,2011                 
28.3271209919288     ,1.06301742022387     ,251.270117561845     ,3.23102328392855     ,5.51606469946412     ,41.1631721741692     ,27.2124417334334     ,74.2222796453556     ,279.344893536037     ,297.984502401404     ,318.136264729621     ,0.00612617789335939  ,2.99128087579427     ,15.3742300685813     ,10.8710048547698     ,16049                ,jul                  ,2011                 
29.3646918929032     ,0.506580992017346    ,234.679534148775     ,4.11157445176612     ,5.65976076412349     ,47.2090930502765     ,29.048193806962      ,73.3448723241422     ,283.541316655086     ,300.20431078453      ,314.530044022646     ,0.00678374123579954  ,2.83819212706023     ,13.0981735544039     ,10.2815680708662     ,16069                ,jul                  ,2011                 
26.4729117859017     ,0.620915419018873    ,230.587248415478     ,4.08710475697005     ,5.30847456403746     ,41.709352776007      ,31.5006203540831     ,78.4892141199277     ,281.787590761116     ,298.779141374475     ,317.161134852565     ,0.00686800897016404  ,2.508311169874       ,14.6659021305104     ,11.4182043181709     ,16061                ,jul                  ,2011                 
48.6963714175248     ,0.106547116851252    ,229.788745410696     ,3.706836995601       ,5.42048682730368     ,62.8960619660214     ,23.1629830957583     ,68.55180259025       ,282.699715413152     ,300.007863536831     ,279.658619868396     ,0.00592633355654935  ,3.42250481291816     ,10.2280036979948     ,8.49237597506154     ,16055                ,aug                  ,2011                 
50.2505144190984     ,0.0819347169176299   ,241.361704103135     ,3.00636481862567     ,5.51173840795088     ,61.8858409655142     ,21.2781747212549     ,72.5493026750874     ,281.501783982241     ,300.670131467094     ,279.596193156686     ,0.00577044006192455  ,3.48227325478317     ,10.5715487356927     ,8.88673478152193     ,16009                ,aug                  ,2011                 
46.2144714158581     ,0.0465923233862005   ,267.886678719059     ,3.31194403966268     ,5.4169891654676      ,59.7278444450132     ,20.1496745824045     ,75.1234550574518     ,281.767517739573     ,301.387813513971     ,279.702649900375     ,0.00592360170253913  ,3.09570703992921     ,11.0951363712741     ,9.15880383145425     ,16057                ,aug                  ,2011                 
44.7956099306944     ,0.154579852556359    ,-122.322250599052    ,3.22376316420372     ,5.15745420609751     ,62.1029279934289     ,22.8078756925558     ,64.8085728594399     ,281.847708896621     ,299.705316694081     ,279.166084711527     ,0.00565472806214684  ,2.88435887196929     ,10.5641127116259     ,8.25452089937324     ,16035                ,aug                  ,2011                 
43.3982785308251     ,0.200714047025378    ,249.516385027798     ,2.93760436530377     ,5.00825292521141     ,58.9967638518496     ,22.6972257607564     ,69.2853602970661     ,279.983801788375     ,298.729260810135     ,274.183089169414     ,0.00558714286498679  ,2.86180290928493     ,11.2806142641342     ,9.00238750005474     ,16049                ,aug                  ,2011                 
50.5300215582447     ,0.0648147915349398   ,268.920972395379     ,3.95067687531844     ,5.62488534634784     ,70.5766715868518     ,17.4416629763046     ,60.1182258636227     ,284.817284076527     ,302.652683278456     ,276.571922699706     ,0.00556994673815036  ,2.84374980389177     ,9.05201149291163     ,7.03169153525086     ,16069                ,aug                  ,2011                 
44.530599495469      ,0.0882550260750763   ,263.630067008173     ,4.20312434976751     ,5.12298125392499     ,64.1969725116352     ,19.464291453584      ,67.0157730887649     ,282.979789223362     ,301.160955036014     ,276.665411466854     ,0.00572118908651044  ,2.43166469132478     ,10.3325661942979     ,8.07337315214122     ,16061                ,aug                  ,2011                 
39.4144740754848     ,0.638755233721892    ,207.931033036346     ,2.80615787447235     ,4.15408593800496     ,57.9385063809786     ,21.7858590704914     ,68.4250523565891     ,280.688725312158     ,298.134685073664     ,190.399751879322     ,0.00509145919208649  ,3.83473645123271     ,10.1422607317219     ,10.4783609778793     ,16055                ,sep                  ,2011                 
39.7932269455648     ,0.535020383962483    ,216.529105643549     ,2.19801674227743     ,4.27461635114173     ,57.313895503915      ,19.9669332887999     ,69.8969268836448     ,279.906639673959     ,298.685947690584     ,191.693090273313     ,0.00491827105528343  ,3.88514630239626     ,10.3655710198705     ,10.5938067419289     ,16009                ,sep                  ,2011                 
40.715983944575      ,0.337245164878977    ,210.785844491323     ,2.52010537544886     ,4.26250260692835     ,59.5368585586548     ,18.0988918089867     ,69.0746965595881     ,280.173104146322     ,299.653567657471     ,194.884636364619     ,0.00482689498768498  ,3.4020319288969      ,10.0694470131397     ,10.23196326828       ,16057                ,sep                  ,2011                 
44.4760791567533     ,0.405916744614331    ,213.165378831591     ,2.34097929379737     ,4.06383213700754     ,62.4284703330644     ,20.8136285395249     ,63.206106533107      ,280.388137481883     ,297.748242768173     ,195.357804676241     ,0.00476084276772097  ,3.38347343184563     ,9.66389316904284     ,9.58465082976413     ,16035                ,sep                  ,2011                 
46.2767868126975     ,0.340486220873244    ,220.617488742426     ,1.99957066497628     ,4.06990875841527     ,61.9403924962269     ,20.5039615258336     ,63.7644376947759     ,278.818839286631     ,296.700671183713     ,203.833010679837     ,0.00458476670484518  ,3.3728423152371      ,10.000984255865      ,9.61221774164994     ,16049                ,sep                  ,2011                 
49.0514696403408     ,0.202161348074817    ,214.233624651088     ,3.07951152324677     ,4.44763472230039     ,71.9339180910651     ,15.1619300351636     ,59.7735033426268     ,282.819316324108     ,301.188262580423     ,197.653041626085     ,0.00456570883295225  ,3.04522589751106     ,7.93572993431499     ,8.20195104710346     ,16069                ,sep                  ,2011                 
45.5866832191951     ,0.226616549713681    ,207.95705376407      ,3.42280591913491     ,4.05944548457779     ,66.8786158785019     ,16.6566164073865     ,63.9673215456245     ,281.169943914072     ,299.920245916193     ,196.840462203853     ,0.00466933755409973  ,2.73294476088414     ,9.02015289439314     ,9.08658553522809     ,16061                ,sep                  ,2011                 
16.5710281985825     ,2.18392616278877     ,-1921.50243217259    ,2.34260804810151     ,1.34490302684384     ,21.3713929875033     ,50.220456901053      ,95.1208352114628     ,274.058893541756     ,285.011686753739     ,102.965079420103     ,0.00503406277792814  ,4.0488605030691      ,18.2480244737182     ,19.5785445696042     ,16055                ,oct                  ,2011                 
15.475762862016      ,2.28468509124495     ,-793.505653497849    ,1.80503553234379     ,1.37692611825377     ,21.2961350531381     ,49.7381643490792     ,96.0172763110163     ,273.452600976078     ,285.225752150246     ,103.948760298241     ,0.00506549197933341  ,4.22963684343341     ,18.0764976730099     ,19.7162969496032     ,16009                ,oct                  ,2011                 
14.0466018788276     ,2.25872377963541     ,238.864892308635     ,2.13109787722429     ,1.32475951019314     ,21.5334321226174     ,50.8443864090212     ,96.8377331727551     ,273.558585382277     ,285.682614081598     ,107.311758030307     ,0.00529438329402417  ,3.54800326496363     ,17.7948564583255     ,19.8839631963545     ,16057                ,oct                  ,2011                 
10.7015533596044     ,4.5458455891841      ,236.166000357366     ,1.99877207879032     ,1.37773408464341     ,19.2168357278173     ,51.0864807928372     ,92.329431162698      ,273.424543643887     ,284.146358500136     ,106.164666031129     ,0.0048312402474296   ,3.68415360963581     ,18.6755075696984     ,19.9040857882663     ,16035                ,oct                  ,2011                 
14.2340004105909     ,3.59843640994604     ,244.90970489901      ,1.69537871639149     ,1.56155924348105     ,22.9429317047964     ,46.3865838643154     ,89.9470350563686     ,271.805127234191     ,283.743913778141     ,116.627235852051     ,0.00442543391952939  ,3.8861443047332      ,17.739759239385      ,18.6304252430091     ,16049                ,oct                  ,2011                 
17.5484576602835     ,1.74477353314634     ,234.441283600606     ,2.65683051842844     ,1.5525751218922      ,28.9845331945316     ,45.5501637341175     ,92.4778870794307     ,275.701124208722     ,287.0265364424       ,110.854631859577     ,0.00520163259453469  ,3.19756120318932     ,15.3872672730486     ,17.8754364308641     ,16069                ,oct                  ,2011                 
14.2695072831805     ,2.027426795596       ,226.264508692051     ,2.97099716768449     ,1.39665275729122     ,25.5852446167096     ,47.2084076049264     ,94.0138300201855     ,274.335122104646     ,286.015781554118     ,109.82109157488      ,0.00512689491674941  ,2.73242698817595     ,16.4942797253018     ,18.6799726474765     ,16061                ,oct                  ,2011                 
9.11546967235612     ,4.09993617538879     ,210.249984719233     ,1.69926528236094     ,0.768489476591757    ,10.7766655386728     ,59.8481367765304     ,85.0395830784969     ,270.416148106453     ,277.026653424801     ,57.1156259238475     ,0.00326786669575135  ,4.90386344339131     ,22.8123988168557     ,20.6360068410185     ,16055                ,nov                  ,2011                 
9.76623115184509     ,3.02718277401392     ,207.141701767901     ,1.24820472676256     ,0.824653922119848    ,10.9012920941612     ,58.866233494625      ,85.5836986233262     ,270.095048562074     ,276.973894896498     ,57.1229096316727     ,0.00327175526649653  ,5.50318459846094     ,22.6534402561376     ,20.5025557760656     ,16009                ,nov                  ,2011                 
10.7574050692717     ,2.36955329560395     ,199.897846672058     ,1.62021379301945     ,0.910065339182193    ,12.6489311969734     ,55.6637394971847     ,85.4734558550517     ,270.47390721639      ,277.99814306132      ,62.9436257324219     ,0.00331656903503851  ,5.00814619336526     ,22.111917933464      ,19.8364657557805     ,16057                ,nov                  ,2011                 
7.77623472698479     ,3.94162686918724     ,199.797800163016     ,1.79117242259993     ,0.768625942649683    ,8.77366791168714     ,58.9144329442702     ,85.7817551130976     ,268.985230799776     ,276.073755238743     ,62.63267857563       ,0.00309378497386295  ,4.79304954919956     ,24.1435182957182     ,20.8687586533007     ,16035                ,nov                  ,2011                 
10.731219776953      ,2.73971013928585     ,211.751499022739     ,1.4543526094828      ,0.777494920358564    ,12.801034554652      ,56.2068623394066     ,87.5794584500648     ,265.968561698029     ,274.804375391525     ,72.9981451364748     ,0.00276180478054418  ,5.08245464400552     ,22.049839699658      ,20.1369392612738     ,16049                ,nov                  ,2011                 
18.6593273641379     ,1.19521291088487     ,193.873485644063     ,2.11680624298021     ,1.08005352129233     ,22.834762959493      ,49.8258400002478     ,81.9430594819965     ,271.863838383476     ,279.611857123553     ,67.2757773712145     ,0.00329792499622129  ,4.43518457972642     ,18.4877369192195     ,17.2990829714267     ,16069                ,nov                  ,2011                 
17.1545637474901     ,0.962711650196376    ,182.685592611434     ,2.48716163668094     ,0.918656682280552    ,21.7440477951827     ,51.2152835937899     ,83.3588486789672     ,270.384743909599     ,278.427751504357     ,66.1795647458268     ,0.00318365948968734  ,3.79775112990505     ,18.9113231961064     ,17.518269630306      ,16061                ,nov                  ,2011                 
11.1706736455075     ,2.1599108448192      ,207.783255083375     ,0.977762835874479    ,0.346581695496976    ,9.03244229290858     ,70.6818845327662     ,92.5282151995372     ,267.997445142874     ,273.998866847579     ,47.3450250227919     ,0.00303515331619719  ,3.53815880695815     ,23.8657666605359     ,21.609800143824      ,16055                ,dec                  ,2011                 
12.9262004146209     ,2.23456859719908     ,208.4710852433       ,-0.525250349700804   ,0.407133179688064    ,10.0609481643795     ,67.5324377176559     ,92.9905577356764     ,267.669417377901     ,274.073321852223     ,47.9006707291161     ,0.00298601522492024  ,3.99850082646695     ,23.5548802388961     ,21.454670175669      ,16009                ,dec                  ,2011                 
13.9182974729737     ,1.95863679369166     ,183.945664994558     ,0.0615745238959789   ,0.459296173655583    ,12.3812957543556     ,63.704737338384      ,92.6397068519592     ,268.048301259359     ,275.027235712687     ,50.4745195589066     ,0.0030012075676738   ,3.50972809832295     ,22.5837298847834     ,20.8899998826981     ,16057                ,dec                  ,2011                 
10.0807375049868     ,3.2279414844968      ,198.140236213259     ,1.078353079599       ,0.380969424918852    ,8.52182139766939     ,67.6609657602129     ,91.8163044961092     ,267.023354085286     ,273.526752844522     ,53.3111515654738     ,0.00290266443027949  ,3.61210010923745     ,24.3211289692799     ,21.3085350337039     ,16035                ,dec                  ,2011                 
14.055903185259      ,2.44262727667897     ,217.915018594977     ,0.538587843404756    ,0.483884076199407    ,12.923492939837      ,60.9234457608488     ,91.2269267752745     ,264.347839063032     ,272.94225291487      ,58.316823599623      ,0.00255452708790482  ,3.99225889130381     ,22.5031527213248     ,20.4944286064185     ,16049                ,dec                  ,2011                 
17.1432555638958     ,1.27367329068968     ,188.560646728951     ,0.94144374379181     ,0.570122811582052    ,19.6978402422286     ,59.2874158733456     ,88.4986943161636     ,269.516499143658     ,276.663955503522     ,54.6236641246367     ,0.00305455121354477  ,3.17143277203973     ,19.4881904064865     ,18.9800285385254     ,16069                ,dec                  ,2011                 
16.6232039577705     ,1.03340499116321     ,165.586834670558     ,1.50501934482046     ,0.488007782992827    ,18.6235578377138     ,59.7614584941181     ,90.4676960154342     ,268.173527346104     ,275.684483064173     ,54.2650411934235     ,0.00296062049119202  ,2.76134605470111     ,19.9214247887456     ,19.5885652060023     ,16061                ,dec                  ,2011                 
