bi,pr,th,pdsi,pet,erc,rmin,rmax,tmmn,tmmx,srad,sph,vs,fm1000,fm100,countyfips,month,year
1.65164326852448   ,4.57127201661604   ,157.156522479907   ,3.35490409320601   ,0.449696655252786  ,1.01401283067271   ,68.4502158920144   ,90.330698423235    ,265.675914943163   ,272.080111778195   ,50.2244693802186   ,0.00269245537580285,3.62183370298081   ,29.7871308346344   ,23.23481180208     ,16055              ,jan                ,1996               
1.15749720003949   ,5.18458294186981   ,181.26609227956    ,4.31758052921859   ,0.505196827121604  ,0.65629068905551   ,66.5897811027537   ,91.4860692753276   ,266.133700483467   ,272.326364615146   ,50.0289797064775   ,0.002729098872468  ,3.99492929736766   ,30.6053704387201   ,23.8251885896331   ,16009              ,jan                ,1996               
1.29663596766836   ,4.90730978589385   ,195.733187960106   ,4.51800537864367   ,0.479195869464067  ,0.640451038915949  ,66.0098756894758   ,93.6585955798241   ,266.519403179538   ,273.150497756466   ,50.9013646556485   ,0.00286214476197793,3.48488028701275   ,30.7975408172607   ,24.2920697196837   ,16057              ,jan                ,1996               
0.554775713227685  ,7.93413709454665   ,204.138178122627   ,4.49564785869967   ,0.413067029560563  ,0.169889289136154  ,67.7549227641889   ,94.3699178947382   ,264.923808931581   ,271.862194331584   ,56.0606122391209   ,0.00273523627838645,3.71874050315451   ,33.4616880291994   ,25.7758008927251   ,16035              ,jan                ,1996               
1.42512243325974   ,5.04406322104767   ,220.528694566571   ,4.86583700910747   ,0.46862789164707   ,1.16352735136404   ,61.9658427550233   ,96.0399705380672   ,262.517687996521   ,271.425483465497   ,63.0955654270608   ,0.00251784821543209,4.32038901970341   ,30.5536090598879   ,24.7228145772399   ,16049              ,jan                ,1996               
3.10630903534785   ,2.8560163597002    ,203.304244011502   ,5.14001011763452   ,0.509025857505437  ,3.16964691491269   ,65.2983133264383   ,93.2435259480959   ,267.728852348861   ,274.806536829963   ,53.9315894556103   ,0.00310548622609601,3.26831322487868   ,27.0067639198718   ,22.6087287995288   ,16069              ,jan                ,1996               
2.37527942308802   ,2.62535040163574   ,189.433462884738   ,5.12697898520583   ,0.424447878237821  ,1.72779227168961   ,65.9347002461128   ,96.1945982607356   ,266.250207496751   ,273.869824134137   ,55.1772261070144   ,0.00300575995015691,2.78568379056196   ,27.5046096973119   ,23.4761054184684   ,16061              ,jan                ,1996               
3.69464306591613   ,5.55711950751997   ,134.118173420955   ,4.03408021266241   ,0.878496866824345  ,2.97152348482206   ,55.6966377064314   ,89.9347698232975   ,266.960621887063   ,276.165550626635   ,86.7184422698741   ,0.00288094120701688,3.95249402572098   ,29.190286857531    ,21.1896999901284   ,16055              ,feb                ,1996               
2.33733471599673   ,6.08721733809349   ,146.656846543237   ,5.12316594509448   ,0.897248202882902  ,1.70025042564672   ,54.6418577582778   ,91.4249367000486   ,266.615598509298   ,276.085611299852   ,87.7532007611614   ,0.00285293739031465,4.19185533630878   ,30.2645724760912   ,21.7193604087991   ,16009              ,feb                ,1996               
2.41520165264324   ,5.79099643941436   ,166.6397054811     ,5.44941732327143   ,0.970812419317663  ,1.71170772293851   ,53.3277499014991   ,92.2635475410734   ,266.894769979204   ,276.991980819702   ,89.2244446989468   ,0.00289960909616119,3.70494704288031   ,30.2756797538485   ,21.7194934199538   ,16057              ,feb                ,1996               
1.50265164797145   ,6.69032531021131   ,167.207675978762   ,5.12073170777523   ,1.00175384986764   ,1.05556211815837   ,50.3734458072493   ,90.9801086223007   ,265.954626379471   ,276.360112145602   ,96.8274863051418   ,0.00272046691444069,3.79381330140954   ,32.0074509789453   ,21.5207958307845   ,16035              ,feb                ,1996               
3.0886922780061    ,5.0801657750226    ,202.057573820749   ,5.35866902844002   ,1.14205907383407   ,3.7610453660571    ,44.8334878297498   ,91.4813082459631   ,264.211879853104   ,276.136190788342   ,104.028753901183   ,0.00250445226880407,4.24253478254702   ,29.330916785679    ,20.7805997571501   ,16049              ,feb                ,1996               
5.85807755124509   ,3.20306102390777   ,179.689198067914   ,6.0849245967287    ,1.16761595644256   ,8.04521496616261   ,50.6404256751466   ,86.7508801627104   ,268.913651455441   ,278.845895864838   ,102.04631477098    ,0.00302332654027128,3.34686724287781   ,25.5503987120343   ,18.9449855163864   ,16069              ,feb                ,1996               
5.83695356167442   ,2.80043171013242   ,169.895786370972   ,6.0342587656226    ,1.07207126576792   ,7.79368012310215   ,49.8121880466006   ,88.5666684440063   ,267.531515794774   ,278.07062313886    ,99.3400731052953   ,0.00288161756725243,2.89702615136591   ,25.5920978425667   ,19.1587125465467   ,16061              ,feb                ,1996               
9.97390362260225   ,1.72655932048822   ,172.346909489256   ,3.92585952487993   ,1.55388233175193   ,11.6862629859308   ,50.7367253773845   ,91.2055860701966   ,269.783214650622   ,279.825547716998   ,135.939861851101   ,0.00331380433458837,3.72431050827505   ,24.1037886943789   ,17.8993004939794   ,16055              ,mar                ,1996               
9.8963803097456    ,1.81649910970188   ,185.665254433525   ,4.94301014256901   ,1.58281488071805   ,10.9126487555377   ,50.7248214500327   ,92.2940886705562   ,269.960877460932   ,280.019240048578   ,141.894914544432   ,0.00338969658349171,3.79288321458149   ,24.4755016584664   ,18.1826448626226   ,16009              ,mar                ,1996               
10.318438756756    ,1.55181654994046   ,203.160514119498   ,5.2189912768205    ,1.65725099469385   ,11.6431084042638   ,51.521411709324    ,92.0551086413476   ,270.849606534896   ,281.055769825597   ,145.833517831372   ,0.00358653100282555,3.48927518296626   ,24.0876415560322   ,18.0087625874242   ,16057              ,mar                ,1996               
7.0729979319641    ,2.28049811316892   ,202.430445011373   ,4.6119011275108    ,1.60241260761406   ,8.48072990269939   ,49.1182726351633   ,93.6702334202304   ,269.124843806319   ,279.664300362491   ,153.328931622589   ,0.00328414158109437,3.47756062339795   ,25.3405122188513   ,18.8884231662601   ,16035              ,mar                ,1996               
9.27767047255413   ,1.75032311330076   ,226.657241486529   ,4.91530252699303   ,1.73877352136129   ,11.7913555296615   ,43.0725547477472   ,93.616807995537    ,267.220493527634   ,279.330219868085   ,163.459181091969   ,0.00300557834593252,3.86649928940039   ,23.9030718615      ,18.2273450652639   ,16049              ,mar                ,1996               
13.5583644720394   ,1.11336004103497   ,228.572094942891   ,5.82095083450889   ,1.84410248839981   ,18.8588393409967   ,49.7629637995403   ,89.0029240138205   ,272.715733150254   ,282.802740068421   ,150.677797020397   ,0.00385366065827052,3.29992943874655   ,20.696499347111    ,16.6647664085429   ,16069              ,mar                ,1996               
12.6939166944072   ,1.02883761224588   ,217.593398276853   ,5.64470625186426   ,1.70588578147527   ,18.1863253817689   ,49.8820569697649   ,90.8686683327317   ,271.443912507121   ,281.766440700449   ,147.296706936703   ,0.00369204188199474,2.91801441287842   ,20.7966494947966   ,17.126209910664    ,16061              ,mar                ,1996               
7.31945245623434   ,4.06898238218616   ,221.977825092583   ,3.43607437332635   ,2.43113764248104   ,12.7796912935556   ,46.5993871299001   ,91.704907812634    ,274.34967368797    ,285.426875231917   ,184.481373583633   ,0.00471051744800521,4.49918257642348   ,22.3683213617249   ,18.4008057997223   ,16055              ,apr                ,1996               
5.73953388967125   ,4.78789104851628   ,222.829653259518   ,4.52758661858899   ,2.4493574849835    ,10.1811013562032   ,46.0173813701381   ,92.1271148666592   ,274.125491375143   ,285.471733463445   ,183.123238547361   ,0.00467944518732792,4.59359852856198   ,23.5076487159353   ,18.9272755827894   ,16009              ,apr                ,1996               
5.50832918336491   ,4.7185950829188    ,225.033119918823   ,4.88870296557744   ,2.53001523054639   ,9.79580054226036   ,46.0155279388428   ,91.8847665201823   ,274.546152801514   ,285.954721471151   ,189.981761926015   ,0.00473869988799561,4.05924617987871   ,23.7090940723419   ,19.0390228250821   ,16057              ,apr                ,1996               
2.56886912404638   ,6.43902703624972   ,232.669265121234   ,4.32240948549369   ,2.40256166652612   ,4.79141734532872   ,44.5982423672128   ,93.916683370148    ,272.746207981231   ,283.981090575226   ,197.095419230606   ,0.00432378865431087,4.07252863321277   ,26.7228998054494   ,20.4807804482684   ,16035              ,apr                ,1996               
4.04991298729718   ,4.94750493788611   ,244.552271393034   ,4.50037736716976   ,2.47920301193474   ,8.97149636946667   ,40.7834383418901   ,93.8939456196296   ,270.772473196633   ,282.954280106852   ,206.363827721149   ,0.00396490601506961,4.28086984899549   ,24.2124211504736   ,19.2835486569008   ,16049              ,apr                ,1996               
7.7516008160766    ,3.59367955860129   ,229.178509657481   ,5.72080588638251   ,2.77420334939226   ,15.4759205960933   ,42.1206671201397   ,89.7620319961439   ,275.79027410497    ,287.521887960451   ,195.580057909144   ,0.00488990314444693,3.70152844577337   ,21.4140431414313   ,17.72096267656     ,16069              ,apr                ,1996               
6.17399160516264   ,3.87695273006997   ,226.341308976271   ,5.44759532308447   ,2.54971644372651   ,13.3962816499194   ,43.1275720459699   ,91.3378753809233   ,274.43766991061    ,286.118386681086   ,191.991257147881   ,0.00468376454391796,3.21199351928451   ,22.0916274722286   ,18.3400236508078   ,16061              ,apr                ,1996               
6.35852005417205   ,3.69115358564177   ,210.428076588742   ,4.20141134177052   ,2.91000128043975   ,12.5760637946534   ,49.0411515777114   ,89.6911699818406   ,276.1221644823     ,286.679728639786   ,213.620175349353   ,0.00532177996564052,3.88660602608826   ,22.827742274406    ,17.0750709646618   ,16055              ,may                ,1996               
9.92996984491044   ,3.32985081090047   ,216.596138601927   ,5.3880834809892    ,3.00994092811949   ,13.8062779159084   ,47.7177457341622   ,90.0581304728928   ,275.593318385099   ,287.160576307949   ,218.928999353079   ,0.00529984277354862,3.91382297106111   ,23.0163220410858   ,16.7021081867644   ,16009              ,may                ,1996               
7.91600651144035   ,3.1386541219969    ,234.163646671311   ,5.74788759152095   ,3.02102412990985   ,12.8597810940378   ,48.9082829309279   ,91.1735685410038   ,276.103209592758   ,287.551703092514   ,224.672820241374   ,0.00548411912082003,3.30587215673539   ,23.0953037409629   ,16.9885569764722   ,16057              ,may                ,1996               
4.47127784614388   ,4.78862888130267   ,234.679809087614   ,5.25022510141449   ,2.83060087207183   ,6.63042574383259   ,48.1034836386997   ,92.2484783551658   ,274.549853180958   ,285.640464109946   ,221.975776808426   ,0.00508832595633794,3.25746896937576   ,26.4792600278029   ,18.4358573979719   ,16035              ,may                ,1996               
4.66152664368263   ,4.81188486049844   ,244.233172977767   ,5.13746947143169   ,2.8188397677156    ,8.31362157680793   ,45.2467845170157   ,94.1853646656558   ,272.804713672462   ,284.412997332238   ,227.920205607818   ,0.00475983575270146,3.51186021445166   ,25.0988801220346   ,18.4965601623417   ,16049              ,may                ,1996               
8.54729213238946   ,2.93328591737024   ,249.093817329094   ,6.587816621743     ,3.23395879891323   ,16.4384685079503   ,45.8643416206816   ,87.8691105101465   ,277.523004141968   ,288.659827839903   ,224.255839484878   ,0.00551258928313346,3.09590761990964   ,21.5654044548602   ,16.1507052120842   ,16069              ,may                ,1996               
6.13908524999481   ,3.63086239065974   ,244.833018236771   ,6.24155841845783   ,2.9538084497073    ,11.5967654765452   ,48.8636191207166   ,90.7233326097578   ,276.23393735222    ,287.127145350758   ,219.804383473408   ,0.00542481152119919,2.74603357196839   ,23.351881283501    ,17.5829339528268   ,16061              ,may                ,1996               
20.7226517824197   ,1.62425387870055   ,201.451048178339   ,4.16103276925159   ,4.71065220155834   ,32.8354994055011   ,37.0234284595861   ,75.4818745392013   ,280.184005745677   ,295.08281079202    ,272.475486077203   ,0.00627759615239139,3.41651930470525   ,17.0430090486922   ,11.7079476085056   ,16055              ,jun                ,1996               
22.4363022805547   ,1.11887251861114   ,207.768383643284   ,5.18935741428323   ,4.69310486754017   ,33.7593445792941   ,36.9389232876268   ,79.0063651278644   ,279.398221360908   ,295.38839303944    ,268.817840410643   ,0.00630751378830574,3.41382683310988   ,16.6635880609471   ,11.8469965893371   ,16009              ,jun                ,1996               
19.499275951675    ,0.839870402773221  ,213.599304538293   ,5.57231227874756   ,4.73534378945828   ,31.5191306920052   ,39.4503834641774   ,82.4854746837616   ,279.628021118164   ,295.562334437052   ,285.261819071452   ,0.00666466122256437,3.09457142463326   ,17.1737480044365   ,12.3636302272479   ,16057              ,jun                ,1996               
13.5070313279837   ,1.07915816091689   ,217.249800352326   ,5.06696930176948   ,4.63553526204098   ,27.8108165863728   ,35.6174561126204   ,76.6047686390678   ,278.771475439092   ,294.676811973136   ,270.404813595772   ,0.00596477482247201,3.07543418610323   ,18.5861787587677   ,11.7058863794073   ,16035              ,jun                ,1996               
11.8656134495328   ,1.13315265058956   ,221.911977372521   ,5.09343765155737   ,4.62531467931558   ,25.3675758926615   ,34.4860657328396   ,83.5512085913619   ,276.701193806293   ,293.614860475259   ,285.456643218486   ,0.00587824461515799,3.05559084329311   ,19.0941015468497   ,12.7422716471942   ,16049              ,jun                ,1996               
21.4855818093174   ,0.759786687058242  ,220.40577331894    ,6.78004590287778   ,5.08578361041193   ,37.3446310356127   ,36.1482998275077   ,71.7267325698798   ,281.653293518502   ,296.591452475155   ,293.39687313005    ,0.00651702122945827,2.94243216570898   ,15.7146188875358   ,10.6013307817055   ,16069              ,jun                ,1996               
16.8118874168341   ,0.809488105827291  ,220.329775651592   ,6.33336378917221   ,4.77945591894391   ,31.5633112229592   ,38.63902411763     ,75.7627446807777   ,280.199384406644   ,295.285081830826   ,291.811070152682   ,0.00648036128972829,2.66550736138315   ,17.3510559166102   ,11.4991797344744   ,16061              ,jun                ,1996               
32.50646776708     ,0.375102759709194  ,156.266086970912   ,3.78970323145308   ,5.88579780574689   ,49.8419663155679   ,28.2790889537431   ,68.1859140855674   ,283.424008058391   ,301.005855858571   ,304.254244280893   ,0.00689759282878028,3.1122000006333    ,12.8720406780802   ,9.18338105100315   ,16055              ,jul                ,1996               
34.9073022286214   ,0.289677900635666  ,164.868117814415   ,4.59922246726072   ,5.82424637228734   ,49.4158109882265   ,28.7517900446895   ,75.581281303381    ,282.247070236774   ,301.187828068334   ,306.758884360759   ,0.00710775342635351,3.07921500050355   ,12.9743284881513   ,9.93292903481469   ,16009              ,jul                ,1996               
32.7719429669614   ,0.218001478362468  ,186.530159725777   ,4.99750260353088   ,5.79762387502578   ,48.0146251244699   ,28.5475116806646   ,79.4103213414838   ,282.423785631734   ,301.855894381615   ,312.084181708059   ,0.00735229599454831,2.72436306849603   ,13.3299997032842   ,10.4257997985809   ,16057              ,jul                ,1996               
30.9362407991756   ,0.315873245961879  ,205.630526959533   ,4.13441497830962   ,5.81598474304128   ,51.2428847334195   ,26.3179968820135   ,63.9152172455186   ,282.5325126073     ,300.902843731077   ,313.990759228226   ,0.00648003454022056,2.639981948918     ,12.692024556805    ,8.65427052108863   ,16035              ,jul                ,1996               
30.075696311995    ,0.383760934543493  ,225.229956722396   ,4.24523919730193   ,5.69510615617052   ,48.7172461013931   ,25.4699481912634   ,70.5724210836173   ,280.608395595481   ,299.989892000867   ,313.05686009749    ,0.00649409702801155,2.66542496395818   ,13.301292562357    ,9.33455641163375   ,16049              ,jul                ,1996               
39.6704112531924   ,0.170410450031907  ,215.286767155946   ,6.41877888783202   ,6.12654335173488   ,60.3441941483547   ,23.3664371809796   ,62.2526756909791   ,285.430632552587   ,303.503893362812   ,312.173845514545   ,0.00673550119117797,2.50514650088827   ,11.0042213821115   ,7.85616407489826   ,16069              ,jul                ,1996               
33.8080178353224   ,0.171067196344478  ,221.881558910291   ,5.91176976119848   ,5.7539674251501    ,54.9685745600286   ,25.2733032523521   ,66.9884853871528   ,283.590351650855   ,301.850919710798   ,314.829415872808   ,0.00670296964239328,2.22979713792453   ,12.0503213046488   ,8.62898795549407   ,16061              ,jul                ,1996               
32.1424194541971   ,0.758713886452342  ,183.800617750495   ,3.44673814433429   ,5.08420699231102   ,51.9605728614288   ,26.5117377670229   ,71.6657901218525   ,282.066473025686   ,299.411613287116   ,256.1076303814     ,0.00612521032696684,3.57285311944327   ,11.4101962559603   ,10.1562853704549   ,16055              ,aug                ,1996               
36.8801651529095   ,0.514298907432603  ,191.52132102214    ,4.06924737745958   ,5.14067862565837   ,52.7715585118465   ,24.9671318425912   ,76.9619417811286   ,280.930156436169   ,299.928813604481   ,256.055066874155   ,0.00609352620173474,3.68594777108513   ,11.4858590748775   ,10.5531448618013   ,16009              ,aug                ,1996               
37.7685855686855   ,0.352238677144051  ,205.235887236787   ,4.43847593625387   ,5.17870130731214   ,53.4135753982298   ,23.439097496771    ,80.0340739262489   ,281.324077793244   ,300.642976453227   ,257.14946928455    ,0.00616023171753172,3.47006777607626   ,11.4941247887765   ,10.7091274795225   ,16057              ,aug                ,1996               
37.1446660410625   ,0.661480094857165  ,205.616605479647   ,3.35551965236664   ,4.94376573924892   ,58.2302597495712   ,24.8555350340072   ,66.760988101102    ,281.204179720217   ,298.762434089898   ,255.008654047244   ,0.00565268595509765,3.23673763165311   ,10.3650993682967   ,9.3974362472017    ,16035              ,aug                ,1996               
35.3449704834598   ,0.736971436319978  ,221.22731306856    ,3.44160882897509   ,4.88018014400928   ,55.7712775117018   ,22.9331231805348   ,68.2112307438515   ,279.337452076623   ,298.019240106918   ,259.310149937268   ,0.00535947646100373,3.09524888011705   ,11.0149059057673   ,9.63785078814205   ,16049              ,aug                ,1996               
48.0024257921713   ,0.229343012990634  ,216.988233286285   ,5.75358302346738   ,5.52357793123697   ,68.4455504750556   ,19.6194774913278   ,63.7709614883852   ,284.451857528173   ,301.981139070683   ,256.513756553778   ,0.00562223397981027,3.26069519881526   ,8.80733807353865   ,8.01710829591677   ,16069              ,aug                ,1996               
41.9219141343722   ,0.295770484446621  ,210.620587443771   ,5.41473545384473   ,5.04064155025375   ,63.3429787040106   ,21.0192059264187   ,69.4604307518931   ,282.556073531759   ,300.505641415544   ,255.423775211457   ,0.0056404532936755 ,2.83876153342853   ,9.67605476803984   ,8.94919658094939   ,16061              ,aug                ,1996               
19.1097158447433   ,1.13805907253784   ,214.841587985249   ,2.98327369045655   ,2.6793249518783    ,31.9028668739832   ,41.809627116168    ,92.8408550320012   ,278.118705939985   ,291.528981560183   ,165.921738188944   ,0.00625565369189966,3.53312175551887   ,14.9997179582122   ,16.4303797481155   ,16055              ,sep                ,1996               
20.9623509428585   ,1.13702322478008   ,223.740866233329   ,3.49230691102835   ,2.76595948859314   ,32.1730624138721   ,39.050577650879    ,93.5644577891634   ,277.161031520625   ,291.835881521011   ,166.903758692694   ,0.00604153943204007,3.64278654723008   ,15.1366609494362   ,16.5033877931403   ,16009              ,sep                ,1996               
20.9117376017671   ,1.06897986323138   ,233.508670911551   ,3.77654772679011   ,2.83232582426071   ,33.9980391645432   ,36.8572005559603   ,92.6601977240245   ,277.571840047201   ,292.572851796468   ,170.898846580505   ,0.00598776137235109,3.2126891464591    ,14.7268445568085   ,16.0981176045736   ,16057              ,sep                ,1996               
17.5198278856882   ,1.58791356141757   ,231.057001305408   ,2.79387318424308   ,2.63303755264916   ,31.6572161687941   ,41.8427509617016   ,90.9230891979774   ,277.007101026432   ,290.633384472321   ,173.523485807133   ,0.00604091832385391,3.22694888726097   ,15.1003083662889   ,16.4089909118359   ,16035              ,sep                ,1996               
19.6579143121739   ,1.57100828992602   ,245.321752517958   ,2.94232794711323   ,2.86023718072193   ,34.4556208096269   ,35.3088050704883   ,87.2094225588625   ,275.0244066431     ,290.053823563756   ,180.934387958534   ,0.00515275925828631,3.34414934387883   ,14.7580926171695   ,15.3107361411095   ,16049              ,sep                ,1996               
28.6698067576963   ,0.846622251526663  ,248.647793506131   ,4.92215552007026   ,3.23551544244277   ,47.5857557854338   ,30.5899128712435   ,82.0095197616414   ,279.957621833135   ,294.116601625058   ,173.383099052443   ,0.00551869167121204,3.00012510928878   ,11.585666549822    ,13.1270038820631   ,16069              ,sep                ,1996               
23.6218780890314   ,0.953379925079746  ,243.441609176525   ,4.70159397309148   ,2.87777854384798   ,40.704810094702    ,33.6946060493301   ,88.031740110308    ,278.323790675812   ,292.743890116037   ,173.992983265816   ,0.00572546231582858,2.65681954041      ,13.0616583669153   ,14.6766300486467   ,16061              ,sep                ,1996               
11.3869602568567   ,3.68778899541085   ,195.51738527863    ,2.8509303444207    ,1.47061261390288   ,18.3086367606951   ,45.1162634869424   ,91.9380066817332   ,273.950423256487   ,284.464477397271   ,108.418436331213   ,0.00467632616231297,3.94359416169157   ,19.8799543037653   ,19.2851915106298   ,16055              ,oct                ,1996               
12.5675822168964   ,3.4296685979268    ,208.01982600999    ,3.26987083470798   ,1.51990312810025   ,19.0151860218401   ,43.6503278954745   ,92.2112010577909   ,273.622068227122   ,284.822758723589   ,110.677616159068   ,0.0046825364899046 ,4.18770405608612   ,19.7391369359642   ,19.1412175177254   ,16009              ,oct                ,1996               
14.3982204252621   ,3.00402149387906   ,231.726963798381   ,3.45815122246742   ,1.56190797855296   ,21.3150066482756   ,42.6784348269432   ,92.411293854252    ,274.008389685846   ,285.445917796473   ,116.449723632566   ,0.00473513734508156,3.67458556509787   ,19.0265664783601   ,18.7231286965647   ,16057              ,oct                ,1996               
11.0843303554066   ,3.85679924829525   ,229.0756329695     ,2.51950872885332   ,1.56315732526131   ,20.1566995871022   ,41.5473918564232   ,89.0302126583393   ,272.7945206624     ,283.898662972725   ,117.527532931199   ,0.00417197101536641,3.45869730828298   ,19.5288055111374   ,18.3233633123982   ,16035              ,oct                ,1996               
14.5210207543194   ,2.7664798325165    ,232.256029547483   ,2.59576621436338   ,1.74599154877772   ,24.3907319236326   ,37.5340827976213   ,89.5998321282328   ,270.862595293783   ,283.853194210603   ,128.640065109071   ,0.00388550498190308,3.69130525262257   ,18.1948200441022   ,17.6435613480497   ,16049              ,oct                ,1996               
18.4769959057627   ,1.86993724886345   ,246.176045218726   ,4.35781308418927   ,1.88647394828217   ,32.2084793999048   ,36.4280305023088   ,87.1623673221048   ,275.877277023529   ,287.231465890939   ,122.402459010515   ,0.0045883820913279 ,3.41079106850317   ,15.4018001702812   ,16.0643683285143   ,16069              ,oct                ,1996               
16.0843468520584   ,1.80231411651798   ,241.60359902612    ,4.14328452214065   ,1.70437395994948   ,28.6559602130543   ,36.8413493042785   ,88.7865152931061   ,274.484117162669   ,286.291548210028   ,122.788389147965   ,0.00444562231460887,2.91099524709327   ,16.6039348785097   ,16.728773195373    ,16061              ,oct                ,1996               
3.53212607474027   ,5.66997598799658   ,190.486293507015   ,3.19712778259534   ,0.492371074168014  ,4.0239596831287    ,71.3437251845832   ,95.8440643341944   ,270.247120555569   ,276.519939666455   ,55.1652740891905   ,0.00368999830017247,3.33693737381934   ,27.111950879823    ,23.9811462840589   ,16055              ,nov                ,1996               
3.93462131550697   ,5.57799231729211   ,202.639826450686   ,3.59828736043776   ,0.515732405344998  ,4.20499382548104   ,71.4072023245004   ,96.1799368879029   ,270.479711288061   ,276.714117979392   ,55.9520034112874   ,0.00380599937297007,3.81278326440845   ,27.005680878769    ,24.0908515849292   ,16009              ,nov                ,1996               
4.78069745288168   ,4.9211412952443    ,200.432602368673   ,3.73234632730484   ,0.584146297634269  ,5.96757966704853   ,66.8480968532562   ,95.4220690472921   ,271.092126195272   ,277.793871907552   ,61.2735083144506   ,0.00388366433271828,3.48151235097647   ,25.5703560994466   ,23.1226773861249   ,16057              ,nov                ,1996               
4.03128525420655   ,6.56301456593749   ,202.654811904832   ,2.62270241173495   ,0.587657002920916  ,5.3665609471044    ,65.7820023811561   ,93.7887560066831   ,269.550634761324   ,276.649088759957   ,60.5600405602324   ,0.00353442111142489,3.51865937141485   ,26.0484637865977   ,22.9462831535165   ,16035              ,nov                ,1996               
6.17091628834223   ,4.64679277038732   ,223.493700915358   ,2.61390450209001   ,0.660961360126957  ,8.35038976154721   ,60.0707667132355   ,94.4661467434837   ,267.564324110557   ,276.604144763013   ,67.2864916776831   ,0.00340033198770358,3.86449357693627   ,23.8924320305533   ,21.9533274910288   ,16049              ,nov                ,1996               
7.61041144079785   ,3.08013487925185   ,206.742597023051   ,4.42925049234414   ,0.750461168937823  ,13.224742742011    ,58.1001888064352   ,92.8604364024552   ,272.38166773995    ,280.095974622648   ,64.1474577553557   ,0.00399992499652413,3.05873119261069   ,21.1163632770273   ,20.5359947442583   ,16069              ,nov                ,1996               
6.95361387565522   ,2.86737942110655   ,194.923491469034   ,4.13153277087146   ,0.68071465012271   ,11.8515117509925   ,57.8414338800204   ,93.5359650719593   ,271.071748612669   ,279.070149499983   ,64.0558041745966   ,0.00380683472927162,2.67387468947852   ,21.7907029503962   ,20.8980724768205   ,16061              ,nov                ,1996               
0.482986903223829  ,8.22811073962553   ,178.366700606483   ,3.98726045104211   ,0.375205616246454  ,0.0761465691875753 ,71.9095377808245   ,96.3588284360365   ,266.306697988837   ,272.383922808193   ,43.6793946908498   ,0.00273925279332925,4.07752505006123   ,33.9950339177345   ,26.0331424770695   ,16055              ,dec                ,1996               
0.58009493528485   ,8.29415934069387   ,190.647409005866   ,4.4457549907752    ,0.4235539342488    ,0.0794502974810911 ,70.4970271921252   ,96.138759677744    ,266.880610115006   ,272.678055309168   ,44.1118756826578   ,0.00283613689420598,4.73903404438989   ,34.2002031130668   ,26.0201710025705   ,16009              ,dec                ,1996               
1.22003775360156   ,7.28142945260306   ,194.372683697244   ,4.44983447611332   ,0.457424708867446  ,0.531813013689884  ,67.724046169281    ,96.2993870239258   ,267.664993164062   ,273.922168955485   ,47.0638148339589   ,0.00296696875620789,4.22462603753805   ,32.1827240098317   ,25.3022386938731   ,16057              ,dec                ,1996               
0.643437286670444  ,10.902565400293    ,202.313136047541   ,3.18091845474586   ,0.435873518635304  ,0.264261688142865  ,69.000210829097    ,95.8631078428412   ,266.420560779531   ,272.533779135147   ,48.9018409813685   ,0.00278807628690282,4.37578869737564   ,33.9786634492908   ,26.1223776692316   ,16035              ,dec                ,1996               
1.72181201045753   ,7.6928232829077    ,226.289045475259   ,3.13276154997943   ,0.520553144362183  ,1.39190887267833   ,62.9861831425181   ,96.6509862639669   ,264.620676422437   ,272.254862594843   ,53.9673657274137   ,0.00265537833483686,5.1909500054027    ,30.0866239804266   ,24.7470037317564   ,16049              ,dec                ,1996               
3.91482233494108   ,4.04204073106329   ,202.503977322486   ,4.97960689488579   ,0.571676436704442  ,4.5614814288579    ,63.030949418855    ,93.5920000650878   ,269.28250132134    ,275.935982357032   ,51.0229303669377   ,0.00312176824736396,3.82733700874655   ,25.6312357079749   ,22.265902039329    ,16069              ,dec                ,1996               
3.42933425672401   ,3.5081571544949    ,186.652473376101   ,4.64231848125615   ,0.494234197715056  ,3.63416346146758   ,62.3916393532241   ,95.0412393322989   ,268.084228645934   ,275.117045916933   ,50.8664495846457   ,0.00300618080724064,3.15505876342456   ,25.9013100077626   ,22.5275437255208   ,16061              ,dec                ,1996               
