bi,pr,th,pdsi,pet,erc,rmin,rmax,tmmn,tmmx,srad,sph,vs,fm1000,fm100,countyfips,month,year
9.11034512305489   ,1.35305761349644   ,169.541241882542   ,-0.167901722227699 ,0.520488017431865  ,8.02970938432261   ,66.303340999776    ,95.127301869701    ,269.142511051197   ,276.327784534398   ,68.8891179541751   ,0.00332579025977448,2.88432293288972   ,24.1752840897589   ,21.7954578043125   ,41059              ,jan                ,2001               
12.4349084558593   ,1.34670600062961   ,195.760057381598   ,-1.06663507106877  ,0.682952214055521  ,15.9030882580409   ,52.3840797950526   ,87.6385278191922   ,266.009088004655   ,275.119264510155   ,73.439322161938    ,0.0025963862305417 ,3.2269984534409    ,21.4182110956284   ,18.6368437098403   ,41063              ,jan                ,2001               
9.97447783794331   ,0.854916136501065  ,165.404748476109   ,-0.618136309930729 ,0.511956566743071  ,9.40504717748481   ,66.6619562839379   ,96.5733192974078   ,269.855553999239   ,276.865569448576   ,67.87535400629     ,0.00346274790198748,2.75469152815608   ,23.2521527528239   ,21.8903270283979   ,41049              ,jan                ,2001               
11.4942977218371   ,1.65664967468112   ,188.565660752485   ,-1.49822866556085  ,0.636227487783682  ,10.7824594258242   ,58.5472303964758   ,91.7869439807559   ,265.996763444944   ,274.486079514297   ,75.0075451602123   ,0.00273593349234108,3.80529529201419   ,23.3125516576247   ,20.3456849893504   ,41061              ,jan                ,2001               
9.84377652262239   ,0.634633615729134  ,159.929110314666   ,-1.28475438202402  ,0.464298445064432  ,8.74706818234418   ,70.9808729237855   ,96.9078211310327   ,270.389927018817   ,276.781166119661   ,69.0059130185227   ,0.00359169553581923,2.73095168243182   ,23.2681782459781   ,22.2439361489467   ,41021              ,jan                ,2001               
10.0814149532937   ,0.518143585365328  ,157.796882137176   ,-1.80691934956445  ,0.440174667447541  ,8.12377831154211   ,73.4763207028124   ,97.1349107281394   ,270.509626620627   ,276.548445998981   ,71.0744893297657   ,0.00366149605691947,3.08790318069987   ,23.4889833284445   ,22.478905635158    ,41055              ,jan                ,2001               
10.7556884219331   ,0.712259420074191  ,167.577185768195   ,-2.43634051672692  ,0.562636246315222  ,9.55161126374395   ,65.3870409621234   ,96.150063740525    ,270.055247406573   ,276.87670318101    ,74.2293128504037   ,0.00351173391075159,3.47415500797269   ,23.3022050407204   ,21.5025248448287   ,41065              ,jan                ,2001               
10.294507559147    ,0.910519576412092  ,164.420559819375   ,-0.635101511764736 ,0.934834368895235  ,11.4848760708243   ,55.7779357584445   ,95.8848151723055   ,268.869153442311   ,278.477808354142   ,107.914300807039   ,0.00329414490369188,2.70608995910716   ,23.2475425507961   ,20.330150684548    ,41059              ,feb                ,2001               
12.3563435013593   ,0.941509901624095  ,206.341932561848   ,-1.44953854365973  ,0.920000065517213  ,16.1128215783231   ,51.9980091367449   ,93.2555753615472   ,265.839577752989   ,275.655796868461   ,116.343939088679   ,0.00273264592425011,3.04889074955638   ,21.2053535517517   ,19.1813199229531   ,41063              ,feb                ,2001               
11.8970273961174   ,0.712949847107337  ,142.355789587782   ,-0.927716036547113 ,0.994578242777006  ,13.2408234333771   ,55.0904820976457   ,95.8265063208079   ,269.552832521426   ,279.351361119934   ,110.489663599852   ,0.00341961483145707,2.70308644620447   ,22.4175676139505   ,20.0988229147605   ,41049              ,feb                ,2001               
11.5570462732912   ,1.07006073791856   ,202.410836397761   ,-1.96204320591541  ,0.945166893081322  ,12.3735230316059   ,53.9754538875829   ,95.4013005890754   ,266.138400855224   ,275.996753933484   ,117.918201642987   ,0.002863933292366  ,3.49116852194649   ,22.809609461924    ,20.095501189173    ,41061              ,feb                ,2001               
11.8829763790384   ,0.66630628984372   ,139.018473281752   ,-1.50304963268903  ,1.00530733802394   ,12.895789351228    ,56.1983583595166   ,95.0100517688251   ,270.43718672685    ,279.761414676287   ,111.866644334869   ,0.00354200573475483,2.78355775617629   ,22.5904711223446   ,20.0429713832401   ,41021              ,feb                ,2001               
11.7842373812117   ,0.612585944101003  ,133.598865472583   ,-2.1283184832532   ,0.991514922716439  ,11.6849121698939   ,57.572284175041    ,96.0416141102089   ,270.693127777941   ,279.591067082302   ,112.278380846519   ,0.00362901744332476,3.19824203367694   ,23.0032621388049   ,20.4791519805204   ,41055              ,feb                ,2001               
10.5328951080948   ,0.984055880741243  ,148.832674878193   ,-2.9515723130364   ,1.03199125049419   ,11.3754341643595   ,54.988575023768    ,95.6104914391791   ,269.799060848209   ,279.067086100697   ,114.40489033338    ,0.00345818004596293,3.31189418464522   ,23.0939089351601   ,20.4057917475026   ,41065              ,feb                ,2001               
11.2808258363944   ,1.75195308425499   ,210.540707675693   ,-1.18776536074587  ,1.90407100157194   ,15.3620887909141   ,46.7927709117809   ,95.99057268694     ,272.679695294011   ,284.459517935509   ,162.536720009804   ,0.00427574799262796,3.63593276280848   ,21.5953224988301   ,18.6819644483127   ,41059              ,mar                ,2001               
11.1416698926769   ,1.53073870884698   ,229.303857100728   ,-1.90931810229601  ,1.83134820494618   ,19.1271568164524   ,44.5028029456247   ,92.0596747304795   ,270.545518712053   ,281.735688140477   ,167.213661422532   ,0.00366609582138134,3.60780622955507   ,19.8747290839951   ,17.4752029114912   ,41063              ,mar                ,2001               
15.6432185732875   ,1.0163955023612    ,199.922211268769   ,-1.2021010439452   ,2.07943601079828   ,19.3811626129546   ,43.4142390349249   ,95.5120504717834   ,273.138847121716   ,285.359541728234   ,164.998411177622   ,0.00424469260739459,3.86378568238734   ,20.4509204950834   ,17.7391856357347   ,41049              ,mar                ,2001               
10.0705756556453   ,2.00437530380637   ,230.911672677086   ,-2.43201491165554  ,1.82306971071679   ,15.3879179225052   ,46.0294068318636   ,95.1157105727293   ,270.33023320437    ,282.014725883602   ,169.005540016627   ,0.00383603341564238,3.85862055160001   ,21.256421135128    ,18.6618952011312   ,41061              ,mar                ,2001               
17.0209018120481   ,0.677402152649818  ,203.041578627473   ,-1.82433610515671  ,2.17086036375192   ,21.1423356383521   ,41.6882591847965   ,95.2905961313555   ,274.03283414007    ,286.154021854494   ,167.437654477627   ,0.0043683541673388 ,3.92072978636847   ,19.8316316183758   ,17.3049136286003   ,41021              ,mar                ,2001               
18.0068507494815   ,0.642424954049791  ,200.258106432036   ,-2.56954836659497  ,2.20623086612982   ,21.330880708412    ,42.2544844310209   ,95.4170507047114   ,274.300330481019   ,286.110706225001   ,170.716016606416   ,0.0044474646280121 ,4.23715511262923   ,19.7297601512728   ,17.3571766435234   ,41055              ,mar                ,2001               
14.844190089515    ,1.10477416400973   ,200.712653178713   ,-3.35208434343523  ,2.02222293456906   ,18.8752854311031   ,44.4551712689126   ,95.1836682810211   ,273.181326319646   ,284.678695943752   ,168.737677546262   ,0.00425815393750673,3.84208429615805   ,20.5364552126476   ,17.8837353508583   ,41065              ,mar                ,2001               
11.1140202414322   ,2.50339436673171   ,226.024931321465   ,-1.05368049690832  ,2.63916939670676   ,16.6431053754289   ,43.699221929967    ,92.6022392087688   ,274.214242242135   ,285.873286483461   ,196.558157020215   ,0.0045665168449993 ,3.77001653728435   ,21.5605248386497   ,17.4561307507109   ,41059              ,apr                ,2001               
9.90140581812506   ,2.71957756561121   ,239.580563737455   ,-1.83759884272717  ,2.47897952235801   ,17.2809516804736   ,41.0953132676078   ,93.3459920527496   ,271.277471680185   ,283.181203982658   ,199.683838736038   ,0.00392776906166317,3.56761015501125   ,20.7504612885433   ,17.5693716100879   ,41063              ,apr                ,2001               
16.514050099735    ,1.67776939548409   ,227.404723860498   ,-1.16574885903404  ,2.85583045845412   ,22.57980611676     ,39.0017568217938   ,92.770357628601    ,274.487965654037   ,286.782989504616   ,201.122693859054   ,0.0044421281931917 ,4.01503893488053   ,19.3790486848375   ,16.4408341814294   ,41049              ,apr                ,2001               
8.87459743312315   ,2.94655713525942   ,249.057187744524   ,-2.28739386007128  ,2.42281865885964   ,13.9269382177658   ,43.6316813625132   ,94.5877839293303   ,271.260682167085   ,282.798643633054   ,203.900964360492   ,0.00406551134995848,3.82541817893707   ,22.3020273948795   ,18.254046025806    ,41061              ,apr                ,2001               
18.9325946705117   ,1.16644170159449   ,237.655035416389   ,-2.00820653286417  ,3.0023507120884    ,25.1346325490259   ,37.5317403232002   ,92.9162873817642   ,275.14555474793    ,287.642251653092   ,204.746680959538   ,0.00450904800212115,4.14935904599477   ,18.4408676907919   ,15.9196963766989   ,41021              ,apr                ,2001               
20.6005733324722   ,0.861063422163908  ,240.438293202207   ,-2.88006344036749  ,3.0658784814513    ,26.0547532023045   ,37.663344837211    ,93.0352044899329   ,275.254140301383   ,287.721584913466   ,207.929325686003   ,0.0045114375075841 ,4.41108096175724   ,18.1443112417039   ,15.6440029658305   ,41055              ,apr                ,2001               
15.9922032598262   ,1.2373956648782    ,246.050524191319   ,-3.57134960951876  ,2.78218404253787   ,22.2527089406386   ,39.5249844631115   ,94.871973441716    ,273.573206729489   ,286.137521728658   ,203.890078493784   ,0.00428267326015109,4.03859580186975   ,19.3770506218597   ,16.5593958470093   ,41065              ,apr                ,2001               
25.2999533398116   ,0.875092418816222  ,223.469545580025   ,-1.15902014364818  ,4.86829159124059   ,36.0517113498581   ,32.2861251948201   ,75.2136195984897   ,278.51896301413    ,295.24239304055    ,292.803463751474   ,0.00538821367634607,3.32775057872005   ,16.8806761043038   ,11.5699397580182   ,41059              ,may                ,2001               
27.5645490402532   ,1.12419583950635   ,233.59721755565    ,-1.86541657291485  ,4.5951114381083    ,38.8968702385018   ,29.4736043944898   ,67.5484663724308   ,276.704540214823   ,292.826332866756   ,282.750636945587   ,0.00463195005476415,3.1618264573081    ,16.2898276945336   ,10.5829605215859   ,41063              ,may                ,2001               
31.7361548088367   ,0.40454158770275   ,215.616028559609   ,-1.30707726458309  ,5.10987047946467   ,41.5985542836775   ,28.5657555748131   ,76.8572640128281   ,279.045457862837   ,296.093956927838   ,295.910241674479   ,0.00525175138278385,3.49058385023473   ,15.4509969509407   ,10.9451890897759   ,41049              ,may                ,2001               
25.6265567405633   ,1.18905624137343   ,239.697835961171   ,-2.21173577195823  ,4.63179251067147   ,34.4538045583897   ,32.0291366417633   ,73.1502436278969   ,276.254385327362   ,292.684336396661   ,293.548970679827   ,0.00492562816829922,3.40239027691571   ,17.5040907254783   ,11.6134042319621   ,41061              ,may                ,2001               
35.1543784610434   ,0.315859663145536  ,219.12764808889    ,-2.36136058139092  ,5.47149848491972   ,44.4272295347663   ,26.2029629596519   ,77.0487063671276   ,280.098262109378   ,297.332593089629   ,304.325766543631   ,0.00533009794528027,3.67219464321662   ,14.6447781107525   ,10.6189261204991   ,41021              ,may                ,2001               
38.2596490845893   ,0.275634025851638  ,218.149935311854   ,-3.32318486944277  ,5.64375444925679   ,46.0013952580876   ,25.8979577478475   ,76.5840433383748   ,280.306498462941   ,297.361030214486   ,311.658702000472   ,0.0053172782802033 ,3.88160290484315   ,14.2153505042148   ,10.5147359686018   ,41055              ,may                ,2001               
30.6273461488238   ,0.680571251972715  ,228.264952795138   ,-4.00196786138005  ,5.26457068127558   ,40.4432960494191   ,26.6911601333997   ,79.8665190812241   ,278.395639421994   ,296.442804809405   ,306.729146295225   ,0.00521478171668528,3.43561630987997   ,15.5799699776226   ,11.4992485591743   ,41065              ,may                ,2001               
24.8658005779722   ,1.09544683001426   ,219.832458683821   ,-1.94875175625941  ,4.67397631381784   ,40.1029404293359   ,35.451356418138    ,82.4425261354341   ,280.344666846067   ,294.802073650907   ,271.908224815301   ,0.00614931405065519,3.41319864621226   ,14.2035015479882   ,12.2547249018488   ,41059              ,jun                ,2001               
23.3544544643529   ,1.27985809895195   ,220.844794253403   ,-2.52945397716094  ,4.38007093452629   ,42.4580942815834   ,34.3164446358914   ,76.6530477408207   ,278.542165527699   ,292.775361502587   ,266.200343649982   ,0.00566149424070369,3.04071993670472   ,13.4753180791448   ,11.4206946520261   ,41063              ,jun                ,2001               
29.0608502734582   ,0.889329667925106  ,219.373990324145   ,-2.04358478714866  ,5.01931500792191   ,44.2496934063564   ,31.6614043811645   ,83.3996140694743   ,280.877391463674   ,295.61709698449    ,277.609700093427   ,0.00600431690240006,3.82748838735917   ,13.1003619266846   ,11.7829818996043   ,41049              ,jun                ,2001               
22.4966816933649   ,1.14600582095331   ,235.025309087055   ,-2.73937428149667  ,4.34800693939743   ,39.3849135358834   ,36.0703993856171   ,81.2920317501492   ,277.907325576343   ,292.417321297602   ,270.812027884589   ,0.00581800799423047,3.32139735568698   ,14.2020109534165   ,12.0853215990341   ,41061              ,jun                ,2001               
34.2259809696779   ,0.726921309272227  ,233.404224817866   ,-3.0059960277698   ,5.37218542115248   ,47.5131709104725   ,29.5518896313257   ,83.8379162588675   ,281.744232824389   ,296.732753610906   ,284.854360900936   ,0.0060663546071719 ,4.10799001478942   ,12.4059903476318   ,11.4235351856461   ,41021              ,jun                ,2001               
37.8692018805636   ,0.573861037482295  ,231.965661113908   ,-3.88800290662643  ,5.48214120100349   ,49.007728631687    ,29.5875263686301   ,84.4549710204959   ,281.843926267271   ,296.568836966174   ,292.688030028761   ,0.00606995684500479,4.38020863478411   ,12.0503827299523   ,11.3248286943919   ,41055              ,jun                ,2001               
27.0732315827074   ,0.91601416918897   ,249.082603598942   ,-4.42549011081156  ,4.88418127943493   ,40.8753733563071   ,32.7264891205782   ,88.4683683331659   ,279.830094217272   ,294.929894363889   ,288.061533634035   ,0.006044678652743  ,3.63652782167866   ,13.9971427937488   ,12.6998265440184   ,41065              ,jun                ,2001               
33.4515006252555   ,0.304168683114444  ,261.618710702077   ,-1.9891102052156   ,5.60000578323457   ,51.4982452790876   ,27.5706078266135   ,76.7491435295648   ,283.841509342499   ,300.629172384013   ,293.819405183097   ,0.00712058819332326,2.95626922333134   ,11.9781247830956   ,10.1429319474158   ,41059              ,jul                ,2001               
27.4149422052823   ,0.862975336125546  ,241.382314188732   ,-2.77060501048198  ,5.25384923360591   ,50.8559384115818   ,26.2973804996644   ,69.8611966646635   ,282.516591231064   ,298.461184679131   ,296.672499670661   ,0.00645759494250614,2.37165068814683   ,11.9033092072121   ,9.72033126486523   ,41063              ,jul                ,2001               
39.2255540934838   ,0.327917182577399  ,260.351112012529   ,-1.94192062747416  ,6.01168764365362   ,53.766458438631    ,26.1752179725169   ,77.5163937914796   ,284.532604594425   ,301.136261385773   ,300.082710034822   ,0.00707344046176195,3.54331040556035   ,11.5005621730103   ,10.1059566519587   ,41049              ,jul                ,2001               
29.3260326899339   ,0.555423370735999  ,281.247342505506   ,-2.98781390867116  ,5.2429069404866    ,47.9281335886899   ,28.1133652049391   ,79.1829042769675   ,281.497114206281   ,298.180484825508   ,294.641065158943   ,0.00693184083273129,2.81540172851119   ,12.546477613977    ,10.7811533385185   ,41061              ,jul                ,2001               
44.3658169449457   ,0.33768363718521   ,265.198182876425   ,-2.76523342444256  ,6.45207569463059   ,56.1513720536521   ,24.6182417382953   ,77.2914141613683   ,285.490483163343   ,302.103047596092   ,302.985449679679   ,0.00709992771446017,4.00886185122903   ,11.0811632434046   ,9.80626966201626   ,41021              ,jul                ,2001               
49.1780727423428   ,0.188979641474478  ,262.650156939261   ,-3.69326576085118  ,6.57839243618009   ,57.8672140859429   ,24.8417564518743   ,78.3865686930074   ,285.659302785428   ,302.029676560073   ,305.556500205137   ,0.00719619815397169,4.31021373128243   ,10.8021388162736   ,9.65075338802075   ,41055              ,jul                ,2001               
38.2338670481277   ,0.298616582325091  ,283.333385376114   ,-4.16901126617411  ,5.8126542996765    ,50.252710230611    ,28.3463680788094   ,83.6100483980472   ,283.414184035641   ,300.234185594357   ,306.251071849903   ,0.00729952714187742,3.42126820539924   ,12.3225187175713   ,11.0471534763604   ,41065              ,jul                ,2001               
44.2266753907586   ,0.135218302007224  ,246.921351180609   ,-2.0624734959082   ,5.53030568247956   ,59.0522030287638   ,22.0885612435943   ,75.4470846837872   ,284.708888305912   ,303.163649327784   ,270.088714853053   ,0.00698563533658936,3.02300973688275   ,10.8390291340966   ,9.87873456208682   ,41059              ,aug                ,2001               
45.9342065321179   ,0.213617190506041  ,231.363275173212   ,-2.7562036694555   ,5.39832625518446   ,66.3966355726086   ,17.8389433272235   ,59.4301952042161   ,283.923051718366   ,302.621299396001   ,271.634201637542   ,0.0057073989361783 ,2.52724592569529   ,9.91411426953153   ,7.83246101765393   ,41063              ,aug                ,2001               
45.5172551976364   ,0.132871070855011  ,251.157595386713   ,-1.81566864990647  ,5.70545344903569   ,58.1725770078626   ,23.5285820441559   ,76.2910704244695   ,285.688261623863   ,303.136283075622   ,269.883887314309   ,0.0074067872955944 ,3.37937952611036   ,10.8851117566719   ,10.0517537265669   ,41049              ,aug                ,2001               
43.4179597814107   ,0.242193839483316  ,256.222928465038   ,-3.02026970612169  ,5.46032122676945   ,58.2653643685952   ,19.8016821747328   ,73.1210332728439   ,282.741295596738   ,301.949823306747   ,273.121548487437   ,0.00638525549375034,2.9536000227368    ,11.2720235922953   ,9.61667103837658   ,41061              ,aug                ,2001               
47.1962014366151   ,0.185343121407286  ,260.332724644841   ,-2.44496485638943  ,5.98543989052946   ,57.9360796371114   ,23.5518279638861   ,76.9606109255008   ,286.806378255804   ,303.92269385114    ,267.476315163154   ,0.00772765384708236,3.70294857781373   ,10.8992283836888   ,10.0989615247895   ,41021              ,aug                ,2001               
48.6663284420509   ,0.188905230944864  ,259.867005989389   ,-3.41961714259365  ,6.02380635496176   ,57.1623214684979   ,24.8404656880488   ,80.2347986958563   ,287.05539694302    ,303.881509973382   ,265.69560956928    ,0.00813837505619108,3.96927770388124   ,10.8997364652267   ,10.5846146602177   ,41055              ,aug                ,2001               
39.6426205032684   ,0.240096572921306  ,253.313071488424   ,-3.76411791818496  ,5.3816704479579    ,49.7462439861537   ,27.3990579405461   ,85.9256270992567   ,284.740577766022   ,302.345307713658   ,267.122695508653   ,0.00816477542665074,3.32093949730804   ,12.4909542000054   ,11.963260419925    ,41065              ,aug                ,2001               
40.187083185941    ,0.24817595623154   ,217.708672182371   ,-2.30644592928965  ,3.94076027175449   ,56.9183787232203   ,23.0788215510893   ,76.1900145084389   ,281.018981448546   ,298.856384494605   ,203.756908062646   ,0.00557479781820028,2.89730936150019   ,10.7045443071961   ,10.9370899474384   ,41059              ,sep                ,2001               
43.6917873329262   ,0.382667237001803  ,228.030070994046   ,-3.10187896961099  ,3.97099845241278   ,65.9942873756924   ,19.6654682969991   ,62.9388842800558   ,280.081238064177   ,297.133407668356   ,207.815209073954   ,0.00460921527256392,2.88339877202239   ,8.97722520875486   ,8.94850041335557   ,41063              ,sep                ,2001               
40.4606431884381   ,0.153221958083788  ,211.756508324764   ,-1.95686868722526  ,3.99218944551433   ,55.5299317453128   ,24.3004888981009   ,78.193993720043    ,281.54824190922    ,299.084270079182   ,207.556249109571   ,0.00583537100152158,3.00222829619835   ,10.9909427432282   ,11.2172116926619   ,41049              ,sep                ,2001               
38.5815491958305   ,0.423634005328755  ,223.464832094118   ,-3.2540051077619   ,3.91659553846705   ,56.0538693273411   ,21.5224090565183   ,73.9347714038739   ,279.065256542316   ,296.937984229822   ,207.201376046389   ,0.00508809747574889,3.04602092507445   ,10.7614318621993   ,10.8565864627548   ,41061              ,sep                ,2001               
41.6308601079993   ,0.210452176881619  ,218.238153595463   ,-2.43796774224278  ,4.15037179163102   ,55.2119284098033   ,24.4593985907946   ,78.6666071533714   ,282.716577963374   ,299.950140087785   ,209.225714114637   ,0.00609348778932585,3.12996134182261   ,11.126322015422    ,11.3380751372861   ,41021              ,sep                ,2001               
40.8579082528585   ,0.304258824219713  ,220.042645329365   ,-3.24879921388905  ,4.22160113637443   ,52.2039021674188   ,25.9396382108766   ,81.4985405459041   ,283.157844448276   ,300.071808090359   ,211.777197505066   ,0.00644795363832476,3.32867591324141   ,11.710760433725    ,12.0348643987964   ,41055              ,sep                ,2001               
35.3706041597666   ,0.352028034095998  ,218.734281246611   ,-3.5302626905093   ,3.92335662903856   ,47.0366477046721   ,27.079597858875    ,85.2015942719525   ,281.264688457735   ,299.008388486683   ,213.379398694516   ,0.00633199240486973,2.94582254235932   ,12.9068165934725   ,12.9386900602058   ,41065              ,sep                ,2001               
23.0562291515369   ,1.82864725168757   ,213.749441221277   ,-2.33549969020006  ,1.88193257968125   ,32.791576457193    ,38.0168317130325   ,90.1245496901048   ,275.283797397952   ,287.806234642115   ,113.662349665071   ,0.00484511653880361,4.22774220763988   ,15.0734533124743   ,16.8386531158075   ,41059              ,oct                ,2001               
26.062963030008    ,2.18015518538467   ,229.623934123687   ,-3.08845533552148  ,1.94568525942304   ,40.3362675089613   ,34.6357324336631   ,81.867296411414    ,273.802098220663   ,285.248820089095   ,118.930785832598   ,0.0040032337504315 ,4.34978786317941   ,13.1329221790272   ,14.7810851538824   ,41063              ,oct                ,2001               
26.341970309766    ,1.04622351160889   ,212.766669152506   ,-2.02728872253425  ,2.04518455219136   ,34.4049789973397   ,37.092154703799    ,91.1089094466725   ,275.779047103493   ,288.658300565034   ,117.261318709636   ,0.00494579265417987,4.49437999505889   ,14.6457293770076   ,16.6425614678725   ,41049              ,oct                ,2001               
22.4191019274877   ,2.11155398869268   ,230.129594900617   ,-3.16773929625382  ,1.81956991690034   ,33.5290406031895   ,36.8692528012548   ,87.4563077084242   ,273.321029095515   ,285.29550271773    ,119.934474832344   ,0.00430423187675924,4.33561788551459   ,14.9002670767392   ,16.2864219725156   ,41061              ,oct                ,2001               
27.9796927935715   ,0.826524957660677  ,218.623512957895   ,-2.3756876709736   ,2.08582242385727   ,34.5767878185203   ,37.1770653632036   ,92.0607099296349   ,276.485805798297   ,289.443459972487   ,119.118629826217   ,0.00518812242286024,4.43770560308074   ,14.6483595313779   ,16.7394467989222   ,41021              ,oct                ,2001               
28.3989652601197   ,0.795380660861736  ,219.254298384247   ,-2.99319825279318  ,2.0184078201036    ,32.6880516406838   ,39.5132267187731   ,93.2525990739271   ,276.525039010803   ,289.131644392346   ,120.789216260149   ,0.00539152753199251,4.68360784878103   ,15.2083837215551   ,17.1608878809244   ,41055              ,oct                ,2001               
20.9824993800293   ,1.54644954272236   ,219.009257074594   ,-3.25430215368367  ,1.80537123015316   ,28.4732780250949   ,41.2578657406848   ,93.7283806560255   ,275.395903155      ,287.92636558165    ,122.536517054974   ,0.00522345364741659,4.17086484923615   ,16.4312239600372   ,17.8525853858011   ,41065              ,oct                ,2001               
11.3345432895319   ,2.1989051674063    ,190.547106292548   ,-2.07080618945047  ,0.920277961514578  ,14.2080981228415   ,54.7183452300941   ,93.9546924940534   ,273.202149826959   ,282.040470665601   ,70.4181465893129   ,0.00447377617157138,4.17938808499451   ,21.2919678624892   ,20.7490389291814   ,41059              ,nov                ,2001               
13.5475740737027   ,2.4454169414677    ,206.206609128294   ,-2.73752892573119  ,1.00626966094637   ,19.4244553822478   ,51.2682021538417   ,89.6452202939209   ,271.402013339418   ,280.054009912842   ,74.3549483814995   ,0.00388130384673324,4.38935760831708   ,19.1910893473592   ,19.3721432540522   ,41063              ,nov                ,2001               
12.8197327981751   ,1.37764719334182   ,192.099019740389   ,-1.87479069220458  ,0.900693028507978  ,16.2016283874839   ,53.1369724593237   ,94.9677691985591   ,273.418086807224   ,282.629358480031   ,71.9918364358406   ,0.0045482313088759 ,4.05558266016617   ,20.3260005817779   ,20.4235079538968   ,41049              ,nov                ,2001               
13.6834157966985   ,3.01267373947572   ,199.939721739969   ,-2.936372407768    ,1.03463520070132   ,16.2619768246112   ,52.5796251807193   ,90.9140432970023   ,271.114470296475   ,279.772798638991   ,74.3468031909142   ,0.00388411500705828,4.97086223410235   ,20.5596255015934   ,20.0672443292563   ,41061              ,nov                ,2001               
12.6093403191942   ,1.51447747440771   ,189.55103010629    ,-2.24293796716274  ,0.845403703119343  ,15.7502147024057   ,54.9011049991499   ,95.4487041133044   ,274.16343484758    ,282.954550085812   ,71.7871855584514   ,0.00473668862144605,3.8326058942146    ,20.4375278854606   ,20.6500418391813   ,41021              ,nov                ,2001               
10.5059613715938   ,1.98147425501377   ,188.222535028885   ,-2.73689953486125  ,0.760070891915067  ,13.4952690922477   ,58.4362479375352   ,96.2479275366949   ,274.292909047385   ,282.655202821728   ,71.909522646073    ,0.00489400081004272,3.99348132878716   ,21.1170267564279   ,21.2443248895641   ,41055              ,nov                ,2001               
9.20196169226475   ,3.27853971191428   ,196.550958402525   ,-2.94276351093227  ,0.782239352075764  ,11.6616841419028   ,57.5165267410071   ,95.327897721404    ,273.478776016769   ,281.848722999413   ,73.3905564864662   ,0.00462652999888194,4.37695737719628   ,22.5465224361642   ,21.645816547665    ,41065              ,nov                ,2001               
6.14185720578948   ,1.84128164906079   ,193.256579501253   ,-1.8609426666964   ,0.537533912455322  ,6.53682634689623   ,63.8618171599264   ,96.5735692895801   ,269.510486227208   ,276.85316221393    ,56.4411061037455   ,0.00347200502753546,4.104009577553     ,25.3119143076553   ,22.3894658474996   ,41059              ,dec                ,2001               
7.32999379919109   ,2.44260525715066   ,211.767745240752   ,-2.45021558766598  ,0.469473514190304  ,6.7776739345857    ,61.9918995712743   ,96.1511387627164   ,265.929438485632   ,273.885679748286   ,62.0679236773289   ,0.00283705474212014,4.31315431224925   ,25.0966246347049   ,22.4420009616372   ,41063              ,dec                ,2001               
8.4621313681556    ,1.09125091566413   ,183.670589397158   ,-1.61604640529252  ,0.603012837130856  ,8.77866654911163   ,61.9033654412674   ,96.6994957026803   ,270.41116737379    ,277.672162056968   ,54.6878347000735   ,0.00363682953847644,4.22629543639602   ,23.5470134923179   ,21.7159053548676   ,41049              ,dec                ,2001               
4.36490892555902   ,2.96012970197471   ,199.308388918025   ,-2.57991525199678  ,0.407526304776715  ,2.83242138359652   ,68.6826843238171   ,97.6956917129328   ,266.208387295444   ,273.456195558148   ,62.7523002254816   ,0.00298942745045218,4.78383496593546   ,27.0960330010245   ,23.8073340401041   ,41061              ,dec                ,2001               
7.77785655536179   ,1.08279421030183   ,181.32548135618    ,-1.80860587821574  ,0.529494842856919  ,7.04467417065753   ,65.7564000483044   ,97.0772024431193   ,271.314419750417   ,277.483705038948   ,53.6654770105449   ,0.00378460662880603,4.08038870312984   ,23.9287486348158   ,22.1752014080979   ,41021              ,dec                ,2001               
6.64333028818506   ,1.30711283075821   ,177.862542303729   ,-2.07818988593001  ,0.472266189272554  ,4.3806919541195    ,67.4401933608696   ,98.562201371667    ,271.459586570695   ,277.312963867187   ,52.2766045637298   ,0.00386780234667351,4.38767275766671   ,25.2323415510836   ,23.0819231446026   ,41055              ,dec                ,2001               
3.56110371946494   ,2.65647130944211   ,185.250552007739   ,-2.2095244851632   ,0.43976442915284   ,2.11726024731101   ,68.2570422031014   ,98.7808119764232   ,270.421869766721   ,276.244830846305   ,53.484052870231    ,0.00366347694515143,4.7010011620918    ,28.2763250843721   ,24.1190520634833   ,41065              ,dec                ,2001               
