bi,pr,th,pdsi,pet,erc,rmin,rmax,tmmn,tmmx,srad,sph,vs,fm1000,fm100,countyfips,month,year
10.303035416173    ,1.73243472895864   ,208.091421882468   ,0.125304794648794  ,0.733143714545671  ,10.0949443824127   ,55.8630699813939   ,93.9411605964535   ,271.399335944737   ,279.7637662474     ,66.1789049310731   ,0.0038598318778322 ,3.40386166653396   ,24.0898860740091   ,21.0504214866527   ,41059              ,jan                ,1994               
11.6438259702836   ,1.76090011147921   ,218.158845446468   ,-0.851757225109425 ,0.702222227890144  ,12.4206975401986   ,52.9312516692097   ,92.6049404634785   ,268.730443378348   ,277.04879931642    ,70.3398007375243   ,0.00332336571224442,3.66644791657718   ,22.8041961635716   ,20.6418551945563   ,41063              ,jan                ,1994               
12.1094224054303   ,0.771422776051837  ,201.685282627728   ,-0.223298207783574 ,0.844314298660615  ,13.0150889955586   ,54.7552691439361   ,94.1374012712409   ,271.766744880696   ,280.687237926883   ,65.9875607920587   ,0.00393287527846188,3.48637733787293   ,22.3544267804372   ,20.3468058015865   ,41049              ,jan                ,1994               
10.503177087065    ,2.52588355276698   ,212.956928614106   ,0.243666915245998  ,0.692667590093264  ,9.01602746577332   ,54.5872641763569   ,93.0417192765224   ,268.768761973683   ,276.969392450318   ,73.2155904121201   ,0.00338389115962183,3.95800161189361   ,24.6098930968843   ,21.3762705297785   ,41061              ,jan                ,1994               
12.9385390866443   ,0.556766327491146  ,195.937181581952   ,-1.58099004847853  ,0.900509172271647  ,15.2681681886733   ,51.7146241595983   ,92.5392990631513   ,272.526314452364   ,281.542520131721   ,67.3729664676409   ,0.0039162179425984 ,3.33804554037731   ,21.5683240731538   ,19.3670236039954   ,41021              ,jan                ,1994               
13.9526322949997   ,0.711341415968167  ,194.269029733933   ,-2.80323678917355  ,0.955195225121682  ,15.3963532433026   ,51.6935339954479   ,91.5096195870763   ,272.79195756234    ,281.943707244303   ,69.6609742503372   ,0.00392584739957171,3.59746628522963   ,21.8267901484819   ,19.0861936740843   ,41055              ,jan                ,1994               
11.4158877010277   ,1.22891079966172   ,197.395255040957   ,-2.58572381030893  ,0.808315577586192  ,12.3415549543267   ,53.1234586067294   ,93.183603547625    ,271.841573856192   ,281.121684475907   ,74.8521770339181   ,0.00389875390229903,3.45082527507077   ,23.3633171424031   ,20.169455830231    ,41065              ,jan                ,1994               
12.3526550244141   ,2.23370855268285   ,198.946711695909   ,-1.40843824318153  ,1.16700742162531   ,17.698541983772    ,47.9228575812721   ,89.2295882645483   ,269.401331693131   ,278.482202991857   ,92.8342228145563   ,0.00304699698378345,3.71978876380604   ,20.4987737337372   ,18.0884784756117   ,41059              ,feb                ,1994               
13.4984891075198   ,2.72998790316852   ,223.873986482382   ,-1.94075309605032  ,1.18329348999609   ,19.7803260768543   ,43.7812039753297   ,86.1144293192979   ,266.466870403194   ,276.305991767289   ,102.931229117629   ,0.00253191252344183,4.05363015157843   ,19.8315048216583   ,17.2410702476135   ,41063              ,feb                ,1994               
15.1635172214818   ,1.25303660087169   ,182.91253867693    ,-1.46235856288497  ,1.18037800424263   ,18.1578275914809   ,48.1957639343451   ,92.4097986125019   ,269.839813736008   ,279.345703132133   ,91.3495790696269   ,0.00323029749479798,3.7832973455772    ,20.3045478212183   ,18.607744390829    ,41049              ,feb                ,1994               
9.46394921298046   ,3.22397579916004   ,215.240589603377   ,-1.14882828848352  ,1.15150804229252   ,15.6841032877538   ,44.3608444488869   ,89.8915191270266   ,266.707921772575   ,276.46624848973    ,101.527681478706   ,0.0027079651011499 ,4.33705408632282   ,21.0333731392283   ,18.4043430494884   ,41061              ,feb                ,1994               
15.2547227289856   ,0.976756631400173  ,183.544873362042   ,-2.98503590036354  ,1.13256737056267   ,18.2997642486132   ,49.8522853898166   ,93.9372457219639   ,270.210975345119   ,279.578270677677   ,91.6260564774196   ,0.00333650618255346,3.7174569962747    ,20.0174669706625   ,19.0521389511881   ,41021              ,feb                ,1994               
15.4705600210657   ,0.950229042990941  ,181.42833668606    ,-3.45155897289224  ,1.15098350339802   ,17.901347036051    ,51.6074038300797   ,94.5589667059724   ,270.323330330271   ,279.611208393859   ,91.0149131647825   ,0.00337052760173229,4.0306123053669    ,20.0130943104737   ,19.2834714373252   ,41055              ,feb                ,1994               
12.7745066364367   ,1.78076267080834   ,196.471166695133   ,-3.25419190287497  ,1.11772276989339   ,15.5055286750303   ,50.9168003600238   ,95.3190449398039   ,270.038793837591   ,279.178571950663   ,90.1538798065135   ,0.00337124174896444,4.14991633748853   ,21.0050143785092   ,19.7061118941445   ,41065              ,feb                ,1994               
17.3140232346867   ,0.823791079241012  ,201.319937829539   ,-1.99725546521725  ,2.31048984006541   ,25.8135249353575   ,34.4392311913772   ,82.1723033491044   ,272.151219016541   ,285.673625161265   ,166.675640085624   ,0.00343867865446237,3.37356883501668   ,19.2751267316427   ,14.6507089790486   ,41059              ,mar                ,1994               
20.156219688437    ,0.720578924467682  ,219.439297519169   ,-1.90472061004672  ,2.33530723996849   ,28.8523027329963   ,29.68756751301     ,79.1821569854294   ,269.696477410273   ,283.523150876228   ,176.195390657622   ,0.00285964973209101,3.48754769339805   ,18.6389135047541   ,13.7218940942142   ,41063              ,mar                ,1994               
20.4849458666579   ,0.525768952312621  ,180.761539168061   ,-2.34114251804601  ,2.35996756246013   ,27.7743799195381   ,34.1597634111581   ,84.9198726070348   ,272.465211843482   ,286.272047789229   ,167.108082266036   ,0.00356043948966967,3.58183784477112   ,18.4703669211003   ,14.735405692054    ,41049              ,mar                ,1994               
16.9458609006933   ,0.927599974604281  ,225.136408746641   ,-1.43564028264073  ,2.29560931704045   ,24.2365512761793   ,31.7699768514569   ,82.2469814039236   ,269.493180941358   ,283.457078059419   ,172.993475076546   ,0.0029932757444926 ,3.62117900163327   ,19.977657188452    ,14.7158925062155   ,41061              ,mar                ,1994               
23.0447234279186   ,0.581762929377919  ,182.440704648079   ,-3.31970330685045  ,2.38426954144553   ,28.6815441818686   ,35.2659209227731   ,85.251278799377    ,273.431921028808   ,286.881573659794   ,170.512100236424   ,0.00375319923296723,3.60337082064042   ,18.2817137703677   ,14.8241052175829   ,41021              ,mar                ,1994               
23.6164154621148   ,0.525534723256745  ,180.84957810279    ,-3.71199975631855  ,2.55362670560127   ,28.4688875447172   ,36.3663409808248   ,84.6105041726988   ,274.236486420904   ,287.445018751759   ,177.185374679666   ,0.00390025588964973,3.90853829807525   ,18.3197048827177   ,14.8038232420508   ,41055              ,mar                ,1994               
18.0374387937615   ,1.00166857832009   ,182.297789652537   ,-3.35374691519704  ,2.36276711596251   ,22.6819283854518   ,39.4155779307978   ,88.0153502904523   ,273.061992228484   ,286.211196832867   ,174.769273602037   ,0.00390436143480735,3.89385833386793   ,20.1126236872204   ,16.1809768867507   ,41065              ,mar                ,1994               
17.502886923153    ,1.28994424134456   ,245.919440203856   ,-2.74094033244561  ,3.2333004140696    ,29.405454658462    ,38.7609289151417   ,83.8980836407238   ,276.673370197961   ,288.896636469422   ,214.187500846728   ,0.00470969146900095,3.74456241178855   ,16.8958249484203   ,14.4661836002047   ,41059              ,apr                ,1994               
15.1307562396438   ,1.99069267097084   ,242.953620702045   ,-2.42763936800973  ,3.00868020975715   ,30.7197568544697   ,34.4217050417876   ,80.9511925807366   ,273.74722701564    ,285.87966644625    ,211.410560316028   ,0.00390121430848695,3.54167592076363   ,16.0942533426074   ,13.9465104881422   ,41063              ,apr                ,1994               
20.4649711651741   ,0.85249347592396   ,245.006169403306   ,-3.17941247980008  ,3.39369945821546   ,31.2802898633751   ,36.1875925639121   ,87.1903273066509   ,276.85692677656    ,289.705897091904   ,220.861044149748   ,0.00474597849683222,3.97783274282336   ,16.2834100361686   ,14.4840037779034   ,41049              ,apr                ,1994               
12.6439530302653   ,2.02369564345704   ,259.18839693178    ,-2.14810396894015  ,2.94766174838376   ,24.8625110871507   ,38.6550899490702   ,84.8777392879533   ,273.78688729871    ,285.550555021812   ,219.813180664439   ,0.00418252058539908,3.84634808559477   ,17.8416168923633   ,15.2713719325595   ,41061              ,apr                ,1994               
21.7937279377551   ,0.666450087200444  ,250.206587691208   ,-3.77569338838112  ,3.48621821002446   ,31.4954089193096   ,35.8455799973735   ,88.8949378288959   ,277.30649530536    ,290.333163983464   ,226.350189340395   ,0.00486501726922562,4.06795966063881   ,16.2374075130311   ,14.6283147235194   ,41021              ,apr                ,1994               
21.9284024358107   ,0.590325530514223  ,251.652468328866   ,-4.27308411811992  ,3.5345639410888    ,31.2607915151421   ,36.0802089150189   ,89.2142897566857   ,277.421689520942   ,290.501995635451   ,228.338981391951   ,0.00492353353215487,4.21340401453814   ,16.168861653419    ,14.6372656738549   ,41055              ,apr                ,1994               
15.743421675723    ,1.05185332714248   ,249.539506104265   ,-3.72697070799044  ,3.19203412293832   ,24.8337515265016   ,39.8102540079901   ,91.9990716169486   ,276.120124640239   ,289.072123272473   ,225.655097218642   ,0.00492949288221012,3.70336786385368   ,18.2140330842973   ,16.060781045023    ,41065              ,apr                ,1994               
17.3388455656719   ,2.44523377545472   ,212.57073684424    ,-2.92329749261043  ,4.30967733390029   ,31.2856547909526   ,36.1235170881862   ,78.9598422408028   ,279.645313498455   ,293.145596312499   ,267.471825629212   ,0.00572881045632595,3.23589813417029   ,16.6707410048379   ,13.432630632785    ,41059              ,may                ,1994               
12.4289953994268   ,2.26529234684606   ,202.79361763653    ,-2.54711478281688  ,3.90306494764676   ,27.9678755700504   ,35.8984927967066   ,82.855422407624    ,277.087036297172   ,290.596591350539   ,260.964154470002   ,0.00534866272160179,2.89605798801382   ,17.1893092661444   ,14.0025462011653   ,41063              ,may                ,1994               
21.192400043864    ,2.14731198622867   ,208.341266779999   ,-3.18735214760998  ,4.5048394922851    ,32.6788007349727   ,33.8209352140551   ,82.6660781711204   ,279.799025662021   ,293.660325537258   ,274.197125099696   ,0.0057638890249926 ,3.62043399388797   ,16.4495635523101   ,13.5657974773314   ,41049              ,may                ,1994               
11.4457155009749   ,2.37986986390417   ,231.863907082026   ,-2.34328404414801  ,3.95377024989924   ,25.2817140498638   ,37.6490610567805   ,82.8954743390252   ,277.025048815971   ,290.318082452589   ,270.072314011951   ,0.00546035365224158,3.21401441996907   ,18.115890402473    ,14.3529210936449   ,41061              ,may                ,1994               
22.9413637991142   ,1.67152251714468   ,212.615772043205   ,-3.84884021539227  ,4.77210631799692   ,33.9074588867811   ,32.5652183002527   ,84.5738194837661   ,280.408633185342   ,294.535958537696   ,286.799737124495   ,0.00587335186435859,3.87356147957386   ,16.0993225657121   ,13.4356564455916   ,41021              ,may                ,1994               
25.3643775687298   ,0.875514272690628  ,212.132683925012   ,-4.61210240118685  ,5.01247822307366   ,37.4774890503688   ,31.8564376375896   ,83.8712906609884   ,280.616397822405   ,294.904276590396   ,298.569180518631   ,0.00588312657048212,4.14126111667936   ,14.8976502624509   ,12.541803754876    ,41055              ,may                ,1994               
20.2237797897467   ,1.04162148967972   ,232.275437951772   ,-4.04126206496564  ,4.57736137282787   ,31.4784731939149   ,35.2335861234595   ,87.1230837380727   ,279.148681693404   ,293.504002049127   ,293.032722362998   ,0.00590483645709791,3.68082189240378   ,16.7164196387943   ,13.6109192699622   ,41065              ,may                ,1994               
26.5969561500149   ,0.959159696554903  ,238.964897954378   ,-2.58041803390774  ,5.31806607641132   ,38.7018962597479   ,31.8388182980598   ,76.2368722648284   ,280.871307042945   ,296.452560327121   ,301.28123407006    ,0.00593320182722502,3.57099474057325   ,15.6309537638102   ,11.4763319013924   ,41059              ,jun                ,1994               
21.7983709446308   ,1.44476266524359   ,232.184898596662   ,-2.52558839512177  ,4.85995736857811   ,35.5843769673145   ,31.0640558751869   ,76.4003193465146   ,278.320391455341   ,294.155254681461   ,292.593778130058   ,0.00549724469693228,3.07547357704812   ,16.333097944532    ,11.8722754996695   ,41063              ,jun                ,1994               
29.0125289260285   ,0.881523895840263  ,253.999155542535   ,-2.52166557624078  ,5.51833135564706   ,38.280143703965    ,30.977647285062    ,81.5731320848848   ,281.196075551298   ,296.921974038329   ,306.398277965765   ,0.00613761007239072,4.08897018911639   ,15.6967815246882   ,11.9232709697404   ,41049              ,jun                ,1994               
20.2070931815517   ,1.31301423008952   ,247.750098535347   ,-2.31254428438689  ,4.88079407178816   ,33.7057065283222   ,32.108351248439    ,77.8770592139287   ,278.09458516062    ,293.808690481932   ,298.433718656689   ,0.0055746477902407 ,3.29720572952871   ,16.6831818433455   ,12.1536869259626   ,41061              ,jun                ,1994               
33.1973746301238   ,0.595848397531546  ,261.86310915749    ,-3.36945569795895  ,5.80448503556305   ,41.2369661383765   ,29.5817818470308   ,83.5754795221      ,281.954117662697   ,297.745161048483   ,311.169528961182   ,0.00627467360357896,4.41483160430171   ,14.8698049895678   ,11.6718728764793   ,41021              ,jun                ,1994               
35.0830539508915   ,0.537727590226959  ,260.213757141501   ,-4.51291277627034  ,5.9384981787228    ,43.6512927990443   ,29.3536961088868   ,83.7250500673439   ,282.176536714729   ,297.699616204275   ,315.834431461981   ,0.00628968620319718,4.68903595163808   ,13.8216293700257   ,11.4682987098805   ,41055              ,jun                ,1994               
26.5079506301193   ,0.949044997023387  ,261.641586163011   ,-3.98609326815735  ,5.27879478072787   ,36.3107870612852   ,32.8193357449867   ,87.7327260281934   ,280.427241698697   ,296.250772557114   ,304.445693440945   ,0.00638738556731732,3.90787485952792   ,15.7630552989897   ,12.9024221742996   ,41065              ,jun                ,1994               
44.7448118560181   ,0.3967642590719    ,248.893643575993   ,-2.72202919295292  ,6.43878225592868   ,63.2306225765875   ,20.1532605633066   ,60.1570817760565   ,285.691260805804   ,303.668315643786   ,312.817331492965   ,0.00615520317513214,3.00864847025583   ,10.5978526880129   ,7.68956989591077   ,41059              ,jul                ,1994               
37.9347847717508   ,0.597145898902724  ,223.003984370676   ,-2.66641379182068  ,5.9603709312626    ,59.9656487450814   ,19.5125609570423   ,58.9917432896687   ,283.396992171184   ,301.360704711563   ,312.942316416717   ,0.00572868219926363,2.65631423043514   ,11.1489438860029   ,7.69198837695476   ,41063              ,jul                ,1994               
46.6126095898604   ,0.266581908004521  ,245.362807429631   ,-2.56164670864325  ,6.77983874453018   ,61.8227101939491   ,20.0949853735384   ,66.8871834698893   ,285.918004292851   ,304.463758248611   ,320.196356615048   ,0.00660515331933221,3.34648657729951   ,10.8250498083511   ,8.16448286241664   ,41049              ,jul                ,1994               
37.7998138750004   ,0.645052989525331  ,261.762469483385   ,-2.43614567066907  ,6.03524553183776   ,57.69470857463     ,20.6735220345498   ,62.5448911638005   ,282.936823051814   ,300.931954226841   ,311.865318348169   ,0.00590852495921388,2.9915477358146    ,11.448022942769    ,8.16290090637632   ,41061              ,jul                ,1994               
49.3112816771389   ,0.224115632854981  ,253.348663876235   ,-3.35726798023876  ,7.28516771187527   ,62.3765119135644   ,19.0759764730337   ,70.5478900626261   ,286.611631714336   ,305.804679963011   ,326.544211813408   ,0.00681707508376645,3.74946192255379   ,10.6498352457457   ,8.30153310766379   ,41021              ,jul                ,1994               
55.1379512957082   ,0.0764963159961684 ,254.337871604923   ,-4.46834392389591  ,7.52440639995804   ,65.1366785683063   ,18.894097484703    ,71.8179840437985   ,286.75908341522    ,305.96111881218    ,333.667864084379   ,0.00688650639755119,4.02252945796968   ,10.128250298107    ,8.14769824148011   ,41055              ,jul                ,1994               
46.6935835582798   ,0.0722608437887157 ,258.943686283346   ,-3.94181017354189  ,6.80205149261187   ,58.2013208879207   ,22.5747119167961   ,77.0831591696997   ,284.72339471045    ,304.231467279924   ,332.548322375712   ,0.00727519396839857,3.49609394863733   ,11.4345283638813   ,9.27372209422884   ,41065              ,jul                ,1994               
54.8651052767779   ,0.043294914352744  ,251.646819266202   ,-2.89070578653028  ,5.63482373975786   ,70.9751102612126   ,20.5777632086941   ,68.2806937406777   ,283.627489624154   ,301.579198591578   ,281.80823429485    ,0.00585439384545768,3.19089474260514   ,8.45078475695343   ,8.46610771214139   ,41059              ,aug                ,1994               
51.5565102972557   ,0.0946419991995014 ,217.813033007682   ,-2.96769931938473  ,5.43449830203516   ,72.7914488215009   ,17.4251187992989   ,64.0088082003104   ,281.831929489745   ,301.031526078066   ,282.530935907482   ,0.00521969338207625,2.75912406867147   ,8.29479196992384   ,7.76411377095542   ,41063              ,aug                ,1994               
54.3414451179076   ,0.0238686031410261 ,249.049262196233   ,-2.60014135716889  ,5.77616734914211   ,64.7388742387627   ,23.490118501678    ,76.7659344274517   ,283.972873086644   ,301.800640926351   ,284.918548002212   ,0.00672177673467745,3.65944573194106   ,9.39475237459493   ,9.83168625451085   ,41049              ,aug                ,1994               
50.8119830975104   ,0.0818512372457438 ,247.124843814366   ,-2.65309249109937  ,5.464397798027     ,67.8080759530806   ,18.2111924862681   ,69.4559605939129   ,281.174700877905   ,300.26175274228    ,283.623819341018   ,0.00535986256210429,3.05922262943964   ,9.10656338381796   ,8.69468325850784   ,41061              ,aug                ,1994               
55.2855754086174   ,0.0315696380250464 ,251.45899302956    ,-3.30035240883573  ,6.02191878345776   ,63.2390238415038   ,23.4157374379503   ,79.6540964791952   ,284.687269043159   ,302.5708907329     ,285.033259517012   ,0.00702764816926856,3.98888742893716   ,9.64108702858828   ,10.177306575989    ,41021              ,aug                ,1994               
57.7160040223625   ,0.00932340693678176,247.251386208006   ,-4.38155065200947  ,6.08766595117777   ,63.2099710085598   ,24.3837636549323   ,80.2122864578382   ,285.155522180804   ,302.443096633678   ,283.600330808302   ,0.00724099083707668,4.26924304277621   ,9.61556518903163   ,10.2953085137007   ,41055              ,aug                ,1994               
45.7059985308857   ,0.0287855097996209 ,260.304490143296   ,-3.85689825111336  ,5.34363395729068   ,55.1583893127178   ,28.1120946370208   ,85.3865916668558   ,283.283707132016   ,300.838469460778   ,284.542118909798   ,0.00751036320663067,3.41817712622465   ,11.0689558139178   ,11.6784052554445   ,41065              ,aug                ,1994               
36.8621954800685   ,0.415453320225468  ,220.42321852484    ,-3.01766689296063  ,3.65950262003782   ,57.6864250803099   ,23.2019153533919   ,73.5520725826028   ,281.691597707382   ,298.200920487292   ,194.741664415322   ,0.00560217875037466,2.77034277582076   ,10.2830790384189   ,10.6567905788916   ,41059              ,sep                ,1994               
39.6953056936944   ,0.49803762665908   ,227.016137221365   ,-3.26059294389539  ,3.61053976586093   ,62.3163958964092   ,20.4436123255527   ,68.7505896482712   ,279.823161133631   ,296.483984278966   ,196.824202563101   ,0.00484054282190667,2.65627653415386   ,9.51696052070542   ,9.80094627367033   ,41063              ,sep                ,1994               
36.9186331858832   ,0.256635406690147  ,205.306039112301   ,-2.68573604089843  ,3.77411754305554   ,53.4627264165961   ,25.370798429103    ,78.8995610203834   ,281.996825066745   ,298.855801106664   ,202.513101015207   ,0.00618402939473675,3.04184548377887   ,11.1977418292463   ,11.5391787536273   ,41049              ,sep                ,1994               
36.8039996484147   ,0.513565280888988  ,248.11354026596    ,-2.88939214204074  ,3.60143196070636   ,57.0801073393017   ,21.3491785535302   ,72.886468263477    ,279.308458143949   ,296.073420550813   ,197.218375838166   ,0.00503563220306096,2.88656911790126   ,10.4464967356788   ,10.6388140794377   ,41061              ,sep                ,1994               
39.6357316847196   ,0.222121365837086  ,213.967079655509   ,-3.33086104907068  ,3.94549490812395   ,53.0568825309309   ,25.7745587296941   ,80.6137376645832   ,282.740995822609   ,299.930701311341   ,204.734089168563   ,0.00649838603498089,3.24402809848056   ,11.3998716991926   ,11.7913159501006   ,41021              ,sep                ,1994               
42.4811023397821   ,0.143591457717829  ,220.931219939856   ,-4.3066534192009   ,4.12940703338815   ,53.7979051627146   ,26.1496756276657   ,80.2048747741223   ,283.152434416356   ,300.413980685526   ,207.013608838057   ,0.00662554619980424,3.51972860014229   ,11.2747353559349   ,11.7020607604386   ,41055              ,sep                ,1994               
35.5282108126532   ,0.247173786323109  ,208.404032369594   ,-3.79326014955931  ,3.79904345995063   ,47.9532737504445   ,29.2555853152701   ,83.1446190431679   ,281.941119925403   ,299.084564099908   ,208.792231648229   ,0.00686776311822068,3.16773030651384   ,12.459182040193    ,12.6176107528697   ,41065              ,sep                ,1994               
25.572750878606    ,2.28268491227753   ,221.194266850445   ,-3.02871111884022  ,1.90783072684953   ,36.8231242002515   ,36.6342029042846   ,88.6059142941722   ,274.998745286498   ,287.329980196237   ,123.441100599521   ,0.00441199737549303,4.02930876530533   ,14.0083780058987   ,16.3087244416322   ,41059              ,oct                ,1994               
22.2812395451281   ,1.87171022349377   ,229.07920040203    ,-3.28918189817653  ,1.85551551407249   ,36.7803832482145   ,33.9918081719263   ,85.8107176610102   ,272.904704990813   ,285.135318859366   ,123.675965232772   ,0.00383114351197242,4.02879072035002   ,13.8137806130133   ,15.8256884105798   ,41063              ,oct                ,1994               
26.9628817911353   ,1.65557827255419   ,222.095063715161   ,-2.67165232516084  ,1.94929551291035   ,35.3320600535696   ,37.7389423386146   ,91.2461322593721   ,275.190982266468   ,288.1354492154     ,128.6866387034     ,0.00471323015488555,4.21092246539527   ,14.5133366737388   ,16.865997008145    ,41049              ,oct                ,1994               
21.3378592662515   ,2.15661490069827   ,231.21376568239    ,-2.9056035818877   ,1.81119825602563   ,33.5365601867841   ,36.5241563330604   ,87.8252449058432   ,272.597579321639   ,284.649998716584   ,126.458149957144   ,0.0039406964176975 ,4.20726385889942   ,14.6224697403583   ,16.5431951635248   ,41061              ,oct                ,1994               
27.8040271933325   ,1.5216812643683    ,224.835683076755   ,-3.22980087087057  ,2.01834960429806   ,34.3990054312106   ,37.6088569137687   ,93.0138970768585   ,275.442873666463   ,289.06887245933    ,131.242049708871   ,0.00489102620097054,4.15935152178689   ,14.8354676794214   ,17.2884615028858   ,41021              ,oct                ,1994               
28.1546191224637   ,1.92158855320743   ,222.930170118483   ,-4.11975303077326  ,2.10003652743935   ,34.4460664584353   ,38.2112006117456   ,92.8354765592128   ,275.648728994396   ,289.276820146999   ,133.416961949494   ,0.00495328635713562,4.41591636040732   ,14.67779283815     ,17.2945948489048   ,41055              ,oct                ,1994               
23.3246536441413   ,3.46319542888315   ,224.501056446663   ,-3.62315344384408  ,1.87133535528862   ,30.6468704566775   ,41.0208336492169   ,93.7378212935728   ,274.825528629669   ,288.049792122721   ,136.17446502498    ,0.00496362399809219,4.17171685985089   ,15.6931963608725   ,17.9434270578736   ,41065              ,oct                ,1994               
4.75194617912698   ,3.30756578885423   ,221.223111199069   ,-1.81565798838802  ,0.791593835725311  ,7.45180363283604   ,54.852124647431    ,95.3579356479855   ,270.641252100862   ,278.145043556264   ,60.7723055561647   ,0.00361140859054394,4.57244161824648   ,23.9600669876629   ,22.1986332488113   ,41059              ,nov                ,1994               
4.27821546177977   ,3.34588612555032   ,224.685077875245   ,-2.45011414483294  ,0.620471142085664  ,8.02812843312388   ,56.3368862090967   ,97.0534940997482   ,266.822885803187   ,274.334400147658   ,65.7388008751236   ,0.00301799571628632,4.61013023362154   ,23.0705225830589   ,22.5708429629986   ,41063              ,nov                ,1994               
8.61591938545259   ,1.59651419586851   ,224.995504025265   ,-1.46330488997188  ,0.899592261221812  ,10.5555169041832   ,51.0430793981069   ,95.5373816142324   ,271.256979818827   ,279.492150732443   ,63.500507595485    ,0.00369812077686213,4.63529972442886   ,22.6065100474299   ,21.0174022130733   ,41049              ,nov                ,1994               
3.6499212825265    ,4.26208764728849   ,227.905722650236   ,-2.03538142339683  ,0.620253070006952  ,5.28191654150542   ,57.7826249869076   ,97.3211730269444   ,267.075494859484   ,274.219325938284   ,65.1768012686521   ,0.0030828839357858 ,5.10628763969052   ,24.6018487654007   ,23.3789992593836   ,41061              ,nov                ,1994               
10.0592868805798   ,1.13352618202044   ,224.367878344984   ,-2.1304623655227   ,0.924858033358866  ,12.2807528048938   ,49.6959233273361   ,95.5588530780362   ,271.842072298979   ,280.100485218147   ,65.185609564728    ,0.00372132071348131,4.43948746996446   ,22.0889571451048   ,20.5074887553408   ,41021              ,nov                ,1994               
9.22287408443019   ,1.20461128082764   ,225.605446078949   ,-2.81739352483731  ,0.919411932695911  ,11.8906715935143   ,50.3127221228319   ,95.8563493643123   ,271.885639221905   ,280.035985426875   ,66.2223458416513   ,0.00370578315959096,4.56291602524633   ,22.0468730993438   ,20.6249288824799   ,41055              ,nov                ,1994               
7.15076845197417   ,1.99595079053535   ,232.91243084105    ,-2.10121803832036  ,0.801931414011035  ,8.93675430000947   ,52.820307049014    ,97.5137754601847   ,270.635689746824   ,278.621594196785   ,68.0817348025988   ,0.00357886709072233,4.52781591141233   ,23.5708270739101   ,21.7933340040028   ,41065              ,nov                ,1994               
6.05765418154123   ,1.95083944517811   ,186.701925730439   ,-1.11249626822622  ,0.55417011476864   ,6.50765794160536   ,57.9447385805858   ,95.1969792978653   ,268.4455341777     ,276.318172468308   ,53.4421841899291   ,0.00324882282139209,3.76191628348683   ,25.7971305717696   ,22.0496756947856   ,41059              ,dec                ,1994               
6.05224804385736   ,2.13862589727566   ,210.661565900415   ,-1.76772609214344  ,0.538139168603133  ,5.8255741182766    ,58.1271524113653   ,93.4928129549627   ,265.494143851487   ,273.453733698527   ,56.4880838967703   ,0.00268206833103983,3.96997348740176   ,26.1784328082225   ,21.9551952352057   ,41063              ,dec                ,1994               
9.79625133749969   ,0.880135514292936  ,182.207434857167   ,-1.18251544806658  ,0.61941883359527   ,10.7237028798336   ,54.9340183801468   ,95.473054152051    ,268.891169680184   ,277.36486364368    ,54.2035510868718   ,0.00334347706174528,3.75584724323392   ,22.9941592820652   ,20.9979150129238   ,41049              ,dec                ,1994               
5.1435761661245    ,2.60985611775438   ,202.345899607096   ,-1.29300949522007  ,0.537806844673591  ,3.69628918299819   ,57.0014868861069   ,95.1346329948833   ,265.520898684906   ,273.420486199022   ,57.4520303635146   ,0.00276221498433087,4.56942657217567   ,27.8349303178826   ,22.6588645082639   ,41061              ,dec                ,1994               
12.5429091752007   ,0.62220504607127   ,178.6379199249     ,-2.0809242066176   ,0.659598352179818  ,13.1647288482753   ,53.4531490730087   ,94.8754564363274   ,269.752707956685   ,278.045261427491   ,53.244121021734    ,0.00336384937681299,3.56527411890074   ,22.0564981750101   ,20.431830877531    ,41021              ,dec                ,1994               
11.9823557294143   ,0.805836193481202  ,179.162046391922   ,-2.63689094049889  ,0.710749723450017  ,11.9594058915476   ,53.4208842216179   ,94.3502093885842   ,270.198950031719   ,278.257924582201   ,51.7522547223647   ,0.00335320187157309,3.83391778505685   ,22.609470579917    ,20.5283777085429   ,41055              ,dec                ,1994               
9.85027407539271   ,1.49316583209141   ,187.278670670593   ,-1.77781642094637  ,0.748735345537082  ,9.49254656901831   ,52.8652440816928   ,93.6704690195186   ,269.651562593663   ,277.369935162121   ,53.1778047603883   ,0.00323577195703737,4.57864919604492   ,24.4030641642484   ,20.9309194846031   ,41065              ,dec                ,1994               
