bi,pr,th,pdsi,pet,erc,rmin,rmax,tmmn,tmmx,srad,sph,vs,fm1000,fm100,countyfips,month,year
6.2087537578624    ,2.14516526481404   ,216.330842877289   ,-2.02510702494885  ,0.689329657459318  ,6.41790329707972   ,60.9038836041772   ,96.4335446356708   ,269.955405639701   ,277.698382438948   ,56.2686965174717   ,0.00355147494139612,4.12415361062848   ,25.3460568936557   ,22.2338537387017   ,41059              ,jan                ,2002               
6.6303749840283    ,2.77972752446677   ,227.602823720999   ,-1.97018079939005  ,0.633642195382137  ,7.69646032710187   ,59.1978998848958   ,92.1948118980007   ,266.665997733872   ,274.046460809757   ,63.545507362296    ,0.00285151205111618,4.29755643418552   ,24.6420974193619   ,20.9943653795538   ,41063              ,jan                ,2002               
11.3062822258188   ,0.752594880784686  ,216.998151822824   ,-1.87349912018416  ,0.789201963219142  ,10.4804755970758   ,58.8554198830902   ,96.3501962430774   ,270.717939850044   ,278.759862648839   ,55.1195258478159   ,0.00367704958178662,4.46537306340557   ,23.186844129535    ,21.1192401342548   ,41049              ,jan                ,2002               
4.15996835922184   ,3.29513962824478   ,225.758499362363   ,-2.23399287859599  ,0.56457790411988   ,3.34794394148027   ,63.3169214829749   ,95.5355258690983   ,266.631652001943   ,273.878862427925   ,64.1524177517847   ,0.00298820019673948,4.53875010661137   ,26.8195897797767   ,22.7623829426494   ,41061              ,jan                ,2002               
11.4675425087281   ,0.632158337014641  ,215.761463890346   ,-1.78905070330278  ,0.741229517902455  ,9.29183910475561   ,60.7500239030422   ,96.8742059295248   ,271.61710864066    ,279.040289922189   ,55.3519666705833   ,0.00382907696954825,4.28508462825401   ,23.77634212939     ,21.3987775143995   ,41021              ,jan                ,2002               
11.4759191036101   ,0.757618180162965  ,213.951174851342   ,-1.75435473568026  ,0.700080477547373  ,7.79979628170817   ,62.4512261144397   ,97.886395978109    ,271.766323873264   ,278.978090828487   ,55.5210902513232   ,0.0039009159352285 ,4.51488928544906   ,24.628597005856    ,21.8785992730138   ,41055              ,jan                ,2002               
5.91019781792755   ,1.93465587625227   ,223.758418215066   ,-1.74238726419267  ,0.604503496181598  ,4.35412838335364   ,63.3639030397741   ,98.4308152465912   ,270.593366117368   ,277.577489288259   ,59.2187843973883   ,0.00370160091491333,4.41477530527334   ,27.0983254165701   ,22.97661032226     ,41065              ,jan                ,2002               
14.0783158274246   ,1.1859928866175    ,181.522479617931   ,-2.18502660243716  ,1.27492214474464   ,14.7413632315812   ,44.3655333134399   ,92.9753487831935   ,268.765005357105   ,280.396258614936   ,97.8185648187332   ,0.00314576864443169,3.98380500559282   ,22.9237965440119   ,18.8445180836667   ,41059              ,feb                ,2002               
14.8017460708418   ,1.22260379848973   ,222.874546837638   ,-1.79471262438453  ,1.15201892323799   ,16.0820379902636   ,43.6558103322625   ,91.3338974434417   ,265.210004807471   ,276.574761202047   ,107.757789014698   ,0.00251223485194403,4.22853938101621   ,22.2519901559189   ,18.3497364048239   ,41063              ,feb                ,2002               
18.4752047285681   ,0.636178599670747  ,180.392463249976   ,-2.35236981724361  ,1.36276921666685   ,19.1985962165515   ,42.3453925023261   ,93.5364277357474   ,269.804951328971   ,281.720565850109   ,102.555459980119   ,0.00332022208414866,3.83206841842778   ,20.9216762873871   ,18.4954810855365   ,41049              ,feb                ,2002               
13.8794633152617   ,1.35982341770254   ,201.411926517584   ,-2.09422115636951  ,1.17870884712989   ,12.5296381468333   ,45.8566931485709   ,91.8840855452119   ,265.553115153102   ,276.624878675134   ,108.522251028232   ,0.00261136488636362,4.78558358473332   ,23.9617606716391   ,18.8841370297908   ,41061              ,feb                ,2002               
18.0052363320095   ,0.592940568547254  ,181.654349540847   ,-2.20409912698183  ,1.33820004976467   ,18.8065078319765   ,44.129142729703    ,93.3256456534152   ,271.081895592234   ,282.360644741129   ,107.179465911266   ,0.0035614706980202 ,3.62457719157968   ,20.9959685825251   ,18.5387654044941   ,41021              ,feb                ,2002               
17.1907390882086   ,0.689833961554909  ,181.91367004147    ,-2.088199410406    ,1.29397530338681   ,16.609916971681    ,47.0093689669941   ,94.9168248300066   ,271.266548443558   ,282.319880652049   ,110.157688563529   ,0.00372789727580137,3.85543337026136   ,21.7403729517657   ,19.284784433537    ,41055              ,feb                ,2002               
14.7130378805947   ,1.07270751455682   ,184.489408374984   ,-1.71541462176955  ,1.32980145311558   ,13.6859370213329   ,46.6599873113426   ,93.5083439290583   ,270.327585569033   ,281.383197328388   ,113.922687274553   ,0.00348084473718183,4.10141682046237   ,23.6422030869381   ,19.2065236332255   ,41065              ,feb                ,2002               
14.6596263931056   ,1.87697746209401   ,219.816680441661   ,-2.31312074541437  ,1.90413118732062   ,18.4045079983114   ,43.8625120071488   ,90.8690604694988   ,271.167047699046   ,281.849297404315   ,155.539600688712   ,0.00355017051845257,4.41429554692537   ,20.9097071991749   ,17.4861278608298   ,41059              ,mar                ,2002               
11.4224596292238   ,2.55079313649492   ,230.855573495624   ,-1.76549281704398  ,1.66392885808708   ,16.5690446961188   ,44.4397788045101   ,91.788949028676    ,268.033587828571   ,278.483220418581   ,159.391482118073   ,0.00305046343916554,4.39877573039215   ,20.9476827569398   ,18.0287215794125   ,41063              ,mar                ,2002               
21.8163330438541   ,0.737558471921421  ,211.469311662934   ,-2.71229261118288  ,2.12722838946219   ,24.3019522452773   ,41.0401934338792   ,90.5302008577465   ,271.521744824567   ,282.966563676584   ,159.542518578677   ,0.0035486249965684 ,4.82936985888628   ,18.8532467696176   ,16.3498539807446   ,41049              ,mar                ,2002               
9.53034122342942   ,2.79883126092245   ,232.012659271124   ,-2.05909844332762  ,1.73009402003245   ,13.0005741417392   ,44.8316364725858   ,93.1222443365282   ,268.394981630387   ,279.059622327287   ,166.047844911771   ,0.00317819481386852,4.5639240531796    ,22.5538316733521   ,18.7321587353292   ,41061              ,mar                ,2002               
23.81556676583     ,0.479522631964556  ,213.636943509273   ,-2.51256508794711  ,2.14951740766918   ,24.9917359174277   ,42.0771232248854   ,91.6958181161877   ,272.21691395359    ,283.679725175796   ,163.743487052858   ,0.00373971478584756,4.83332976609887   ,18.6047643346314   ,16.4170469116973   ,41021              ,mar                ,2002               
25.1148217712845   ,0.431394372851066  ,212.971569049046   ,-2.2756172081648   ,2.11197037972655   ,23.8266795971015   ,44.0501485992616   ,93.3322187757249   ,272.291475521621   ,283.592557885876   ,166.946184270226   ,0.00386754210966407,5.16571312713254   ,19.1222507136427   ,16.8404522315441   ,41055              ,mar                ,2002               
17.0850427614546   ,1.32602634713874   ,222.203923800375   ,-1.90740681008929  ,2.01013612504946   ,19.7673172225067   ,43.7549930348487   ,92.3980104489581   ,271.120375323667   ,282.478795469287   ,165.189651370219   ,0.00358974611680185,4.84861921865659   ,20.5668809956577   ,17.293047290806    ,41065              ,mar                ,2002               
19.8646813752027   ,1.24894262622691   ,227.242345590266   ,-2.37457386402631  ,3.13287849606531   ,27.1660739526023   ,38.4032773481036   ,85.123387433151    ,274.755488537584   ,287.799657509237   ,226.524940669247   ,0.00429690708303475,3.74294837987252   ,18.6090479034462   ,14.5980275869896   ,41059              ,apr                ,2002               
16.6030966907366   ,1.65745786685653   ,241.632126407442   ,-1.25937323327125  ,2.78599118778617   ,24.4681999094615   ,37.2637918104381   ,85.5671495837765   ,271.95303822942    ,284.673857630661   ,218.334603850714   ,0.00376409102717142,3.55889653884795   ,19.3213309848225   ,14.9432671768682   ,41063              ,apr                ,2002               
24.167341474941    ,0.817213224071479  ,212.601698657016   ,-3.11098124084256  ,3.40361167658998   ,32.1472697550922   ,33.6851575500262   ,85.5015686125031   ,275.139879524271   ,288.751836737455   ,232.558127077379   ,0.00422414036215337,4.09043009198981   ,16.815035254793    ,13.9316470801518   ,41049              ,apr                ,2002               
15.7482152466507   ,1.63688315995233   ,246.977272828205   ,-1.67662019994524  ,2.81207086713226   ,21.5615928663102   ,40.1825090228579   ,87.3999041394834   ,271.973437344272   ,284.608596299411   ,231.834364613349   ,0.0039222863159016 ,3.75915803512919   ,20.4040106811837   ,15.5387530720872   ,41061              ,apr                ,2002               
26.3546487530931   ,0.599783794762269  ,221.726494111019   ,-2.94828911932575  ,3.50575805720048   ,33.2458438668257   ,33.4064156261666   ,86.776360546996    ,275.915214351385   ,289.433251170332   ,239.094606991831   ,0.00441523241976973,4.16324098441828   ,16.4875624809714   ,13.9428030632686   ,41021              ,apr                ,2002               
27.5023976313891   ,0.508308023669472  ,221.835615934243   ,-2.5700115674188   ,3.51542142372847   ,32.6765495218496   ,34.5424759479991   ,88.0465803362008   ,275.873913160774   ,289.338043260481   ,243.091542348434   ,0.00451323398215093,4.37537001028628   ,16.6897535422624   ,14.1972079110657   ,41055              ,apr                ,2002               
22.4389867197407   ,0.82110202175416   ,224.217960652975   ,-2.03497106624332  ,3.27382750972445   ,29.1037687558279   ,36.0057740044019   ,89.2986325913839   ,274.433346899073   ,287.953453705379   ,241.192131704643   ,0.00432223486351341,4.00847525767976   ,17.825186187015    ,14.8154346582402   ,41065              ,apr                ,2002               
22.0023500568682   ,1.16542523417431   ,229.495494426067   ,-2.74320665923735  ,4.08878471698676   ,36.2102579286633   ,35.3025472225783   ,80.7752816422936   ,277.597672926771   ,291.327127576867   ,264.999430042178   ,0.00514337856435336,3.64884557358044   ,15.2114343447605   ,12.5345457691689   ,41059              ,may                ,2002               
20.9649822725319   ,1.33858316115642   ,242.705255356322   ,-1.42900254857663  ,3.72219111893587   ,37.7807224441161   ,34.1486389284179   ,74.3102127567199   ,275.370514365208   ,288.614598320484   ,246.488566256419   ,0.00450599773301868,3.41500547483896   ,14.823934711131    ,11.4519174961374   ,41063              ,may                ,2002               
28.6572004153285   ,0.827614432497166  ,218.183533695799   ,-3.50787711382744  ,4.31186288831766   ,41.9296904480793   ,31.3634516764807   ,81.1976067395332   ,278.149309964624   ,292.005582345899   ,268.813608266518   ,0.00502293545087539,3.90021831573838   ,13.8053586758023   ,11.8005769773022   ,41049              ,may                ,2002               
20.5954416286573   ,1.20233713406903   ,248.185993840253   ,-1.95565370664675  ,3.75562256755985   ,35.079254059201    ,35.8975477549053   ,79.4789024308971   ,274.950977718303   ,288.488437394021   ,261.155551245905   ,0.0046528144425882 ,3.63777212645133   ,15.5160036031206   ,12.3196310235893   ,41061              ,may                ,2002               
33.5107746192323   ,0.652344160775128  ,231.848391560544   ,-3.36337256727018  ,4.51329704967244   ,44.1038688003681   ,30.5291958589436   ,81.7880341449449   ,278.995402903247   ,292.848644413498   ,277.203288581392   ,0.00516849342489706,4.04365454788388   ,13.448034232634    ,11.6263601935186   ,41021              ,may                ,2002               
35.2438948068348   ,0.591870615761369  ,229.468008715333   ,-2.8508640109447   ,4.54499764603009   ,43.6489425595134   ,31.049648739531    ,82.8216640383899   ,278.761518307484   ,292.69417878435    ,282.171695954618   ,0.00516439206801408,4.22748870696466   ,13.6140161869414   ,11.821171076202    ,41055              ,may                ,2002               
27.4965913978394   ,0.638436013770712  ,255.275339644348   ,-2.34575147838234  ,4.11722598891391   ,38.791527220966    ,34.0613388816919   ,86.1610363691281   ,276.991706764961   ,291.113053229834   ,275.66218352567    ,0.00502891798255582,3.71600754937872   ,14.6598243603304   ,12.7852045423922   ,41065              ,may                ,2002               
22.962505749206    ,1.47975591449381   ,221.723586909891   ,-2.88274445992362  ,5.25648690935134   ,37.7336281634324   ,32.8772626083155   ,79.5723582200393   ,282.171079351834   ,297.263097272119   ,294.825768906549   ,0.00684786490294476,3.45544627302267   ,15.1950167856995   ,12.0941581575023   ,41059              ,jun                ,2002               
21.5663566009877   ,1.56452074401202   ,231.154725606889   ,-1.70174681465304  ,4.65794164662733   ,38.9733701903225   ,34.1189170103251   ,76.3232852251102   ,279.503143440371   ,294.01096169265    ,283.381089660004   ,0.0061338733360828 ,2.99901834538072   ,14.5693528017242   ,11.8111765654493   ,41063              ,jun                ,2002               
28.1520839754785   ,1.29185487838319   ,218.137147232979   ,-3.49815688686637  ,5.67834541406515   ,41.9170670950392   ,29.403614316228    ,81.4283011042011   ,282.783395427018   ,298.17156139194    ,304.613719461518   ,0.00675177530894084,3.86730994632627   ,14.0949448144873   ,11.651447362259    ,41049              ,jun                ,2002               
21.1341852613811   ,1.39487018821477   ,249.925215799414   ,-2.25506547861138  ,4.78279499267845   ,36.6277128168585   ,34.6220179899239   ,79.3508231419693   ,279.381891927837   ,294.23556756416    ,292.86641974147    ,0.00637982243262883,3.31709121188019   ,15.18632888947     ,12.2694540214931   ,41061              ,jun                ,2002               
31.5574338348926   ,0.91442813269045   ,224.617050377439   ,-3.35019671030647  ,5.96159348456833   ,44.0770028570475   ,28.644679163232    ,82.6621056224629   ,283.638367230535   ,299.037305545925   ,313.549866842958   ,0.00690971577399822,4.11057096814282   ,13.575280816493    ,11.4242736610486   ,41021              ,jun                ,2002               
35.3926634008933   ,0.69806144347516   ,224.256041845778   ,-2.82089388556415  ,6.07017453993738   ,45.2951258257816   ,29.1844439521403   ,83.0303641518189   ,283.876167196233   ,298.821676174707   ,320.090924650047   ,0.00692945704396023,4.35699817010766   ,13.3558078635738   ,11.3753928841206   ,41055              ,jun                ,2002               
31.7405268766275   ,0.693660924035264  ,227.952292621835   ,-2.56781066209078  ,5.52772776529413   ,42.917756073662    ,31.8124479221205   ,85.8225935195709   ,281.750220979751   ,297.432488315348   ,312.705967674166   ,0.00679402388994117,3.81988534511479   ,13.8854130645269   ,12.0053054678783   ,41065              ,jun                ,2002               
42.2866550266235   ,0.172903075356246  ,236.439812553562   ,-2.79211417130091  ,6.49791705669488   ,56.9551639674031   ,24.2006224401739   ,69.2037453701343   ,285.285840690301   ,303.704864492174   ,314.236162709263   ,0.0071046030551331 ,3.24367513171923   ,11.6453818754874   ,8.8223983529184    ,41059              ,jul                ,2002               
38.5105999462179   ,0.344796119267367  ,207.639378022638   ,-1.86829048806888  ,6.07413025532139   ,59.8414154792784   ,22.2337911950259   ,58.0518569277233   ,283.873243605986   ,301.712094792926   ,312.74819233346    ,0.006236353818925  ,2.76888907668003   ,10.9752131995783   ,7.7837308641887    ,41063              ,jul                ,2002               
47.6738969224916   ,0.0877488295827957 ,239.324819176845   ,-3.24921960855654  ,6.92042022908263   ,59.1912417109805   ,23.1971050630327   ,71.8235716884995   ,285.873541395319   ,304.144958820804   ,321.967013437187   ,0.0071725102024396 ,3.76379546549771   ,11.0657951733567   ,8.8453504868686    ,41049              ,jul                ,2002               
38.9604316942053   ,0.294378051900333  ,247.530658132447   ,-2.42413878470291  ,6.14315211287726   ,56.5390744459577   ,23.9637872215098   ,66.1739907237744   ,283.047247807887   ,301.494739158445   ,313.167306857639   ,0.00673415411630151,3.11280070505309   ,11.557920747466    ,8.60594954403308   ,41061              ,jul                ,2002               
49.6567455740327   ,0.110583540482601  ,244.542411044671   ,-3.14925324370279  ,7.20859055579716   ,59.0663880431576   ,23.1910878269631   ,75.689685237595    ,286.52855697469    ,304.809687403898   ,326.964738845139   ,0.00751219538451675,4.10759872521896   ,10.9098145678427   ,9.27839913978924   ,41021              ,jul                ,2002               
50.4260793276619   ,0.0933906578245736 ,239.057755023943   ,-2.60590305570041  ,7.29672520737719   ,57.8957842855808   ,23.5809797522842   ,78.1931990429357   ,286.474731286996   ,304.567919659358   ,331.681485483903   ,0.00762887917456551,4.36618892405758   ,11.1074558884844   ,9.60256616881694   ,41055              ,jul                ,2002               
42.4749575738432   ,0.15117594531431   ,248.859107150097   ,-2.48652488151196  ,6.62462489579314   ,52.2595510787557   ,26.4318191605194   ,82.5512802526461   ,284.344452931187   ,303.348559320417   ,329.606136625786   ,0.00782456764023737,3.61406540829433   ,12.2532705088577   ,10.7452056270066   ,41065              ,jul                ,2002               
47.1599078222129   ,0.231898465480805  ,264.321828660697   ,-2.8976746847078   ,5.36239993396515   ,63.6698286371897   ,22.040264085887    ,71.8766457741649   ,282.569668126651   ,300.157685975594   ,272.716788434748   ,0.00582531046038899,3.17874253011048   ,9.64488764714288   ,9.25156151242451   ,41059              ,aug                ,2002               
41.2488247013821   ,0.827607547900348  ,254.670222167848   ,-2.05675194497027  ,5.08223890639067   ,63.8526346863674   ,20.0923219591937   ,60.2932167156485   ,280.972001330244   ,297.749783701588   ,269.773267798033   ,0.00484893823616526,2.98365222471591   ,9.38768371359479   ,8.53845822435993   ,41063              ,aug                ,2002               
51.8770534970373   ,0.0707569758336519 ,255.459091927353   ,-3.23216710415186  ,5.65104549975235   ,64.729485226209    ,22.2081090812042   ,74.1254671825144   ,283.526481200626   ,300.800204197955   ,278.341140995757   ,0.00617049546176818,3.52246042695466   ,9.47500406828025   ,9.34633269265302   ,41049              ,aug                ,2002               
40.3502361017156   ,0.600226503249209  ,275.208314630261   ,-2.58519541344034  ,4.99018434545805   ,59.0970556057862   ,21.9811519846504   ,70.8343640010322   ,279.916053423773   ,297.346420289301   ,272.789793680389   ,0.00529036661398596,3.15531276929716   ,10.2165592686582   ,9.7098738825117    ,41061              ,aug                ,2002               
52.8907075487207   ,0.0832300892045349 ,257.756512504314   ,-3.069904882964    ,5.88966011449235   ,63.1453358357095   ,22.0401351544794   ,76.5941729355179   ,284.309634180203   ,301.87904784439    ,280.360466285209   ,0.00646463930753146,3.75136135166705   ,9.81854599827927   ,9.6878252466858    ,41021              ,aug                ,2002               
53.7159546982273   ,0.0423038263846146 ,255.554533542361   ,-2.58341389766678  ,5.95875383887375   ,61.218742252588    ,22.9083753630612   ,80.3277188228945   ,284.171125356217   ,302.091071502507   ,281.493376809052   ,0.00673933906371392,3.97229071746028   ,10.1464729797523   ,10.2199679546324   ,41055              ,aug                ,2002               
46.0536666426174   ,0.0698360645356004 ,267.158460650527   ,-2.49763473838556  ,5.45732441066987   ,56.8136185319704   ,25.073908207999    ,81.7203142091702   ,282.463716870242   ,300.764256132071   ,282.863661933782   ,0.00671336366561105,3.3993842495152    ,10.9882351112452   ,10.7940519018114   ,41065              ,aug                ,2002               
38.4745598812363   ,0.413696654970094  ,233.774637808476   ,-2.96759006942295  ,3.59072581378303   ,54.7192203176469   ,24.6969394321736   ,76.8088191597667   ,279.076894036771   ,295.567207083797   ,194.245107373707   ,0.00485401290112173,3.16989293804692   ,10.9510935823386   ,11.484884530898    ,41059              ,sep                ,2002               
35.2808549414165   ,0.715693067402594  ,240.340923888376   ,-1.99695167500126  ,3.5178976790402    ,58.4574950413826   ,21.1202430450277   ,64.3315460001672   ,277.851611391259   ,293.856141310472   ,192.686904355918   ,0.00399248766395891,2.8863532225152    ,10.2967455465199   ,9.60458940298129   ,41063              ,sep                ,2002               
42.8109902934709   ,0.199698171028331  ,215.778287640812   ,-3.27182448752888  ,3.77815774552797   ,55.356059179589    ,25.1552383465293   ,78.0729843046445   ,279.80469370604    ,296.271712636365   ,199.959509720395   ,0.00508228355856534,3.42361659447664   ,10.8994177822459   ,11.5570108617163   ,41049              ,sep                ,2002               
36.6682483628441   ,0.684362885360932  ,250.247829354158   ,-2.55453445121585  ,3.45017200672087   ,53.3044544962502   ,23.1247256785656   ,74.4266316165846   ,276.89570654975    ,293.352803701393   ,195.070989354138   ,0.00433902465151968,3.12850095591427   ,11.3692710784237   ,11.261365453775    ,41061              ,sep                ,2002               
42.6365416578339   ,0.114739783903378  ,221.331540323279   ,-3.08843554632076  ,3.91928931495366   ,53.7729158817466   ,25.4050862135054   ,80.5306625146405   ,280.819562677055   ,297.479858937317   ,201.497589970226   ,0.00547731768959023,3.51706565098913   ,11.2524440689158   ,11.8686395835108   ,41021              ,sep                ,2002               
43.4211705602371   ,0.0908117518870098 ,216.764330171562   ,-2.65407495308108  ,4.01863704177371   ,52.1651689884491   ,26.2509844574547   ,82.3663253609432   ,280.925648046423   ,297.773289918063   ,203.444881502415   ,0.00570944226208482,3.72657607160581   ,11.6095144935519   ,12.2217103409721   ,41055              ,sep                ,2002               
37.6142637738479   ,0.240700581679938  ,220.85604164898    ,-2.5571887426443   ,3.72412290544869   ,48.980171294016    ,27.7124229328523   ,83.6667136585796   ,279.394327236315   ,296.537360223801   ,205.448587485182   ,0.00559861826935274,3.31293846506802   ,12.2024680524439   ,12.7006971691964   ,41065              ,sep                ,2002               
29.6058097107058   ,0.460887899735876  ,190.983269367896   ,-3.05126335674169  ,1.89337394572118   ,41.0601417446361   ,31.0542574321528   ,83.5790760481976   ,272.637779828295   ,287.192841337318   ,140.187551280113   ,0.0037993770923873 ,2.87204397303748   ,13.8110625623154   ,14.5179404565041   ,41059              ,oct                ,2002               
33.4686892352344   ,0.477817957681227  ,214.195087937033   ,-2.13193476331227  ,1.86596131360903   ,49.8213861504393   ,28.9855733048746   ,74.3162040003745   ,271.004832742985   ,285.52795077134    ,142.557537396068   ,0.00315927748935538,2.69158585023025   ,11.875939277314    ,12.3519370045211   ,41063              ,oct                ,2002               
32.4175768425637   ,0.341119838371326  ,162.490805934458   ,-3.28229936099177  ,2.05913148051811   ,41.7827027240651   ,29.7741399774518   ,84.3000411138485   ,273.16713691406    ,288.032663189102   ,145.890207941036   ,0.00393345998110064,3.16374773634203   ,13.7288164131304   ,14.4799327729743   ,41049              ,oct                ,2002               
30.8072956285098   ,0.442549825789743  ,233.295917887974   ,-2.62616945039098  ,1.84736394186103   ,42.6788961190239   ,31.2647601027737   ,80.6144040949741   ,270.549697327244   ,285.052228691074   ,144.136732021835   ,0.00338450245636548,3.04328346333149   ,13.4797306186504   ,13.9384300067101   ,41061              ,oct                ,2002               
31.5864726496102   ,0.314440773274045  ,166.889626749915   ,-3.11359090211223  ,2.14427135870288   ,40.1391520251443   ,29.5974076123872   ,86.4377572018117   ,273.901695587235   ,289.216013295285   ,149.728663092852   ,0.00424032949520643,3.28102594319186   ,14.1044402169386   ,14.933922151908    ,41021              ,oct                ,2002               
32.2484600322806   ,0.263223454838897  ,162.242372977297   ,-2.71563480727621  ,2.19607636078397   ,38.4605446984421   ,30.4990435684656   ,88.4109590473186   ,273.955170334026   ,289.358507583466   ,152.944692517065   ,0.00444049640337557,3.58937858398445   ,14.5293117571588   ,15.4042257364011   ,41055              ,oct                ,2002               
32.1847234446388   ,0.246733858729294  ,182.476217954098   ,-2.6260867430521   ,2.11097744515322   ,37.6274720299593   ,31.4689702429048   ,87.6641403687019   ,273.266790496576   ,288.455816477598   ,155.535670497093   ,0.00432393378677831,3.52995903557051   ,14.8952808263956   ,15.3823465005878   ,41065              ,oct                ,2002               
17.1216732711356   ,0.835423615098331  ,189.949662144594   ,-3.41418599207407  ,1.12895688275842   ,26.0490925777564   ,43.7697105928762   ,88.4850862959889   ,273.052678997048   ,282.985196828947   ,76.0993457962609   ,0.00392205740145133,3.26667246295357   ,17.2247535122415   ,17.4943936498486   ,41059              ,nov                ,2002               
21.7355418761693   ,0.98310034020298   ,212.859658700047   ,-2.56069846086569  ,1.24468092665267   ,33.3574899992743   ,40.3565903144005   ,78.9135318109206   ,271.605663545871   ,281.412135106867   ,77.2559000440966   ,0.00329282882346311,3.53970358244606   ,15.2652388982284   ,15.1115096477362   ,41063              ,nov                ,2002               
20.2892283498591   ,0.386601150947595  ,172.877342155524   ,-3.68821945646046  ,1.11078051010612   ,29.9163860109672   ,41.8523622258171   ,89.6080813123294   ,273.019757607345   ,283.542800280186   ,79.5703427597698   ,0.00395364909609889,3.14514408808      ,16.0467512066244   ,17.0746506154225   ,41049              ,nov                ,2002               
18.9603777596379   ,0.974078353498852  ,202.778860801061   ,-3.13256202244464  ,1.31534209675995   ,28.9543106136793   ,39.3371677057243   ,81.8558761918496   ,271.380415957102   ,281.456348964864   ,77.7003471743423   ,0.00332425736425993,3.90547384141404   ,16.5242740704101   ,16.013656708164    ,41061              ,nov                ,2002               
20.1500522968347   ,0.41400701745876   ,167.579369057096   ,-3.51405218084801  ,1.07293182989996   ,28.8052197182193   ,42.3941101819905   ,91.3431179457881   ,273.002514491501   ,283.723235456237   ,80.4686505493769   ,0.00399723854489351,3.10030034978815   ,16.3501839105377   ,17.4734120167469   ,41021              ,nov                ,2002               
19.3819495408435   ,0.608793399191768  ,165.537181421841   ,-3.09565267623284  ,1.02359108851958   ,26.6145986723389   ,44.1311286626968   ,92.4325484247933   ,272.547753858659   ,283.412268810012   ,80.7543983758774   ,0.00400221837455539,3.30266912857227   ,17.0013193008728   ,18.0949971931487   ,41055              ,nov                ,2002               
17.7349094223101   ,0.895157954872969  ,179.779785093931   ,-3.18781714191155  ,1.16589362108161   ,26.5076245515735   ,42.9559283952335   ,88.8142629712334   ,272.908726341408   ,283.288917618568   ,82.1915427757032   ,0.00387844048289306,3.62700558459935   ,17.136806335427    ,17.3951022481214   ,41065              ,nov                ,2002               
8.29572568625031   ,2.63851550262278   ,184.037695510958   ,-3.95666429479391  ,0.599900593700517  ,11.2883076161928   ,61.4172738382622   ,96.3331098118628   ,271.807386377263   ,278.502907974883   ,50.2325208952359   ,0.00395545431711633,3.87555256528044   ,21.6932302396029   ,22.0855088262895   ,41059              ,dec                ,2002               
9.8099974176688    ,3.07103542623475   ,197.810396106767   ,-3.1710077040679   ,0.616350336354074  ,15.3932753805178   ,58.2308158073114   ,94.8177630402269   ,268.925362693235   ,276.098825603209   ,54.2507955813463   ,0.00332172551598169,4.36302720049183   ,19.8641474217524   ,21.2111830829185   ,41063              ,dec                ,2002               
7.95429764126426   ,1.9420567947782    ,173.350581417346   ,-4.15391015694404  ,0.578185757159225  ,11.6462702448065   ,62.2148843928365   ,97.1790681073387   ,272.408876365142   ,278.861774294123   ,51.1412120198288   ,0.00409324835775823,3.56477354403722   ,21.1612470543613   ,22.211062544345    ,41049              ,dec                ,2002               
8.21054519739661   ,3.48454326349786   ,189.518815203287   ,-3.80256443421046  ,0.579696018082002  ,11.5104050059483   ,61.016766763224    ,96.7854778088856   ,268.879825797375   ,275.944452071327   ,54.1943827755461   ,0.00347004242060292,5.03124909146823   ,21.3520637768482   ,22.323184796243    ,41061              ,dec                ,2002               
7.60868493275904   ,2.00221471291923   ,171.239898327233   ,-3.95101496167342  ,0.511120315045211  ,9.96486486052832   ,65.8280390362462   ,97.3291898337439   ,272.930048227606   ,278.417451197212   ,50.0213140803199   ,0.00413307792292458,3.32155667025287   ,21.7692423899673   ,22.6540286952826   ,41021              ,dec                ,2002               
7.4283849022658    ,2.36962888190853   ,166.292211293895   ,-3.49160491409358  ,0.466805063519576  ,8.10341083318012   ,69.489647758588    ,98.2089968601398   ,272.935130164312   ,277.97979489451    ,48.6116404631914   ,0.00417037706547117,3.5363030387528    ,22.5732321287456   ,23.3096470563268   ,41055              ,dec                ,2002               
6.1472934794008    ,3.45714217665426   ,178.262191522631   ,-3.71271175660176  ,0.499749093615648  ,7.82545170468559   ,68.3795151299252   ,97.6927975184063   ,272.000081331598   ,277.243018344028   ,49.7571248488734   ,0.00396325874675851,4.17041394370141   ,23.1803130796739   ,23.6425385606317   ,41065              ,dec                ,2002               
