bi,pr,th,pdsi,pet,erc,rmin,rmax,tmmn,tmmx,srad,sph,vs,fm1000,fm100,countyfips,month,year
12.5094696440014   ,1.03126006156423   ,192.770766269049   ,0.0534152922448733 ,0.843665653857614  ,14.0684368999723   ,56.365251709523    ,91.0651182888971   ,271.730191963194   ,278.817097798139   ,57.19806501708     ,0.0035773477917173 ,3.49226132274642   ,21.888695107798    ,19.6402180677193   ,41059              ,jan                ,1992               
14.3733254732961   ,1.04174696893498   ,208.120338167741   ,-0.732058468824014 ,0.877333113182476  ,16.494097078052    ,48.5288361003053   ,90.9090182306318   ,268.3346424632     ,276.78796994592    ,62.5304382722426   ,0.00298201003849612,3.962454629575     ,20.8116466574171   ,19.3289254757773   ,41063              ,jan                ,1992               
14.3112954692597   ,0.526234754016272  ,189.592460179113   ,-1.2402661637603   ,0.830466800393073  ,15.0063492445965   ,57.9075674245616   ,92.4570444701713   ,272.05729378673    ,279.456827847584   ,56.9788216400984   ,0.00370426453180719,3.36990549983487   ,21.4510652197915   ,19.7920425365028   ,41049              ,jan                ,1992               
13.7899643659257   ,1.27699136838216   ,196.285981923669   ,0.219909607671171  ,0.923169489968932  ,15.3483763951821   ,49.6645907243663   ,90.1797214734417   ,268.723877614278   ,276.493460391708   ,63.2458326283511   ,0.00302059701183972,4.4762897204992    ,21.2872267650542   ,19.2802735728222   ,41061              ,jan                ,1992               
13.375246313201    ,0.487546563927597  ,186.296056019858   ,-1.73543143082212  ,0.764412103261696  ,13.720400079161    ,59.4524231842202   ,93.2334061005173   ,272.701563394045   ,279.631811538808   ,58.9415565204357   ,0.00384941463388185,3.1764493264559    ,21.8774776082485   ,20.1449064324408   ,41021              ,jan                ,1992               
13.1645223594688   ,0.578049447857598  ,185.21130266893    ,-2.22784818296428  ,0.779541550998619  ,13.3935214354393   ,59.5403892079562   ,93.1104155811942   ,273.105156734965   ,279.61763432835    ,60.8687904388854   ,0.00387997111037494,3.42802723050905   ,22.021915439569    ,20.021610519882    ,41055              ,jan                ,1992               
9.87807443738236   ,1.16674103640248   ,188.661737127782   ,-2.00955730865376  ,0.771627122164165  ,9.8884472144159    ,57.9501028392931   ,95.0470534480329   ,272.308582388805   ,279.180835511902   ,63.543364353669    ,0.00387569408569414,3.97062175966706   ,23.5465496991736   ,21.0009399989609   ,41065              ,jan                ,1992               
10.6872194087696   ,1.46663534620648   ,156.946933074372   ,-0.722820065935373 ,1.07147647406952   ,16.5198437499854   ,53.0335352274192   ,92.6928857448762   ,273.010864947129   ,282.289025854365   ,100.046378414024   ,0.00428620999288504,2.80318402341772   ,20.6461614050049   ,18.9003157652315   ,41059              ,feb                ,1992               
14.12002785981     ,1.59849014985733   ,185.354847477315   ,-1.4253727042698   ,1.20013691694825   ,20.7189727241674   ,43.8685927915645   ,89.3749094067754   ,270.890224831207   ,280.94760858572    ,109.482325669292   ,0.00363365005814358,3.1647380709529    ,19.73697939661     ,17.7367735669746   ,41063              ,feb                ,1992               
10.8283594238642   ,1.01276718619473   ,146.801739510843   ,-1.69460070059093  ,1.03828391224904   ,17.1126798696275   ,54.2990609142614   ,94.0000939611722   ,273.467241181664   ,282.746922654899   ,101.372128728262   ,0.0044716393999592 ,2.60589447720067   ,20.206180119033    ,19.0203995068927   ,41049              ,feb                ,1992               
12.8579440616405   ,1.88374929026663   ,174.766601552093   ,-0.889609035389659 ,1.22092855273889   ,17.36874735163     ,46.3570238577626   ,91.569435076907    ,270.896705807748   ,281.100272859173   ,108.219927712597   ,0.00381176843973348,3.63834455157819   ,20.7537778260636   ,18.734720097858    ,41061              ,feb                ,1992               
9.44224972215524   ,1.03708456337761   ,143.500663237817   ,-2.03606772385861  ,1.0253664861219    ,15.5230872115744   ,56.166737067212    ,94.9612931111235   ,274.048139184191   ,283.050102280481   ,103.492873155368   ,0.00463251567873087,2.60739986113393   ,20.5901841263915   ,19.4146649686187   ,41021              ,feb                ,1992               
8.59975451397602   ,1.26835753699281   ,139.817388466028   ,-2.46721565421329  ,1.04373296839477   ,13.9527496705776   ,58.2981073463969   ,94.6272080524225   ,274.379812121093   ,282.987755886196   ,105.601986104683   ,0.00469647895239578,2.87759754940581   ,21.0864062468609   ,19.7414437406941   ,41055              ,feb                ,1992               
7.32343552168366   ,2.21970201879392   ,148.983252447524   ,-2.31136149607987  ,1.04048868265379   ,10.8008161348572   ,58.1653900252872   ,94.966669940091    ,273.659003404788   ,282.203716847169   ,107.164175057387   ,0.00459519137161901,3.23524697834537   ,22.9473591899618   ,20.5062920224297   ,41065              ,feb                ,1992               
14.9513044137302   ,0.683435211362008  ,180.836131429374   ,-1.14032512904961  ,2.10102067401689   ,22.4441284022507   ,39.7470435506384   ,89.2110820557159   ,273.993231242244   ,286.794683836587   ,180.702750521372   ,0.0043162537341486 ,2.29191272907457   ,20.1015591835319   ,16.1401345627452   ,41059              ,mar                ,1992               
15.7083377318745   ,0.67528795750344   ,186.518632558003   ,-1.81674991589743  ,2.1581450346164    ,26.0814734793882   ,34.335530607958    ,86.9919853621349   ,271.97742437117    ,285.307261148802   ,187.990481303288   ,0.00382017071068071,2.31710624621713   ,18.7537459785019   ,15.1209813039889   ,41063              ,mar                ,1992               
17.2334355958594   ,0.51540348427161   ,150.349970389052   ,-1.73681352962374  ,2.16676558243113   ,23.9079843544211   ,39.13638067777     ,90.5581626595728   ,274.304864787749   ,287.199568431656   ,184.857611800021   ,0.00441933128334702,2.41867695921701   ,19.553233377073    ,16.2841656315147   ,41049              ,mar                ,1992               
14.7101005379901   ,0.878333759430109  ,200.572327250934   ,-1.44377336922742  ,2.1416977581205    ,22.5029007089608   ,36.1502041927233   ,88.787322977082    ,271.612575373921   ,284.985367119051   ,186.287969157023   ,0.00386814208865746,2.63004072617127   ,20.0839480765072   ,15.8335772169106   ,41061              ,mar                ,1992               
17.949143275446    ,0.454785557850858  ,148.699794813698   ,-1.93851117197023  ,2.20458070667031   ,23.1812197818704   ,41.546723556084    ,91.5486507230503   ,275.058614961162   ,287.519230796959   ,192.712239025851   ,0.0046873865941713 ,2.52327299053713   ,19.8563634371755   ,16.6562308316494   ,41021              ,mar                ,1992               
17.3586232089943   ,0.486338077803487  ,142.033548982497   ,-2.24978400822039  ,2.31854376931097   ,21.8028748119986   ,43.1658042736086   ,91.8838917081524   ,275.387976447269   ,287.706029829001   ,203.137069854708   ,0.00482022515039556,2.74563239533099   ,20.3065533593924   ,16.8201051076793   ,41055              ,mar                ,1992               
15.6200513861789   ,0.575004407989368  ,162.406946309008   ,-2.19685800698902  ,2.29060126343691   ,19.7690818423075   ,41.8061541347129   ,92.6255124702571   ,274.464934685453   ,287.353135479331   ,201.427596509793   ,0.00471436473117038,2.64475564092915   ,21.3235392110474   ,16.9521065787343   ,41065              ,mar                ,1992               
18.7598872989435   ,1.98724415415927   ,219.35881878407    ,-1.65983839662001  ,3.08878212859957   ,28.3742648466928   ,39.7394110025949   ,85.9870307267633   ,276.671009705398   ,288.698532914589   ,210.059837842777   ,0.00501824637275409,3.77176606580451   ,17.409748278601    ,14.7625792899142   ,41059              ,apr                ,1992               
12.309287278259    ,2.08952587114295   ,227.462218630938   ,-2.15395771442871  ,3.02914852792428   ,26.368019577451    ,35.4167759405149   ,86.3379331069671   ,273.958517229307   ,286.649194390179   ,210.612108238371   ,0.00429546328410474,3.72096188183362   ,17.4904361326933   ,14.9350262247321   ,41063              ,apr                ,1992               
22.665705811045    ,1.53816237635585   ,211.28531403759    ,-1.88474146202597  ,3.18537316274477   ,30.2921232164842   ,37.3751904627415   ,87.10605973515     ,277.032850829386   ,289.265968968523   ,212.539974289872   ,0.00509107707096361,3.88944863347275   ,17.0559222350778   ,14.5199114179944   ,41049              ,apr                ,1992               
13.8581907054799   ,2.30243969951024   ,233.595758673674   ,-1.93710938361387  ,3.01078876717591   ,24.9284044572846   ,37.802205814393    ,86.4550114938555   ,273.930143172653   ,286.138768238962   ,217.810955003966   ,0.00433326247575551,3.95772087386606   ,18.1402551544252   ,15.3070575070872   ,41061              ,apr                ,1992               
21.2897677397317   ,1.62582235222375   ,224.783113062847   ,-1.93946123049309  ,3.20945365634993   ,28.6499428317154   ,38.1407474700994   ,87.6263010202287   ,277.737093063033   ,289.674870982873   ,214.085604782766   ,0.00527174281606409,3.94286113215571   ,17.47255628561     ,14.8157014621087   ,41021              ,apr                ,1992               
19.2409565407667   ,1.80522963149331   ,226.847881882535   ,-2.15100935060843  ,3.19671047400778   ,26.6082144398903   ,39.7268025928073   ,88.4376663743404   ,278.087466686464   ,289.587196947957   ,214.29774829054    ,0.00541091231782657,4.11464172824782   ,17.973219775317    ,15.2780319361659   ,41055              ,apr                ,1992               
14.1715517547893   ,2.2540483350312    ,218.357235914325   ,-2.17354632859649  ,2.8443187772533    ,21.3509916962591   ,43.3597487098409   ,92.1644078212462   ,276.575135280369   ,288.118288040458   ,205.557489489398   ,0.00531654276316313,3.72938281734414   ,19.569173893784    ,16.7623062455015   ,41065              ,apr                ,1992               
30.6458412209499   ,0.391763583237902  ,197.07958809975    ,-2.24682995219762  ,5.23510942359023   ,45.1814850439146   ,27.6396327465422   ,72.4246103803818   ,279.672870098946   ,296.188874821458   ,310.66436642975    ,0.00519705045693185,3.36828248858248   ,13.9199011181695   ,10.4940088856707   ,41059              ,may                ,1992               
31.5552875049197   ,0.764485367346692  ,215.978823094306   ,-2.74298859681144  ,4.83484543526842   ,47.9927507912954   ,24.9320979317343   ,67.98483293341     ,277.324558480932   ,293.852625515777   ,299.837797645519   ,0.0044983376903682 ,3.04868926545204   ,13.31948061119     ,9.81847044170078   ,41063              ,may                ,1992               
33.6197179961575   ,0.290549803655447  ,184.668127142708   ,-2.18204167115959  ,5.39189637723031   ,44.231032043026    ,27.246488408812    ,80.8188712951642   ,279.73609877285    ,296.824510034124   ,314.936595796915   ,0.00550878823464593,3.73734722179127   ,14.0613214634214   ,11.3420884270379   ,41049              ,may                ,1992               
29.1809263313737   ,0.618274856296159  ,215.546289568961   ,-2.53518602018984  ,4.91381378119707   ,44.8791425098418   ,26.5338576659792   ,70.5373317999557   ,277.141951543579   ,293.750422972904   ,312.755324718213   ,0.00469256548087841,3.26306130825785   ,13.9645689469037   ,10.2999464781338   ,41061              ,may                ,1992               
34.5897860069378   ,0.188419652401164  ,190.71194922509    ,-2.04254681233875  ,5.6325608298338    ,43.5937070180964   ,27.0283908010287   ,81.5183098886007   ,280.290995661768   ,297.681886827821   ,324.649299706668   ,0.00561874636563897,3.91119832089943   ,14.3460808226868   ,11.3785901320954   ,41021              ,may                ,1992               
35.3685131378418   ,0.141021131187357  ,186.586407477417   ,-2.08936261573033  ,5.7764855910418    ,42.7938732130306   ,28.5710748295765   ,80.6686577972343   ,280.723775023493   ,297.584520623136   ,334.406460347344   ,0.00578069476753514,4.12399296520161   ,14.632622828193    ,11.4399799249056   ,41055              ,may                ,1992               
30.1562136401123   ,0.291966016065878  ,198.49939720028    ,-2.07379964496521  ,5.46272909644851   ,39.1650070493692   ,30.0517205674986   ,80.8607612154934   ,279.639823144267   ,296.750124640407   ,330.681407489887   ,0.00578073006313364,3.62261707331957   ,15.5753579769325   ,11.8313561022591   ,41065              ,may                ,1992               
29.4042161715334   ,1.37563505973379   ,251.911572703256   ,-3.15266430430591  ,5.62757027334067   ,49.1878600587908   ,27.8437331100173   ,72.1554037900424   ,283.643518534612   ,299.218643372054   ,303.155795314612   ,0.00669494565078016,3.11184508171566   ,12.3687407517275   ,10.4928517054775   ,41059              ,jun                ,1992               
22.5223020097193   ,2.31922283354443   ,231.073031091876   ,-3.52959785796268  ,4.92302760138309   ,45.0015783831234   ,27.3641125694021   ,71.5871251298553   ,281.211091662676   ,296.070226988537   ,279.785137829191   ,0.00606104316305758,2.72765893693362   ,12.9298046764516   ,11.0610266848322   ,41063              ,jun                ,1992               
31.6148926625056   ,1.08152482172191   ,255.589566542445   ,-2.99650485478147  ,6.06883979452218   ,49.1533754708255   ,26.5164398972277   ,76.1480251129177   ,284.014462039275   ,300.028259919118   ,318.473333982564   ,0.00691182464016821,3.66032791101288   ,12.3997014140167   ,10.5623485196531   ,41049              ,jun                ,1992               
24.002987206354    ,2.27090624735066   ,268.151555620647   ,-3.3547092765447   ,5.06846022487177   ,44.2568960498292   ,27.917197351181    ,72.6870510911353   ,280.887343983591   ,295.888708263758   ,291.945594613974   ,0.00610851737521129,3.00451011983946   ,13.2161093377086   ,11.316737278695    ,41061              ,jun                ,1992               
36.540654398801    ,0.694195094695396  ,266.96243183472    ,-2.82205343187372  ,6.48822956286103   ,51.6377110222458   ,25.3687380694398   ,78.8229150240306   ,284.682091810564   ,301.042078149127   ,329.906615569009   ,0.00705790495500834,4.07176761462491   ,11.8902670463813   ,10.3434638762858   ,41021              ,jun                ,1992               
41.5539850850849   ,0.391165176832769  ,265.488906439422   ,-2.82530106624432  ,6.69561657043461   ,53.8895711047375   ,25.6128064321031   ,80.2265585674412   ,285.036246497915   ,301.103254182157   ,339.581923491123   ,0.00721536972630337,4.36689961474774   ,11.5104247902801   ,10.0899461313995   ,41055              ,jun                ,1992               
36.3374807547267   ,0.602131374307677  ,265.386121753765   ,-2.76188468997943  ,5.99643837012518   ,49.0962892775398   ,29.4508178474186   ,83.5559133960928   ,282.902809144252   ,299.246022747428   ,329.822207971794   ,0.00730386523580723,3.8771401649218    ,12.3918531985457   ,11.0837223165241   ,41065              ,jun                ,1992               
25.7321696827008   ,1.2841088607242    ,233.751429862922   ,-2.96560442388452  ,5.55202356576792   ,43.673287002125    ,27.270316473008    ,78.3557979074      ,284.489786018905   ,300.272362910945   ,293.674552072396   ,0.00699179899178766,3.04000156969182   ,13.521758598335    ,11.7937583313669   ,41059              ,jul                ,1992               
16.5252813370506   ,1.82793138288474   ,247.745294696951   ,-2.89326981745122  ,5.06600267872863   ,33.4254399031676   ,28.5521473424203   ,79.6640421017389   ,281.714383692175   ,297.371625965238   ,294.2456715399     ,0.00656878569341905,2.60535957166594   ,16.2160556043698   ,12.9097724852593   ,41063              ,jul                ,1992               
26.684739186682    ,0.935660586372619  ,235.378836860736   ,-2.53872565230774  ,5.81435258120545   ,42.610928221543    ,27.7992071308129   ,81.2052841408795   ,284.942904939605   ,301.132493594916   ,304.017070403032   ,0.00740562171021798,3.40277075670877   ,13.6966832111744   ,12.2018741706883   ,41049              ,jul                ,1992               
19.758932363257    ,1.47737963005087   ,262.239287588908   ,-2.96705312267743  ,5.10538764533556   ,35.3255420533655   ,28.2896383186395   ,80.8314758329646   ,281.480958410679   ,297.151041573084   ,294.754993301993   ,0.00655620261171498,2.87974211229171   ,15.8310181403151   ,12.8030643072702   ,41061              ,jul                ,1992               
30.0976283680954   ,0.795444634095386  ,247.341383360668   ,-2.41245873665721  ,6.21960484218163   ,44.549147682748    ,27.1861570461546   ,82.099988485186    ,285.969769147678   ,302.606373876701   ,310.775975195449   ,0.00774947771297068,3.71370618303183   ,13.291277248034    ,12.0880088632034   ,41021              ,jul                ,1992               
32.1633550058651   ,0.66855977302485   ,248.487577119833   ,-2.59951842458625  ,6.36162206929172   ,46.0158982781549   ,27.7591622667793   ,82.6067347293574   ,286.315407393721   ,302.747204766006   ,315.66593503925    ,0.00796833229823949,3.96284344435368   ,12.8180887544859   ,11.9603855537482   ,41055              ,jul                ,1992               
28.5933449702024   ,0.553682289157642  ,258.435119148887   ,-2.64071424876245  ,5.81023820621357   ,41.2946878138212   ,31.7061599765436   ,85.5469657683679   ,284.594941514194   ,301.148006466459   ,316.189309895581   ,0.00829629128639105,3.40268211411716   ,14.1030022852564   ,12.8096340801924   ,41065              ,jul                ,1992               
46.0083857036907   ,0.690627373309312  ,223.563075705513   ,-2.37187632970989  ,5.53711306829785   ,61.887407134573    ,18.9942739213081   ,63.9094652386971   ,284.166859024331   ,301.439464926847   ,269.146950248061   ,0.0056102810056067 ,3.14098941936016   ,10.6996684382293   ,8.40103937007759   ,41059              ,aug                ,1992               
38.4874385483246   ,0.832434204964821  ,235.061950052232   ,-2.48033240830009  ,5.18251211881745   ,59.18324799315     ,17.0113600205547   ,59.7245962076039   ,282.145621358474   ,299.806296233477   ,269.318881273861   ,0.00490633182207863,2.70996278547256   ,11.2830348847118   ,8.07112401918824   ,41063              ,aug                ,1992               
47.4138753356947   ,0.332099025990085  ,213.731014021258   ,-1.72870663931857  ,5.74579385595937   ,59.9810395953503   ,20.1316942968112   ,69.2754540371746   ,284.573100620419   ,302.186974770112   ,273.327603930135   ,0.0062596068317213 ,3.47550659851838   ,11.022553262709    ,8.95506989893489   ,41049              ,aug                ,1992               
42.8588159050172   ,0.652603048208414  ,244.162330212733   ,-2.73571290449841  ,5.26717822576414   ,59.713447955157    ,17.7477485431898   ,63.8983828957458   ,281.668203553048   ,299.172948703439   ,272.503556240967   ,0.00509043561902204,3.03598699586318   ,11.1991033576485   ,8.43315776589856   ,41061              ,aug                ,1992               
49.152752183023    ,0.287388819352816  ,218.258645695939   ,-1.71646200746409  ,6.01779090571938   ,59.6872822969333   ,20.4388871796198   ,73.0057537057357   ,285.578565568943   ,303.549862990749   ,273.876684670769   ,0.00683792077356375,3.72401143792208   ,11.0081843090137   ,9.28071538363305   ,41021              ,aug                ,1992               
51.0426544611471   ,0.128098791766293  ,209.066599780064   ,-2.08107794934546  ,6.1004617962606    ,59.3074817970505   ,21.7024265702907   ,75.5010606455951   ,286.007797992493   ,303.698137672999   ,273.386295521536   ,0.00727928359575543,3.97215029274016   ,10.965681526441    ,9.64949916075185   ,41055              ,aug                ,1992               
43.9944184182855   ,0.141184163115752  ,227.073400716592   ,-2.40050294946679  ,5.51287282334296   ,54.428061385685    ,24.7649879924551   ,79.9792888882877   ,284.103651064394   ,301.959350560695   ,275.55680300736    ,0.00751201044810463,3.48126884219485   ,11.740603391636    ,10.6361934912277   ,41065              ,aug                ,1992               
36.033357618803    ,0.799810751917346  ,230.269982988879   ,-1.89791735072536  ,3.56101873670324   ,48.0758795644537   ,28.2768494452335   ,83.1125182143373   ,279.755566370882   ,295.104278598137   ,188.923529215891   ,0.00567082157866077,3.78429732217102   ,11.9950473494351   ,13.0296129058265   ,41059              ,sep                ,1992               
37.9057500304909   ,0.887506806503087  ,249.094609795456   ,-2.33014366989369  ,3.66616233340302   ,52.9225427574211   ,23.2283505872413   ,75.0896118926557   ,278.093047492821   ,293.717433598658   ,192.333201206981   ,0.00468507995522344,3.73328847428371   ,11.2406343283909   ,11.361622565165    ,41063              ,sep                ,1992               
35.1945150865271   ,0.450907686417744  ,227.570373371946   ,-1.25867867802658  ,3.54892820077729   ,45.7937425511046   ,29.7795060296749   ,86.8864677603956   ,279.841822308978   ,295.72739015749    ,191.174207625797   ,0.00606038113381473,3.92052563478809   ,12.3448725080407   ,13.6504907426202   ,41049              ,sep                ,1992               
34.0385948965922   ,0.920809366598787  ,248.90262339384    ,-2.5705100955296   ,3.52371013589357   ,47.2285602327041   ,25.2578147991793   ,82.1884036529604   ,277.389478395564   ,293.285661585929   ,193.227953062332   ,0.00502914409073637,3.79159778137266   ,12.2073261272368   ,12.8811955344432   ,41061              ,sep                ,1992               
38.0984138799167   ,0.361369121427356  ,232.086827095911   ,-1.47932219327355  ,3.65691103418964   ,46.1169009286675   ,30.4131954449556   ,87.7680185913596   ,280.650138577032   ,296.560929193698   ,190.386180477308   ,0.00636079948345866,4.01809995905617   ,12.372416523339    ,13.7380279374389   ,41021              ,sep                ,1992               
39.7657694514438   ,0.382663088630282  ,230.020701852877   ,-1.98514794699165  ,3.69717966023012   ,46.1719144750524   ,31.6241424396024   ,88.3146483315362   ,281.126220084445   ,296.617929196125   ,189.739903089735   ,0.00655773615954284,4.19184636585197   ,12.36332933517     ,13.9322783557527   ,41055              ,sep                ,1992               
32.5519313232487   ,0.620792424461132  ,232.099399904447   ,-2.33478172814652  ,3.30119187258294   ,41.2709235446622   ,33.9853857875889   ,90.7096036122581   ,279.872946736085   ,295.545652296752   ,191.586908648416   ,0.00672132948857805,3.60732835937862   ,13.4421730045579   ,14.9089724968641   ,41065              ,sep                ,1992               
21.6823982809554   ,1.28051767208094   ,211.017485782365   ,-1.54106777498835  ,2.01136234993482   ,34.4360588590347   ,33.0617848469951   ,85.5005415615122   ,276.692748708874   ,289.622080539898   ,127.337081524939   ,0.00486283712487475,2.97439593271526   ,15.2210921617788   ,15.105342449273    ,41059              ,oct                ,1992               
24.9806084252787   ,1.2383193104397    ,223.802671832353   ,-2.15670510299834  ,2.09739892307426   ,41.0616913531829   ,27.6431423222645   ,80.4006524121495   ,274.915488603017   ,288.207538212338   ,135.008208982406   ,0.00420184617262775,3.06758702026179   ,13.5443029288861   ,13.5092033673537   ,41063              ,oct                ,1992               
22.3569188516325   ,0.886512575768283  ,188.344800043058   ,-1.00132561593465  ,2.01535219858072   ,33.634243056694    ,34.8355551513339   ,88.3976974828766   ,276.899147332631   ,290.227171427735   ,128.673869572707   ,0.00516951833029001,3.12452274910241   ,15.3449389384095   ,15.7410685110084   ,41049              ,oct                ,1992               
22.4564606294023   ,1.43196355759955   ,223.433038512728   ,-2.27900468792935  ,2.05931440897787   ,36.0688143157047   ,29.4443972766471   ,82.4682671251073   ,274.593467977958   ,287.721960979114   ,134.742432209867   ,0.00428884463134948,3.21490424429454   ,14.8641804621069   ,14.4134628208165   ,41061              ,oct                ,1992               
22.9157154373634   ,1.0045705762112    ,186.102590261162   ,-1.28509499376831  ,2.00213536796152   ,32.660439119992    ,36.36347751821     ,90.526538785291    ,277.556834449498   ,291.054167899715   ,130.427315436017   ,0.0055778424246001 ,3.11808432585931   ,15.5747296289512   ,16.3775064627577   ,41021              ,oct                ,1992               
23.9285932630445   ,0.9821403645031    ,185.13704825671    ,-1.75265256653868  ,2.02462207230672   ,32.2881231515773   ,37.7946254184754   ,90.9706244912154   ,278.026608556155   ,291.280686625128   ,132.288091201149   ,0.00584221331854529,3.32500958836229   ,15.6958145703983   ,16.5088898657493   ,41055              ,oct                ,1992               
20.1321786118939   ,1.35948837381824   ,195.631672257762   ,-2.03001861467599  ,1.80199266000501   ,28.54082048181     ,40.8095503602765   ,91.6993565054906   ,276.999343758481   ,290.130715601157   ,132.405415947092   ,0.00590642137324526,3.27596771384067   ,16.7658138279449   ,17.1382577906731   ,41065              ,oct                ,1992               
6.05282479404928   ,3.14796409925022   ,197.566392383861   ,-1.05320991579007  ,0.69530790576847   ,9.87764307750734   ,55.8883253452267   ,94.9891271212243   ,271.74370449142    ,278.916900808237   ,66.6640813513834   ,0.0039210487431055 ,3.69176339723384   ,22.5724768653348   ,21.6777402974649   ,41059              ,nov                ,1992               
6.75372614859482   ,2.43690349072617   ,219.010490292943   ,-1.82701199642428  ,0.653188517878574  ,12.0288235671619   ,55.3681489746609   ,95.2342969036325   ,268.53272818452    ,276.467037334309   ,65.3824708351722   ,0.00337578715864878,3.73666810056755   ,21.2198665356025   ,21.3470590017337   ,41063              ,nov                ,1992               
7.89999947546588   ,1.92466229383832   ,189.477500306915   ,-0.173535873427545 ,0.725608375253738  ,11.971678539838    ,54.8591408431634   ,96.0465771616857   ,272.387421553048   ,280.105275654418   ,72.1038799426527   ,0.00415441355689646,3.72406466569472   ,21.6941702062963   ,21.3251879423285   ,41049              ,nov                ,1992               
5.97109081763107   ,3.5183068902674    ,212.945194977586   ,-1.82177085380986  ,0.659624153656479  ,8.78046431295319   ,55.5873264650258   ,94.6988868302082   ,268.6207582513     ,276.092435228638   ,67.1278413511206   ,0.00336634054747908,4.23767434393918   ,22.8842340774693   ,21.8994424625679   ,41061              ,nov                ,1992               
9.2154741058455    ,1.40564441862049   ,187.361659698297   ,-0.487942568376162 ,0.702713617298387  ,12.1760638524157   ,56.2100630896094   ,97.1418880509917   ,272.959549279195   ,280.719974416664   ,75.1706736730082   ,0.00435423169526257,3.64657817343169   ,21.7618864971761   ,21.3484684933517   ,41021              ,nov                ,1992               
9.070077978322     ,1.37066557324014   ,184.364031345895   ,-1.20512050843378  ,0.704323123460799  ,11.5443382285989   ,57.6319844686497   ,97.7625047263579   ,273.37996173881    ,280.904648151361   ,76.7767791848434   ,0.00447850203237789,3.87107149386964   ,21.967617623476    ,21.5724914277506   ,41055              ,nov                ,1992               
8.23532989587687   ,2.17584975341562   ,197.259375708994   ,-1.699666081817    ,0.654148893014303  ,9.78419754087654   ,57.9755877903106   ,97.5807500120458   ,272.658790999785   ,280.233820318713   ,77.89604758253     ,0.00441044519726685,3.86480132710498   ,23.0078200367688   ,21.9492571561023   ,41065              ,nov                ,1992               
6.02734036835601   ,1.91025554508662   ,193.011841845681   ,-0.48597542582562  ,0.540177130886656  ,6.72461007375762   ,58.6902601713639   ,95.9670887498666   ,267.32242712564    ,275.004563444024   ,51.8904926421626   ,0.00286519396239989,3.96498341717928   ,24.8504056784228   ,21.9977644573511   ,41059              ,dec                ,1992               
8.53209850367512   ,2.25714524478623   ,208.400331895099   ,-1.78315024385294  ,0.578748610945275  ,10.3442706665951   ,54.4430373111805   ,93.4096763368531   ,264.499169146487   ,272.524630568355   ,54.201262604051    ,0.00236037278482484,4.37053028541706   ,23.2444932507468   ,21.100935442242    ,41063              ,dec                ,1992               
8.40650985712879   ,1.11305237800065   ,179.699208011869   ,0.692118727216858  ,0.54397247172307   ,8.28275774631529   ,59.3193052392563   ,97.2209595981485   ,268.010276454906   ,275.853247300659   ,53.5396764453169   ,0.0030426108741913 ,3.88471163298551   ,23.6835270512999   ,21.8061451123855   ,41049              ,dec                ,1992               
4.9471172007447    ,2.89261359283218   ,201.954575488562   ,-1.58062206587674  ,0.496862070592956  ,4.65446615989045   ,57.6914561919224   ,96.8551063575274   ,264.276728933829   ,272.236304477017   ,55.0981870827067   ,0.00250239745920252,4.83488646099106   ,25.64057687728     ,22.9268078288326   ,41061              ,dec                ,1992               
7.27339594282875   ,1.11894010692244   ,176.224019030981   ,0.228196253622692  ,0.554824490728413  ,8.41395173787821   ,59.5959743376854   ,95.9207927391875   ,268.735387120962   ,276.112148142156   ,53.1743043777816   ,0.00307429685572432,3.7795618310146    ,23.3744504473614   ,21.432457822613    ,41021              ,dec                ,1992               
6.6204283683824    ,1.53310743582237   ,170.824050073456   ,-0.635986966260693 ,0.5505238196887    ,6.1084764907162    ,61.7375210042585   ,96.9246768810131   ,268.819515937671   ,276.03561124151    ,52.1235571980244   ,0.00310807031156998,4.08863358884527   ,24.4188487937808   ,22.2126687416092   ,41055              ,dec                ,1992               
4.05206158771465   ,2.7985885798468    ,181.836138037479   ,-1.38453852357495  ,0.449446050786553  ,2.79785961979673   ,64.1417238771962   ,98.7749741584641   ,267.80920881673    ,274.996727461618   ,53.3351309790385   ,0.00307142533762717,4.15841810655575   ,26.8710718409813   ,23.878022691494    ,41065              ,dec                ,1992               
