bi,pr,th,pdsi,pet,erc,rmin,rmax,tmmn,tmmx,srad,sph,vs,fm1000,fm100,countyfips,month,year
7.28504884129382   ,2.25404507929292   ,211.504651440798   ,-1.68437963753741  ,0.884786974369709  ,9.53967314788716   ,54.3686488087782   ,92.8390614288125   ,271.50995303494    ,278.402244501047   ,54.6746995412904   ,0.00357021437294482,4.95939575173908   ,23.3615974278767   ,20.8603619528846   ,41059              ,jan                ,1990               
6.63579521762721   ,2.86343972433922   ,218.733016856074   ,-0.857014431555198 ,0.740638852606011  ,10.6060249806577   ,53.7334035749283   ,93.8264165534517   ,268.105659852306   ,275.432086852504   ,61.2616916056172   ,0.00304370441453747,5.07776000867868   ,22.3952556196411   ,20.9715076347466   ,41063              ,jan                ,1990               
10.8580029737105   ,1.283102591106     ,204.37787009268    ,-1.43468598657358  ,0.948444354889124  ,11.5195024540288   ,54.247996002491    ,93.8016670937676   ,271.852824199041   ,279.385806994188   ,54.4464378011446   ,0.00373196606774185,5.31799759147156   ,22.5071302888925   ,20.4590816315798   ,41049              ,jan                ,1990               
4.9278723558332    ,3.30915748144777   ,221.954352590341   ,-1.60244763218817  ,0.704930136375625  ,7.39056227091356   ,55.5834022827331   ,94.9788194499135   ,268.274989578326   ,275.291485132653   ,61.9856387946958   ,0.00314119469660658,5.23029398596747   ,23.6808390405063   ,21.8731058434441   ,41061              ,jan                ,1990               
10.1392997410664   ,1.41836575588022   ,200.508401910197   ,-1.89989361960944  ,0.865696774753882  ,9.41610163059458   ,56.1629274701998   ,95.1283979218045   ,272.191520532639   ,279.61716867491    ,55.8421421051025   ,0.0038379256782389 ,5.05303076984628   ,23.4409662054117   ,21.1347703360185   ,41021              ,jan                ,1990               
9.34014261188899   ,1.75518035516213   ,199.706302621054   ,-2.6268035224539   ,0.875238498392093  ,8.51806228866102   ,57.3229124011285   ,95.3493964658146   ,272.424904936103   ,279.561410385446   ,56.2668864698685   ,0.00384522337353862,5.30861054189114   ,23.7399402966344   ,21.3845233418901   ,41055              ,jan                ,1990               
5.62719439302985   ,3.58860537365972   ,202.475350957641   ,-2.18407006229461  ,0.738965485448635  ,5.98459217905637   ,60.3632959047021   ,96.8006571448381   ,271.471294242158   ,278.469993392241   ,59.3844650362352   ,0.0038207616538126 ,5.47133630708211   ,24.7732429923899   ,22.7057743526436   ,41065              ,jan                ,1990               
11.4698237417318   ,1.56300614268476   ,189.795725046214   ,-2.08753225394827  ,1.26616727043024   ,14.8103569891251   ,44.8539601966471   ,91.7845872601136   ,268.742751266783   ,279.397206718784   ,101.590894418724   ,0.00307516034069643,4.21245967622145   ,22.6753831646188   ,18.8958377892833   ,41059              ,feb                ,1990               
10.7270633592467   ,1.83950582110359   ,207.785587077683   ,-1.0202245049565   ,1.15837633450489   ,13.3758170693568   ,42.8831662844111   ,92.377452825571    ,265.480751209088   ,276.529882129017   ,108.023770090702   ,0.00256503211188044,4.26595559472834   ,23.2919993997216   ,19.3805155787137   ,41063              ,feb                ,1990               
16.9937980881415   ,0.59599145224336   ,185.947807337066   ,-1.89330127029103  ,1.32727969989805   ,19.2586599803034   ,43.9305173942378   ,93.5904130179577   ,269.353606525784   ,280.257059312705   ,103.38683261208    ,0.00324206549604876,4.5742013879516    ,20.4509674327625   ,18.2254930741322   ,41049              ,feb                ,1990               
9.03989869818371   ,2.48523889958622   ,206.194660218304   ,-1.68040928623559  ,1.16451441682152   ,9.59628737596377   ,41.9904753201433   ,93.6098795468635   ,265.670641793818   ,276.896395131268   ,108.783291193207   ,0.00265772912581595,4.40922853231851   ,25.0469574312684   ,20.1443252120699   ,41061              ,feb                ,1990               
17.8088319748728   ,0.336183089875694  ,189.969494795837   ,-2.20343823562915  ,1.30581208276926   ,19.1272204209691   ,46.7564624461226   ,93.8630254804233   ,269.940608747323   ,280.561143677601   ,106.334957501386   ,0.00334612510652662,4.4283456833864    ,20.464374195814    ,18.207191795728    ,41021              ,feb                ,1990               
20.3242280612309   ,0.252517939597343  ,192.056600577052   ,-2.89746209938391  ,1.36325352351394   ,19.1793094903803   ,47.7307113836284   ,93.1908303303029   ,270.173805619242   ,280.736040212556   ,108.919427902378   ,0.00334500254057647,4.70662628805129   ,20.7419600512649   ,18.1244471831031   ,41055              ,feb                ,1990               
13.7922093215512   ,1.07635712309372   ,190.589443404953   ,-2.26561068580793  ,1.28363211905256   ,13.4777259175917   ,49.2634990709923   ,94.1123352444573   ,269.30015048606    ,279.658576593135   ,110.586111070631   ,0.00326382049171151,5.00019721642181   ,23.8054455237273   ,19.3718932731684   ,41065              ,feb                ,1990               
12.2199766450682   ,1.53398780991566   ,228.274599560925   ,-2.30309089942615  ,2.10258847692155   ,19.0341402115877   ,38.2311306931834   ,89.8294555967217   ,272.676846472225   ,285.491216056904   ,169.611004942071   ,0.0039231480867102 ,2.89741822501019   ,21.0251952388607   ,17.0034542172873   ,41059              ,mar                ,1990               
15.7152382822744   ,1.56444596531138   ,232.496160237897   ,-1.31004106139847  ,2.05771105627416   ,23.1012607979183   ,34.7303977106216   ,88.7365038835408   ,269.94274010498    ,283.098396891588   ,173.920173592528   ,0.00335299459003281,2.9552175983595    ,19.7895829346281   ,15.9830595586199   ,41063              ,mar                ,1990               
14.4487598783709   ,0.997369022030441  ,207.509152724682   ,-2.27565569044408  ,2.18145674836785   ,21.4496660138028   ,37.5060001055024   ,91.6927391872718   ,273.001137217886   ,286.283648040725   ,173.473826144398   ,0.00405208824646452,2.9606956731043    ,19.9350722333383   ,17.0372130479025   ,41049              ,mar                ,1990               
11.3016022744947   ,1.73458380234973   ,244.40144065717    ,-1.84034442221554  ,2.05179113651689   ,17.8919363788081   ,36.0267433414892   ,91.3749688177743   ,269.820133147549   ,283.070736898516   ,174.65197206662    ,0.00348876423786803,3.21174487156585   ,21.3273336313294   ,17.0306309131833   ,41061              ,mar                ,1990               
16.3007309864785   ,0.571360580243429  ,213.685256009003   ,-2.69776552361627  ,2.24634414195786   ,22.9449018594358   ,38.4560307641012   ,93.2000742055827   ,273.668254645069   ,286.969564823727   ,178.959476453564   ,0.00427472783403759,3.04799912816144   ,19.2582750951719   ,16.9447920168886   ,41021              ,mar                ,1990               
18.4579508878998   ,0.564722995938748  ,207.140542897521   ,-3.4463417197761   ,2.32920477405356   ,23.864898301772    ,39.7561523868911   ,93.2372735632835   ,274.137726987225   ,287.045644846846   ,184.444767048664   ,0.00438657349765345,3.28949058706907   ,18.9536627922569   ,16.8351913036389   ,41055              ,mar                ,1990               
15.1738274094647   ,0.907487646900484  ,218.6994425832     ,-2.71056118220809  ,2.17577536268892   ,19.5142140525789   ,42.0295334856926   ,94.4732851759456   ,273.145085288955   ,285.864033591255   ,182.000073611696   ,0.00433951821043916,3.16206832722315   ,20.6265187068078   ,17.6295999235045   ,41065              ,mar                ,1990               
20.7162555660046   ,2.19510850611309   ,237.145453042607   ,-2.92469366411236  ,3.19880609553776   ,34.0043118542048   ,35.8790778139043   ,84.3235655913027   ,276.309795935422   ,289.860466235837   ,219.67446085612    ,0.00481669531734742,3.3789053543514    ,15.8999611227718   ,13.8029299466289   ,41059              ,apr                ,1990               
19.4475444638966   ,2.45168902769963   ,254.948560375549   ,-2.07337713775812  ,2.98889416552785   ,33.149773104123    ,34.6714713443965   ,85.1291327098589   ,273.912263547457   ,287.361046331801   ,222.008560756425   ,0.00439546989028164,3.11418433399537   ,15.9620636909158   ,14.2417957811089   ,41063              ,apr                ,1990               
22.2618076394823   ,1.33213780896956   ,223.581013591303   ,-2.90344530385618  ,3.33786805762046   ,34.8998098319322   ,33.6437284239092   ,88.2187331828771   ,276.48688994669    ,290.703475725796   ,222.808904414485   ,0.00490316263942274,3.61789536341947   ,15.5114316323249   ,13.9543590077139   ,41049              ,apr                ,1990               
18.403825383143    ,2.96135505262103   ,270.589857375985   ,-2.44218300860605  ,2.98303685010215   ,30.2147371716469   ,36.5678235378972   ,85.9583582062584   ,273.601182684251   ,287.019112914286   ,230.064855977125   ,0.00442873258471351,3.43158562943278   ,16.9130822390097   ,14.7154517632159   ,41061              ,apr                ,1990               
24.3436888294987   ,0.98607426890838   ,229.12025620212    ,-3.46512646524436  ,3.40067411985391   ,34.4401177996596   ,34.0791393633373   ,90.7171620682122   ,276.938845157741   ,291.459987811499   ,226.709954755989   ,0.00517043755254148,3.72698284002042   ,15.6238419726583   ,14.3795158896748   ,41021              ,apr                ,1990               
27.3366158480466   ,0.759064492501943  ,226.481898848495   ,-4.20508528847908  ,3.45460728714805   ,34.7271888108281   ,35.2520132059242   ,90.4039509600366   ,277.343013054028   ,291.526165417528   ,231.417021846214   ,0.00529680263730343,3.90692124656069   ,15.717300251167    ,14.405631551315    ,41055              ,apr                ,1990               
21.8127408396435   ,1.47994645181768   ,232.245043351883   ,-3.4185682926052   ,3.14672623449457   ,30.1277195118953   ,38.281212863685    ,92.5314309620357   ,276.148628748232   ,290.417206668928   ,226.814237882411   ,0.00532600711573425,3.45203853098107   ,17.0307648528335   ,15.3939593262884   ,41065              ,apr                ,1990               
19.0969055132204   ,2.34498243354925   ,222.660992875423   ,-2.76136912454832  ,3.8537144001746    ,29.6823286628084   ,38.3218631886998   ,84.959568172203    ,277.973263001192   ,290.372107189808   ,260.670035901932   ,0.00537909632767295,3.56798527242536   ,17.1708397137459   ,14.5233442786921   ,41059              ,may                ,1990               
10.8882659947887   ,3.26046020002981   ,227.143380468078   ,-1.80554333335279  ,3.39153518748423   ,22.9406344627191   ,39.077546729693    ,85.6543974077193   ,275.439828747475   ,287.428307967613   ,243.328882750071   ,0.00487186558926708,3.25305588241224   ,18.844585650612    ,15.4275377558823   ,41063              ,may                ,1990               
21.76617616394     ,1.35696761716038   ,216.880894263785   ,-2.86574083878732  ,4.06765068491917   ,32.3059008044581   ,34.9233691567928   ,89.5284296094395   ,277.883800396422   ,291.142472036343   ,271.447525681565   ,0.00542622528523495,3.98645278469189   ,16.1502158272973   ,14.1980658630486   ,41049              ,may                ,1990               
13.8891082016503   ,2.85325155207974   ,242.122963690261   ,-2.13177609419136  ,3.40943115570782   ,23.2802913383897   ,40.4678205697482   ,87.5227477934673   ,275.130214258192   ,287.030682330509   ,256.213108852118   ,0.00490275334948114,3.5511165795218    ,18.9803315526886   ,15.61139167636     ,41061              ,may                ,1990               
21.4553420683475   ,1.22905412436582   ,228.799291272903   ,-3.51300897710533  ,4.17811098141212   ,30.9276099673334   ,35.3595445164961   ,92.2955545825      ,278.13416528982    ,291.869327016808   ,282.346920436571   ,0.00567842644317332,4.18173221747557   ,16.3470957679762   ,14.6811119564604   ,41021              ,may                ,1990               
22.9303650178155   ,1.2791837597035    ,232.691157907321   ,-4.34023979927829  ,4.25370121519423   ,31.0445819477656   ,36.6053007953775   ,92.5041782902313   ,278.414833061651   ,291.955365249873   ,288.69618335775    ,0.00578952745944799,4.35293554363555   ,16.3033138275866   ,14.8178022823971   ,41055              ,may                ,1990               
18.5680585065071   ,1.74817100212093   ,243.215263988759   ,-3.41711026925678  ,3.78269027132622   ,25.8465429021726   ,41.7076303767606   ,94.4072799332671   ,276.89893095586    ,290.121080375182   ,281.741777564755   ,0.00580726485991158,3.81265453571968   ,17.9439971547565   ,15.9778490295284   ,41065              ,may                ,1990               
23.0297220644634   ,1.15021036675007   ,238.921644210967   ,-2.14006297639006  ,5.22333518115364   ,32.1790302370295   ,34.3515537181964   ,79.715844818351    ,281.975522930154   ,296.542641140767   ,298.925936888806   ,0.00663950996381944,3.43378729129469   ,18.1057691595675   ,12.3716961762237   ,41059              ,jun                ,1990               
15.9126765817035   ,1.48131468144261   ,248.269604722013   ,-0.886739410963648 ,4.67521678906082   ,28.1091736065341   ,34.5485080662307   ,75.7667543513514   ,279.823201023449   ,294.128016948922   ,277.286936774176   ,0.00612962358655074,2.99062716850798   ,18.8735362234649   ,12.279262498431    ,41063              ,jun                ,1990               
29.5792621008516   ,0.714398553261426  ,235.520641177841   ,-2.46950419702247  ,5.50067739685376   ,36.9769462896267   ,32.7305606717215   ,85.0120760524876   ,282.235625874518   ,297.30278526426    ,308.951510636761   ,0.00682376287008   ,3.73357807490942   ,16.4670448840393   ,12.3408229182944   ,41049              ,jun                ,1990               
16.6410369176453   ,1.58595090585604   ,263.959729144586   ,-1.40246046271344  ,4.71571247962277   ,26.0989007924712   ,36.0725341937375   ,80.0129917849631   ,279.31804067855    ,293.725922636809   ,290.355805270348   ,0.00624144229896121,3.22292336145056   ,19.6273487200168   ,13.0988543616008   ,41061              ,jun                ,1990               
28.9652192529321   ,0.461678762407108  ,243.750301864511   ,-3.04586818168007  ,5.65521528717901   ,36.0490524835598   ,34.2031378780304   ,88.561426373308    ,282.573720810523   ,298.013373224384   ,313.000138433331   ,0.00720012783770515,3.95338512847415   ,16.2794087403473   ,12.6964955289715   ,41021              ,jun                ,1990               
29.6058643329329   ,0.429907043350835  ,242.255121296958   ,-3.73785883223104  ,5.66596348501785   ,35.1445285707886   ,34.9401716131913   ,90.5945331387585   ,282.758398743866   ,297.845469763683   ,312.322029021562   ,0.00738800640320532,4.1196909469703    ,16.4080126249302   ,13.041500826607    ,41055              ,jun                ,1990               
21.9174778107247   ,0.777529394841972  ,245.941779054256   ,-2.63649279421026  ,4.98220431757418   ,28.5933184443984   ,39.4289676908569   ,94.0886596072063   ,281.239755341501   ,296.19216788884    ,299.884468328777   ,0.00760227708486448,3.5521762486938    ,18.2479675742389   ,14.4035196702982   ,41065              ,jun                ,1990               
38.0533848628398   ,0.26024824469212   ,202.380760322286   ,-2.13388872485419  ,6.04174302185073   ,57.3075483756502   ,23.5285139779611   ,68.717409745314    ,285.551224061297   ,302.986970130156   ,297.062340328719   ,0.00692944155095596,2.95081239827319   ,11.3217564294339   ,8.75119067957401   ,41059              ,jul                ,1990               
36.0953167654234   ,0.579897871099374  ,203.565525374416   ,-1.02803189037756  ,5.66063316949947   ,57.1701674332824   ,21.8519244950215   ,62.7098906084831   ,283.097232410716   ,300.36730553274    ,302.943469741773   ,0.00602675601652253,2.49751406219953   ,11.5594894931194   ,8.35711583002356   ,41063              ,jul                ,1990               
42.8484578928877   ,0.205896271341426  ,195.614637179585   ,-2.54004553496109  ,6.29455214146927   ,57.1952047885984   ,24.0936599143392   ,74.2572779206887   ,285.959246855293   ,303.688358360359   ,305.378146892664   ,0.00743863396149561,3.29497348258592   ,11.3832781009629   ,9.37127957243791   ,41049              ,jul                ,1990               
36.0107113217032   ,0.306809255865312  ,218.597226882181   ,-1.36986272248742  ,5.67451016845954   ,54.5245148862704   ,23.3610371542945   ,68.9202308124586   ,282.755530324774   ,299.960884623526   ,300.73357389899    ,0.00642682713942698,2.86432840518389   ,11.9887576944464   ,8.83709602090098   ,41061              ,jul                ,1990               
44.2332460352853   ,0.205160868767926  ,217.047011939194   ,-2.97915324328705  ,6.55553503287526   ,55.6723993000388   ,24.4117593960248   ,77.5150455081902   ,286.795160992795   ,304.767449330134   ,308.053938625842   ,0.00793104502643274,3.55848957724902   ,11.7545916896627   ,9.73323460971298   ,41021              ,jul                ,1990               
44.253281753761    ,0.190800840956741  ,227.902028490509   ,-3.55550975757733  ,6.66880660867988   ,53.5893176992172   ,24.9882713236734   ,81.1452231444046   ,286.987903551074   ,304.980082314906   ,311.793789135153   ,0.00834855214036282,3.7459576467122    ,12.207154422678    ,10.2214533732176   ,41055              ,jul                ,1990               
35.6714395781145   ,0.274189391790032  ,212.722236818884   ,-2.13083757424551  ,6.09075468078987   ,45.9543861900024   ,29.7917385715875   ,84.6149860760423   ,284.994577798084   ,303.06253656189    ,312.422321703086   ,0.00879019983445102,3.29617919996454   ,13.7883846164422   ,11.3908608019267   ,41065              ,jul                ,1990               
35.7384449302033   ,0.705932926126358  ,235.9429218936     ,-2.05765592988897  ,4.88216528686747   ,54.5353899618368   ,28.7424902006287   ,78.2961565438205   ,284.525476122789   ,300.568360768534   ,256.493300469098   ,0.00742731216572316,2.87724302035829   ,10.875913331611    ,11.4753060932471   ,41059              ,aug                ,1990               
30.107635968959    ,1.07592855785576   ,186.665146942997   ,-1.04692221751652  ,4.69836317774891   ,53.0779902619324   ,24.753740452709    ,72.8852586396629   ,282.83196969853    ,298.901669704266   ,257.087349847561   ,0.0063705135938672 ,2.47410255633572   ,11.238892114192    ,10.8877306826465   ,41063              ,aug                ,1990               
34.539049305135    ,0.836941515129979  ,233.209594022747   ,-2.31624758961313  ,4.95100385355317   ,51.6571237850463   ,30.8201662669853   ,80.5930867712958   ,285.248216121025   ,300.902321052519   ,257.083806649794   ,0.00800133440662817,3.18072316476852   ,11.3255789602876   ,12.0429620098532   ,41049              ,aug                ,1990               
30.0855195319276   ,0.885836967532733  ,241.311825993943   ,-1.4006659072521   ,4.65730980446689   ,50.7896743605024   ,26.8099353923593   ,79.8548938881871   ,282.055813356777   ,298.359584391179   ,258.701612451721   ,0.00680775404349563,2.72824939194546   ,11.4524249790105   ,11.8476290790174   ,41061              ,aug                ,1990               
35.2614929897784   ,1.13576127470455   ,259.809366243977   ,-2.58846013445541  ,5.13626255705597   ,49.6185822882002   ,31.4213295132154   ,84.0663856714946   ,286.039698944659   ,301.936315183117   ,256.020036543455   ,0.00855403844116246,3.42731183307007   ,11.8028260226558   ,12.571888482289    ,41021              ,aug                ,1990               
34.4054491416447   ,1.1632643847522    ,268.895779621439   ,-3.11005322533509  ,5.16936863380611   ,46.3482170220119   ,32.4906070248133   ,88.0334795930435   ,286.37892473268    ,302.146372359196   ,254.519819919174   ,0.00904479043109708,3.59816766426127   ,12.532357921917    ,13.3081449605096   ,41055              ,aug                ,1990               
27.7047093265281   ,0.960036518139197  ,265.521312054018   ,-1.73530948296386  ,4.60358481480579   ,40.789123073199    ,36.7383964906304   ,90.9149402625866   ,284.38931943786    ,300.422706928134   ,253.825894582737   ,0.00922421180786772,2.95692984035422   ,13.6673951909832   ,14.326440231882    ,41065              ,aug                ,1990               
36.6703078817155   ,0.1030786312508    ,226.514234519023   ,-1.80674774911271  ,3.95720110163257   ,49.2603051161398   ,24.7708902201642   ,80.4818159446548   ,282.346901578251   ,299.784824620598   ,205.013437726271   ,0.00639098248427536,2.79075864461347   ,12.7837334536559   ,11.8731899671997   ,41059              ,sep                ,1990               
36.8746822791436   ,0.292656127544064  ,202.219450894704   ,-0.929336524091982 ,3.89802009750913   ,55.787087420428    ,19.9029739750293   ,68.3987260859607   ,280.983713514599   ,298.718020200396   ,210.50249823368    ,0.00535194658969273,2.49157074018097   ,11.6313430620518   ,9.77056583758001   ,41063              ,sep                ,1990               
37.150058421577    ,0.0406227566210803 ,207.129414211861   ,-1.70734925466682  ,4.06080737740165   ,46.5190113653479   ,26.4427998809498   ,83.3007939496798   ,282.429551805959   ,299.828774414595   ,209.411223421879   ,0.00661664530667387,3.02812073663995   ,13.4192158663668   ,12.5949199592048   ,41049              ,sep                ,1990               
36.2177952383979   ,0.212858659078064  ,231.166391789792   ,-1.34245566974697  ,3.92831841957422   ,50.6528285187458   ,20.6100822833732   ,76.0844966431606   ,280.111167195638   ,298.199045179077   ,209.240979791335   ,0.0055452169288609 ,2.79659014564973   ,12.6471012422381   ,11.1422713950043   ,41061              ,sep                ,1990               
34.8243451397431   ,0.0211344143456538 ,218.10002991396    ,-1.56967049778025  ,4.13189525475732   ,41.7368706928901   ,27.8300309332478   ,89.3183528838695   ,282.582500324462   ,300.719070627432   ,212.203668278596   ,0.00719900326001258,3.16788120568906   ,14.4777496343209   ,13.8417838503142   ,41021              ,sep                ,1990               
33.0524617736285   ,0.0739966352635424 ,210.966565586739   ,-1.95089711083306  ,4.18904895875421   ,38.4770482600549   ,29.8007136032595   ,91.4177078507332   ,283.101408627159   ,301.027858482792   ,215.247654016952   ,0.00783770176319707,3.3767768808508    ,15.2279130696786   ,14.4798361603512   ,41055              ,sep                ,1990               
28.4381427521104   ,0.0891210211068971 ,201.152066503881   ,-0.996712974404371 ,3.91526899181231   ,34.9896023248644   ,32.2308062135479   ,93.0751498460214   ,281.641213980959   ,299.738340881395   ,217.321947852122   ,0.0078824793165347 ,3.12160912081078   ,16.0300358349164   ,15.1002250560977   ,41065              ,sep                ,1990               
16.6237315525165   ,1.97985561420917   ,234.924418352629   ,-1.91400644864484  ,1.81654498849643   ,28.8192388287427   ,38.1011601610332   ,91.5845299382364   ,274.83975466488    ,286.655512564663   ,117.210960551781   ,0.00467193852446301,4.13711981228645   ,16.0425115594801   ,17.1658013490397   ,41059              ,oct                ,1990               
17.7614490406978   ,2.21030295367703   ,245.863438832365   ,-1.10254045010877  ,1.85961674579864   ,31.3796285026217   ,35.1263534988315   ,87.3947063362574   ,272.637024933453   ,284.057222106885   ,116.246279756076   ,0.00382353476514155,4.31911588581554   ,15.2754265164081   ,16.3493300980218   ,41063              ,oct                ,1990               
24.5194721099716   ,1.00695861849838   ,236.347897849641   ,-1.93183305864767  ,1.88732318044353   ,32.5395395401422   ,36.9254704457524   ,93.0414673303193   ,274.995689282565   ,287.642135234846   ,121.378009263174   ,0.00479316650225651,4.12246987374877   ,15.2546424099046   ,16.7336107803104   ,41049              ,oct                ,1990               
14.8512526685886   ,2.45280186609532   ,241.356432740862   ,-1.42526234566491  ,1.73426390850938   ,26.2444724163108   ,37.4667328060124   ,90.8344873298454   ,272.338595040221   ,283.557291489225   ,118.571308359612   ,0.00401447065688643,4.41584626062369   ,16.7287890545926   ,17.4443075410212   ,41061              ,oct                ,1990               
24.7952475652493   ,0.940990563369023  ,237.458108837248   ,-1.75790025317831  ,1.85019670431492   ,29.4273626810356   ,38.3997083111109   ,96.5501634369281   ,275.206258453358   ,288.570688954216   ,121.805300341934   ,0.00519167494796291,4.08577704875285   ,16.2399372897827   ,17.7317547646626   ,41021              ,oct                ,1990               
23.5729607838018   ,0.96809217334918   ,236.06883123024    ,-2.04432759868239  ,1.77325899295201   ,26.9865822788455   ,41.2239056173259   ,97.9500123639081   ,275.562766992828   ,288.655212765031   ,121.296524039576   ,0.00554966480559741,4.23856280203519   ,16.8976328924813   ,18.3631411317474   ,41055              ,oct                ,1990               
16.384736177819    ,1.63705692819719   ,229.748457466362   ,-1.16808513855444  ,1.50719352221254   ,22.1786186526022   ,45.4620400918625   ,98.2480288820434   ,274.531709887442   ,287.000094577185   ,122.440744241115   ,0.00551111122749064,3.90002428006746   ,18.2688708891949   ,19.2892147696048   ,41065              ,oct                ,1990               
12.2388915622967   ,2.07868548772621   ,227.344106471387   ,-1.46773471069783  ,1.27145607122539   ,15.3292009360371   ,47.1660804798535   ,90.6922505406091   ,273.417366917086   ,282.233970687563   ,69.0684992144966   ,0.0040402228607093 ,5.09513979140694   ,21.2320482938232   ,19.415601137616    ,41059              ,nov                ,1990               
10.4278373136175   ,2.46475069482218   ,236.75896144947    ,-0.383778052966112 ,1.11382471425654   ,15.6198982585115   ,46.9786813194657   ,87.2475003880499   ,270.181436506685   ,278.690500588406   ,68.878670306806    ,0.00329215896814776,4.93104573294764   ,20.793916185419    ,18.8180357727693   ,41063              ,nov                ,1990               
17.6617153997522   ,0.973382888761646  ,226.316071775134   ,-1.85743852804885  ,1.43123016907309   ,19.4737783507586   ,44.5746125857035   ,92.0812622564625   ,273.796141335852   ,283.594587553068   ,71.8173908010619   ,0.0041965640099117 ,5.60085347200147   ,19.6300862786658   ,18.8560800242798   ,41049              ,nov                ,1990               
8.58783031550182   ,2.83619401924649   ,230.143869603789   ,-0.849468144404974 ,1.08540787553223   ,13.2201584706562   ,48.4005827783655   ,89.0881955547882   ,270.298882982544   ,278.775958478009   ,70.2426316736166   ,0.00339500142826695,4.92849181933658   ,21.6539035200582   ,19.5498363629486   ,41061              ,nov                ,1990               
17.8028845641349   ,0.804826047645404  ,231.044701301645   ,-1.69224930762358  ,1.34579248949239   ,18.6012181446898   ,45.0121853338003   ,94.6010737904829   ,273.960846073949   ,284.162676309919   ,72.5694309868039   ,0.00434697040587795,5.26453685329897   ,20.0459689562205   ,19.3019394694355   ,41021              ,nov                ,1990               
19.771585897655    ,0.668502448194208  ,231.522157193485   ,-1.9750340123158   ,1.34747543446937   ,19.1847711131819   ,46.5169417156346   ,94.1719566921509   ,274.369494771679   ,284.094051389341   ,71.9979625568055   ,0.00442030438522447,5.47794053943766   ,20.015499188979    ,19.0452386499148   ,41055              ,nov                ,1990               
13.5215928360282   ,1.46609549185705   ,226.325575042251   ,-1.158099898601    ,1.05631970624326   ,14.169952983212    ,51.3851166040469   ,95.780679652815    ,273.113925091463   ,282.139292107429   ,73.2082793876749   ,0.00434159523661472,5.34721606417321   ,21.8133070135821   ,20.4079860455692   ,41065              ,nov                ,1990               
13.7213672908516   ,1.55467042945835   ,215.519344080397   ,-1.77916200564471  ,0.745920521559124  ,16.3400976771983   ,47.8023526628549   ,88.2495726050657   ,262.860590338128   ,272.23082408105    ,50.2056835881395   ,0.00209192981515668,4.26043152117127   ,21.3000725641419   ,18.9214733807456   ,41059              ,dec                ,1990               
13.259350283397    ,1.50631284045451   ,230.518807623575   ,-0.629501177763267 ,0.728926835934651  ,18.5578674177512   ,43.149648214498    ,84.4197076689669   ,260.23807127448    ,269.850429612718   ,52.7955098600654   ,0.00167326013738019,4.33672036640086   ,20.2909734868225   ,17.7803460389028   ,41063              ,dec                ,1990               
15.1476090531777   ,0.973467113345497  ,194.642608440161   ,-2.28799985325773  ,0.798695928917427  ,19.0065243660349   ,47.0639518700345   ,88.1732449378435   ,263.547455680141   ,273.413715825239   ,51.7337115763786   ,0.00220247350012618,4.31260017168173   ,20.0586605136931   ,18.419951791497    ,41049              ,dec                ,1990               
13.0924476423089   ,1.79691521755584   ,226.41709867099    ,-1.11100416658101  ,0.707956096330512  ,14.620270638312    ,46.9033783216437   ,87.0893151894715   ,260.303728000971   ,269.395263324      ,54.6361089593393   ,0.00176213066425982,4.87950914374104   ,21.8469918115247   ,19.0417538012987   ,41061              ,dec                ,1990               
14.4991853979222   ,0.826591189835299  ,189.181414587613   ,-2.13212703284721  ,0.725820206773561  ,16.142550392857    ,50.9074176999864   ,92.2380541043949   ,264.086641979572   ,274.015429867126   ,51.2540586886353   ,0.00238376192470059,4.08688727311855   ,20.9779560243921   ,19.7404304485486   ,41021              ,dec                ,1990               
15.0202518211157   ,0.589899442985392  ,185.787310146495   ,-2.52795394889095  ,0.688440570093648  ,14.60613570857     ,53.9158505198086   ,95.5439857802661   ,264.329142956055   ,274.275163985879   ,49.4208737769322   ,0.00252380470650976,4.36050195772978   ,21.3326892376876   ,20.7189314896136   ,41055              ,dec                ,1990               
10.8900168271156   ,1.06357958712894   ,194.18504945413    ,-1.67339863527419  ,0.64303306628803   ,10.6095917374357   ,55.6798511552551   ,95.4254852730633   ,264.117254924996   ,273.551893730134   ,51.4424323625127   ,0.00249267398071089,4.39773955185838   ,23.3257879313519   ,21.3391274324756   ,41065              ,dec                ,1990               
