bi,pr,th,pdsi,pet,erc,rmin,rmax,tmmn,tmmx,srad,sph,vs,fm1000,fm100,countyfips,month,year
15.2439873701033   ,2.52873411692505   ,200.224509023443   ,-1.81900600822556  ,0.903570690505641  ,16.7753015606571   ,54.3453550863358   ,83.8579887957737   ,270.113772611693   ,278.466619917379   ,62.2644611874902   ,0.00317848017092811,4.62809581503262   ,21.0169465366629   ,18.7510462236109   ,41059              ,jan                ,2012               
14.6855626599517   ,2.95948652694279   ,208.567957396005   ,-1.23322871528291  ,0.848177873408903  ,15.5499559364959   ,53.7738821752825   ,85.0761784609032   ,267.48059237958    ,275.980966564981   ,64.8994773524409   ,0.00279941255241149,5.01587698779901   ,21.425437661237    ,19.019057030794    ,41063              ,jan                ,2012               
21.8707399571834   ,1.32096563427609   ,211.031901676698   ,-2.66661689569605  ,1.00109097238122   ,22.1999493355692   ,51.2146973594623   ,82.3455367198648   ,270.792650165761   ,279.553395412234   ,63.2986412208601   ,0.00325368973645254,4.6531545353729    ,19.137141769147    ,17.5913410682852   ,41049              ,jan                ,2012               
11.2801373368001   ,3.53153685848583   ,180.454882399279   ,-0.0595508525400986,0.794975095517616  ,11.0569246569008   ,58.5516354027995   ,86.6599979698397   ,267.491189135237   ,275.535283120967   ,66.3416579458069   ,0.00290623338419606,5.12275984834172   ,22.9844233161565   ,20.2405036008296   ,41061              ,jan                ,2012               
18.6054875875837   ,1.58251934058161   ,210.316395242318   ,-2.33866652399486  ,0.884080252196809  ,18.553401514904    ,54.9511105068183   ,84.3321161465703   ,271.255046553085   ,279.260053662777   ,65.5212906136303   ,0.00339712975578687,4.4697249483213    ,20.3873716480856   ,18.4770470232769   ,41021              ,jan                ,2012               
17.7641660316421   ,1.60012604715891   ,214.545501436969   ,-1.94210680593059  ,0.784882703963635  ,15.1566416896529   ,58.9994991489951   ,87.0777071981784   ,270.960162787589   ,278.419141823021   ,67.2656411482374   ,0.0034446897382953 ,4.71373440287874   ,21.7086301408518   ,19.4610805939648   ,41055              ,jan                ,2012               
12.3723394348439   ,3.27888730435687   ,216.882431110015   ,-1.42054923088308  ,0.809390407387836  ,12.4149523684987   ,57.5646647549328   ,86.3445296759031   ,270.206157896302   ,277.958102887641   ,70.9227397157712   ,0.00331559433707699,4.91548916358447   ,22.8871049277181   ,20.050415935763    ,41065              ,jan                ,2012               
13.1962266776115   ,1.914311796351     ,194.971358989925   ,-2.4802914378922   ,1.0245431435357    ,14.5315920982929   ,54.9567154165474   ,90.3024314047598   ,269.999970583162   ,278.871582496809   ,83.860545813417    ,0.00336301685918308,4.20433781227289   ,21.7065857559753   ,19.1890192737304   ,41059              ,feb                ,2012               
15.5145979400252   ,1.93968028440647   ,201.571507298625   ,-1.30696004040383  ,0.966504176880431  ,16.5395529250979   ,52.8319218619601   ,89.5083581460463   ,267.443317867778   ,276.526739487281   ,87.5130322100995   ,0.00293533007134029,4.26162728594316   ,21.2707733595288   ,18.6774230107263   ,41063              ,feb                ,2012               
19.6231207907556   ,0.742138520925234  ,201.903960546096   ,-3.05911825391843  ,1.12522798587367   ,19.9576893546183   ,52.5455060749689   ,89.9156590624362   ,270.807692554163   ,280.262379087792   ,89.7067977135629   ,0.00354782133464191,4.31798382171986   ,19.6165606421861   ,18.1848346196455   ,41049              ,feb                ,2012               
11.987896847336    ,2.63804946564125   ,187.517583745455   ,-0.766994618363832 ,0.975781394342187  ,11.6990002134892   ,55.1906824206129   ,90.9592126197075   ,267.583162308412   ,276.498323721104   ,91.9570590098278   ,0.00303355846558147,4.63558823894151   ,23.0483607816107   ,19.5742441184096   ,41061              ,feb                ,2012               
17.4860966929051   ,0.522759508743162  ,199.434756221255   ,-2.17222894153926  ,1.05961001160507   ,17.2561716321486   ,56.2424784870269   ,91.2509374686903   ,271.270211238527   ,280.055375869516   ,93.7333570611774   ,0.00365678685184915,4.25367558004846   ,20.5794523205456   ,18.7393117880986   ,41021              ,feb                ,2012               
15.3072326517693   ,0.620867544596854  ,-3203.51033838411  ,-1.78225564491911  ,1.00622489363883   ,14.2506991466484   ,58.9597812023577   ,92.7891459580551   ,271.115994914731   ,279.40991553846    ,95.5757236522541   ,0.00365623052369293,4.55279636980597   ,21.6646109212909   ,19.4677241139344   ,41055              ,feb                ,2012               
11.6901819148819   ,1.47641042851673   ,202.476976039606   ,-1.18223015310405  ,1.02941589300712   ,11.4619578170439   ,57.1977640586895   ,91.7952196490872   ,270.433572219762   ,278.92540703112    ,97.432435644971    ,0.0035388346152756 ,4.67966606246405   ,23.1862652726543   ,19.7612211533558   ,41065              ,feb                ,2012               
12.1355749452071   ,2.77233229117391   ,216.095388967444   ,-2.43405347810873  ,1.93935243174501   ,14.7388665102196   ,46.235959495344    ,89.6449494175462   ,271.699571786745   ,283.182264012217   ,143.284960161236   ,0.00382529398524724,4.98950315893804   ,22.1973523966295   ,18.4893828928152   ,41059              ,mar                ,2012               
11.1360776949596   ,4.21616952406306   ,220.844941177299   ,-1.06587012725207  ,1.9939980849896    ,15.1255982595403   ,41.2328694555148   ,87.0557293669247   ,269.633192885468   ,281.378433216352   ,150.075885698055   ,0.00331529101781821,5.27666939563752   ,22.0133258084694   ,18.1958442228846   ,41063              ,mar                ,2012               
18.3612326672906   ,1.38285703118655   ,217.322963326107   ,-3.40583013916099  ,1.9832536648947    ,21.3657314221404   ,45.1640413595885   ,89.4790157067818   ,272.101760448062   ,283.6144056805     ,144.487852284039   ,0.00387565888987012,5.07243119171394   ,19.3655289548653   ,17.3530352081002   ,41049              ,mar                ,2012               
10.2358359222724   ,3.95433825047687   ,214.867356418016   ,-0.680187285731359 ,1.8998643931534    ,12.0061434289251   ,44.6392416922517   ,89.1017934702725   ,269.558367541946   ,281.111809078871   ,149.128748268969   ,0.00344617621886367,5.42618451634521   ,23.358424549794    ,18.8723127046841   ,41061              ,mar                ,2012               
16.9883884416666   ,1.30219015679581   ,217.436584533497   ,-2.36831860308901  ,1.86993108141199   ,20.044699011096    ,48.3856263805142   ,91.6717288285683   ,272.679081217936   ,283.639081836705   ,146.426148501642   ,0.00409339893676742,5.04210855908954   ,19.522236005996    ,17.8697946208575   ,41021              ,mar                ,2012               
14.6949505053968   ,1.68707546603003   ,220.702144784717   ,-1.82763905971371  ,1.74613882278557   ,16.901127366542    ,51.6108362247889   ,93.4573576278989   ,272.726463227199   ,283.042709710395   ,147.507464003909   ,0.00419562504304599,5.1839371647976    ,20.542332939597    ,18.6884146238628   ,41055              ,mar                ,2012               
10.9362539364813   ,3.20953459403409   ,214.558200181324   ,-1.01089685102281  ,1.55625392584767   ,12.2303244628108   ,53.695179195133    ,93.9959500662249   ,271.04424357771    ,281.209744386381   ,145.353737996695   ,0.00392474436738072,4.92312089217606   ,23.1080683807079   ,19.8804083874068   ,41065              ,mar                ,2012               
15.959276337471    ,2.48049199863545   ,223.612836968294   ,-1.66774148288415  ,3.146645175187     ,19.9806649979415   ,40.5796092333909   ,85.2729998919085   ,275.575517414421   ,288.862806984605   ,218.68212821152    ,0.00486543842281161,3.83474290580807   ,21.1090979011906   ,15.927042355969    ,41059              ,apr                ,2012               
16.4044361652333   ,2.2081291848112    ,225.766430010051   ,0.304068271094056  ,3.16849815118493   ,23.2050085631397   ,34.9604222638902   ,80.1626738145913   ,273.368559773763   ,286.933163322324   ,222.230959086207   ,0.00402845090933145,3.786221475993     ,20.3120799679856   ,14.3780295826616   ,41063              ,apr                ,2012               
19.3155354954185   ,1.77651456940601   ,209.380407905246   ,-3.0504771770087   ,3.2186647230886    ,23.8747867151913   ,38.701040520926    ,88.1329287485718   ,275.665469998132   ,289.35635824553    ,221.413142854714   ,0.00494516082247191,3.98026872427052   ,19.2583314877322   ,15.8004836235995   ,41049              ,apr                ,2012               
15.6613779553072   ,2.83959762566129   ,222.028903215824   ,0.170564692157777  ,3.09874958522281   ,20.2076297896916   ,38.4940597708431   ,81.5993271828483   ,273.395088288735   ,286.472061363189   ,225.436556952834   ,0.00420122903178603,3.980151947359     ,21.2706681952457   ,15.3398882491108   ,41061              ,apr                ,2012               
19.0429881027345   ,1.42623286012565   ,-2484.50488972575  ,-1.94904138057815  ,3.20264574748728   ,22.8522053146599   ,40.7038633551001   ,90.2186753680715   ,276.374125782944   ,289.668928573211   ,224.626124719764   ,0.00523452748115494,4.00160859826181   ,19.5488175611957   ,16.0928111345204   ,41021              ,apr                ,2012               
20.077733152884    ,0.996782780225165  ,-2973.33031840334  ,-1.05960412508508  ,3.19096742325824   ,22.8371159941132   ,42.3629938212984   ,89.9873403419063   ,276.737121141817   ,289.391942901314   ,225.963567179035   ,0.00531590766124573,4.21532886333865   ,19.7351109430339   ,15.8186618561401   ,41055              ,apr                ,2012               
15.6533747718977   ,1.34693598967934   ,217.440950105277   ,0.292521721582495  ,2.98310258546909   ,19.4982019366065   ,43.2058228586844   ,90.5126394955058   ,275.43771355191    ,288.217145070607   ,219.127596184553   ,0.00507975060872845,3.88992984792291   ,21.1238192013649   ,16.2727698221259   ,41065              ,apr                ,2012               
27.5082286776857   ,0.96322446964288   ,234.983178962018   ,-1.24638661261952  ,4.19240450172744   ,34.3979948468505   ,34.5718287550672   ,75.9562064684041   ,277.317672802836   ,291.488797703453   ,269.639497270851   ,0.0046545379829131 ,3.84078188702111   ,17.2540560520452   ,12.4430551598964   ,41059              ,may                ,2012               
26.1537452156055   ,1.46706677581161   ,234.042579526533   ,0.402761208377944  ,3.86276000013759   ,35.0719895936648   ,32.390291832732    ,73.2015798698019   ,274.864038543563   ,289.007749421102   ,258.463917577345   ,0.00402322407982078,3.6466305985519    ,16.9108692860996   ,12.3367264509309   ,41063              ,may                ,2012               
32.4671688596052   ,0.608330998800631  ,225.179206363657   ,-2.77368814085999  ,4.42280744575121   ,38.2111301981422   ,31.7259696723843   ,77.5950808686957   ,277.694028371493   ,292.230144676617   ,277.553800375754   ,0.00465271514602914,4.04349945801936   ,16.1257006263556   ,12.0249758831977   ,41049              ,may                ,2012               
25.1061929976973   ,1.35767156044144   ,242.118355073249   ,0.527357846890948  ,3.83202878613246   ,31.7681902901199   ,35.5358727592626   ,76.7688434448911   ,274.636587556013   ,288.661051473614   ,267.311360816545   ,0.00425651158784393,3.77960698792584   ,17.9184991057581   ,12.9960334660284   ,41061              ,may                ,2012               
33.6380453412804   ,0.589536524330745  ,225.55548499588    ,-1.91893554473344  ,4.5936528674303    ,38.1176286493364   ,32.1459716183774   ,80.5452422276863   ,278.395313404292   ,293.041187897991   ,287.076788855966   ,0.00495727144960492,4.11428274536093   ,16.0092913608412   ,12.2819690476763   ,41021              ,may                ,2012               
33.8728439762466   ,0.474740653726947  ,222.476442002773   ,-1.0879170134896   ,4.68554361709625   ,37.8576112875644   ,33.2962146300996   ,81.6041352229396   ,278.649447542028   ,292.921663106916   ,293.49880753758    ,0.00509784546823232,4.27053855689286   ,15.8813657352237   ,12.5145566248035   ,41055              ,may                ,2012               
27.8447022614815   ,0.701326517307971  ,229.847436894151   ,0.487233031632287  ,4.32559052689002   ,33.5563752910408   ,35.1748895366189   ,82.5926961027524   ,277.206527972707   ,291.668730895477   ,287.656554960077   ,0.00497590210562403,3.72509789544843   ,17.2354144085188   ,13.2271303611014   ,41065              ,may                ,2012               
21.7731783923724   ,2.38787383209527   ,243.479318140043   ,-1.10058814619419  ,4.45611342213406   ,29.0194470775838   ,40.2510647172696   ,86.576851438476    ,279.119004328309   ,293.846597931717   ,275.122883368907   ,0.00635456031338192,3.99095228664396   ,17.5317316940552   ,14.5904098132851   ,41059              ,jun                ,2012               
24.2262400235329   ,2.12146146347907   ,240.443872513582   ,0.240956440814844  ,4.42182915841852   ,34.913687830566    ,35.2880865795629   ,79.0479283280584   ,277.534819606968   ,292.61234309501    ,270.316027199583   ,0.00550102094510713,3.63002788069851   ,16.1671386055735   ,12.8389112361383   ,41063              ,jun                ,2012               
25.5840649491621   ,1.93082477726159   ,237.38648040665    ,-2.42264944221337  ,4.56887968511274   ,31.0141391586883   ,38.8974802141206   ,89.5547488200935   ,279.443470887988   ,294.251211344135   ,279.391018217396   ,0.00647348980795199,4.34517325288234   ,16.887199946307    ,14.5046654073356   ,41049              ,jun                ,2012               
20.8844940253835   ,2.51689614337903   ,256.826841239144   ,0.541054649441024  ,4.26900461447092   ,29.6785067787484   ,38.666734331861    ,83.2947580398748   ,276.922966388969   ,291.849052515854   ,276.36137895592    ,0.00572800407561746,3.77929943913785   ,17.4473686045187   ,14.1388969729467   ,41061              ,jun                ,2012               
24.5804968023241   ,1.77383219397349   ,236.846592651424   ,-1.60984122297061  ,4.67947973872649   ,30.2817637312959   ,38.7787431889455   ,90.6378607491135   ,280.267637367674   ,294.938325562885   ,282.745043853608   ,0.00671546197426534,4.47519466240314   ,16.9389569290804   ,14.6979604900696   ,41021              ,jun                ,2012               
27.8613315379643   ,1.5874666538242    ,234.37702876829    ,-0.799145776384508 ,4.70760756620654   ,32.4820169028715   ,39.1399589125873   ,89.4065556550351   ,280.912464541906   ,294.681629908155   ,282.77359751205    ,0.0067088494217114 ,4.64135641332491   ,16.3512419013717   ,14.2558813697413   ,41055              ,jun                ,2012               
21.2688674718535   ,1.72928124040064   ,245.965217279702   ,0.745840371842912  ,4.25288399354191   ,29.7046358410133   ,41.3351057919589   ,89.5217082701641   ,279.397626778129   ,293.414793666315   ,273.188510394448   ,0.00655200079325138,3.63472965585231   ,17.0511728135948   ,14.6693312855404   ,41065              ,jun                ,2012               
28.4741874444029   ,0.781551690849769  ,215.385784565193   ,-0.336714016050553 ,5.93360121490558   ,42.1580154773543   ,30.4260929734553   ,80.0732141177742   ,285.038321120391   ,302.519712076919   ,310.699290081824   ,0.00833672547418564,3.00236448194514   ,14.613059776712    ,11.4538740174583   ,41059              ,jul                ,2012               
36.1411270173441   ,0.786857550729721  ,206.82945460744    ,0.10053733460896   ,5.98957604245141   ,53.3692173832511   ,24.5229604519062   ,68.5231197741401   ,283.530775749573   ,301.96312892956    ,315.606402256245   ,0.00699612956527234,2.64459088725052   ,12.4388757787599   ,9.33234940407751   ,41063              ,jul                ,2012               
32.9223353821288   ,0.596528505387086  ,216.602180631715   ,-1.70124445452532  ,6.23583074665778   ,44.2387979233955   ,29.071116879751    ,82.8771807289349   ,285.258093243937   ,302.97408733165    ,317.687997132172   ,0.00833873905745137,3.46141480007318   ,14.0979031886307   ,11.4848173434943   ,41049              ,jul                ,2012               
30.743791448638    ,0.816155755022568  ,228.338845742551   ,0.912366921569646  ,5.81932838126418   ,44.1982226109324   ,28.8358055292492   ,78.4853431695583   ,282.681743369944   ,300.955345312412   ,311.774109222157   ,0.00779005666309764,3.00245143758591   ,14.278469318244    ,11.1083832718376   ,41061              ,jul                ,2012               
38.7424134507084   ,0.210917498124333  ,221.396657268297   ,-0.726808195146057 ,6.57190889611149   ,46.1372912850994   ,28.0861239014148   ,85.9008818991337   ,285.721168681834   ,303.767568642922   ,324.750190668075   ,0.00848851816910531,3.86189577573494   ,13.8488053770599   ,11.2745864893095   ,41021              ,jul                ,2012               
41.6743221592395   ,0.144543032177528  ,211.606564571263   ,-0.0993400825351861,6.64454448603162   ,47.0190069117292   ,28.6696336525293   ,88.1270582536958   ,285.746432906163   ,303.496896231046   ,330.305093715965   ,0.00860174511599013,4.11833869855464   ,13.5368640156112   ,11.4662984044029   ,41055              ,jul                ,2012               
37.4475489039916   ,0.118160695258868  ,239.838095296889   ,1.31892212900523   ,6.05931639092266   ,44.2182438507843   ,32.3573928116336   ,89.6088708182978   ,283.975669832729   ,301.745209722378   ,329.494605355464   ,0.00864725072313324,3.41597877935284   ,14.2026435559258   ,12.1163704461447   ,41065              ,jul                ,2012               
48.1367493321615   ,0.00700309531851931,223.999845772466   ,-0.0437385025909623,5.6988767661541    ,63.4081949903476   ,19.2948869146666   ,70.2749769034179   ,284.093105246893   ,303.314959784599   ,283.893380573992   ,0.00631760211337505,2.88779533691855   ,10.4948296610603   ,8.57141944239522   ,41059              ,aug                ,2012               
54.712488980318    ,0                  ,221.29202575348    ,-0.282488678188772 ,5.55025677400762   ,74.6945828254514   ,15.7667381876805   ,58.0477399919632   ,283.018273061644   ,302.415189191877   ,283.124633888023   ,0.00522110238527523,2.62315008394503   ,8.57614603726718   ,6.97104144712186   ,41063              ,aug                ,2012               
48.8441771343136   ,0                  ,201.689773674894   ,-1.26490287662177  ,5.90955894258332   ,61.4073602276625   ,20.6866403757529   ,74.4339993842005   ,284.758312405092   ,303.615994040295   ,287.125002740706   ,0.0068185315154309 ,3.18267517238528   ,10.7128881409933   ,9.21468781162569   ,41049              ,aug                ,2012               
50.6452478692903   ,0.00985889655097648,243.909275983767   ,0.848740069739858  ,5.57170941585661   ,66.0535985868417   ,17.3625964082507   ,67.209241185099    ,281.996167460099   ,301.739146050833   ,285.347862763825   ,0.00570227894247727,2.88130750013794   ,10.1521670058352   ,8.19093987574287   ,41061              ,aug                ,2012               
49.8455809705162   ,0                  ,199.887026013595   ,-0.730616655574634 ,6.13056904622899   ,60.8428640275254   ,21.1179532230522   ,77.4658596685199   ,285.59212397191    ,304.532082823573   ,288.310429488087   ,0.00725076290876985,3.40744890535831   ,10.6589536784092   ,9.63535266986695   ,41021              ,aug                ,2012               
49.2038696931682   ,0                  ,194.28563078366    ,-0.297771099152417 ,6.18227829543673   ,58.4001689389885   ,22.6203617435247   ,80.5606374979874   ,285.908258463657   ,304.43272653208    ,288.712218350272   ,0.00769914790599346,3.60725317567368   ,10.9829676639267   ,10.2650261418232   ,41055              ,aug                ,2012               
43.4188075977408   ,0.00306555415662718,207.942758073842   ,1.11349289399147   ,5.64166795064546   ,54.2092542360757   ,25.9936609487263   ,83.200491094098    ,284.231932772238   ,302.82483033842    ,290.208199479596   ,0.00788261795390774,3.06131026655025   ,11.7776399735123   ,11.0905155744738   ,41065              ,aug                ,2012               
50.8908293408274   ,0.0469465574681364 ,236.082742739882   ,-0.615659768588298 ,4.07720447335943   ,70.6099579006894   ,15.7569452110374   ,61.639436407805    ,281.1437215944     ,299.45108644936    ,209.967287689276   ,0.00438907322325799,2.72908814067543   ,8.76936754472471   ,8.13396617826773   ,41059              ,sep                ,2012               
56.616579627435    ,0.102001150225079  ,260.682904279927   ,-1.31065190943839  ,4.14715002605687   ,78.2963280317667   ,13.6364655602228   ,55.4992302192119   ,279.454027065642   ,298.16218161683    ,215.529739639976   ,0.00374090289593933,2.79713658728313   ,7.43002691363399   ,7.20959561308781   ,41063              ,sep                ,2012               
50.588690946822    ,0.00333234471956473,192.406589614575   ,-1.63770612650413  ,4.15765266702437   ,67.2749240069697   ,17.3016072807928   ,65.9200763388662   ,281.479276162459   ,299.717055357023   ,213.686256898011   ,0.00472363244964015,2.90230887613371   ,9.36155342362938   ,8.79587253290529   ,41049              ,sep                ,2012               
51.6508563281087   ,0.114716230823425  ,250.933972918977   ,-0.159459212667658 ,4.12229847150575   ,72.0416897454281   ,13.9782945420026   ,59.9791381732328   ,278.902527425633   ,297.820174821767   ,215.270982972133   ,0.00395013486742283,2.86902394748519   ,8.48151452131232   ,7.91150896588471   ,41061              ,sep                ,2012               
50.28620052574     ,0.00409261514484661,191.972337302547   ,-1.27021245708253  ,4.36014859079576   ,65.1720641508421   ,17.3321240036166   ,68.6792443437352   ,282.102954334131   ,300.797541531134   ,215.811527042318   ,0.00499888698214404,3.07826614172707   ,9.71419601641328   ,9.23982036172827   ,41021              ,sep                ,2012               
50.5508419453284   ,0.00132996844269379,191.462034972044   ,-0.812518282040053 ,4.55966349242956   ,62.8139520961174   ,17.5975510891418   ,70.9864754637779   ,282.194096523233   ,301.071683310347   ,220.887559295119   ,0.00520383386836854,3.35495320603861   ,10.1403974030218   ,9.7081438462869    ,41055              ,sep                ,2012               
46.352192675243    ,0.00660935625283405,194.868355236631   ,0.519950014687409  ,4.27604818156086   ,59.0793938892427   ,19.4407900166308   ,73.6252467879419   ,280.922593380706   ,299.894611743373   ,224.394926229149   ,0.00532619319661689,3.01227630247603   ,10.8956777834207   ,10.3599637504502   ,41065              ,sep                ,2012               
24.8732847575066   ,2.81045677960301   ,205.525128474375   ,-0.988772208749077 ,1.89409728646374   ,38.5947843724949   ,37.2139983195521   ,81.9208943123136   ,275.500524966234   ,288.754314118638   ,124.755756728391   ,0.00469612518142133,3.70878498167392   ,13.7233614187367   ,16.0328349209423   ,41059              ,oct                ,2012               
26.5381377969024   ,3.09569677039174   ,221.028760064571   ,-1.75291913535906  ,2.03105654630591   ,43.3552985224674   ,31.9651448916104   ,77.0465702577071   ,273.498076230872   ,286.856484460261   ,131.768447235748   ,0.00387594638149125,3.85592283930704   ,12.5647166877037   ,14.8980825063528   ,41063              ,oct                ,2012               
26.7613869623404   ,1.35800394627507   ,199.756040082512   ,-1.84183034248793  ,1.96022275908385   ,39.5738912979265   ,38.0407062848865   ,83.8708618079019   ,275.914406313684   ,289.395750388848   ,128.102930311053   ,0.00492561485412419,3.89837158078621   ,13.2670194793444   ,15.6076746510002   ,41049              ,oct                ,2012               
24.5347405571522   ,3.41176805062059   ,209.602408182075   ,-0.865609397864881 ,1.90155114141393   ,39.489787752832    ,35.3981016944291   ,79.5678387741034   ,273.427635964014   ,286.379452311684   ,130.740795363529   ,0.00414084234751619,3.80803644048033   ,13.4908037790878   ,15.7654633261872   ,41061              ,oct                ,2012               
24.5744484769796   ,1.42331788260304   ,199.491188246021   ,-1.41952549346724  ,1.98492327643243   ,37.6422517679624   ,39.2027061668313   ,85.4912198633152   ,276.484046300176   ,290.170979772573   ,129.74349149701    ,0.00521197310503503,3.80402507244762   ,13.6999265112341   ,16.0161605602918   ,41021              ,oct                ,2012               
25.1161310053438   ,1.43790142295766   ,202.11496806509    ,-1.03640122078432  ,2.03149983620806   ,36.1647532576324   ,40.843706714637    ,86.2733857479214   ,276.749389311656   ,290.118841151475   ,130.350112892011   ,0.00536204154600636,4.11220482563527   ,14.1276756415073   ,16.2759624940678   ,41055              ,oct                ,2012               
23.0944276872869   ,2.42583617057641   ,190.05096469853    ,0.0903678296898038 ,1.97297171806785   ,32.9424413203897   ,42.5225715109778   ,86.8550972514372   ,275.892302169129   ,288.971173081705   ,131.978903659941   ,0.00525052221111497,4.24194391095214   ,15.1332462166869   ,17.0149168208431   ,41065              ,oct                ,2012               
10.2324798838751   ,2.07348169587536   ,192.02037306274    ,0.0190188605893428 ,1.04916834933786   ,13.1713638218055   ,53.4006229176427   ,90.0955250079005   ,274.509989083734   ,283.519922356679   ,65.0490538224479   ,0.00476498528362856,3.73508477021856   ,21.8468592324794   ,20.0002373452744   ,41059              ,nov                ,2012               
11.7493794788847   ,2.44112923960516   ,199.373432979717   ,-0.608650879286582 ,1.19379505715127   ,17.1230905010201   ,48.2937104021197   ,84.615717867649    ,272.176130926137   ,281.554258833843   ,70.1170672781262   ,0.00394432226332021,4.24371926683438   ,20.5149734593772   ,18.3726726484188   ,41063              ,nov                ,2012               
13.6490485979416   ,1.40277149669215   ,184.710285259333   ,-1.16333676594916  ,0.975259911335264  ,16.6518117435446   ,53.7278717746701   ,92.240678000991    ,274.716106055295   ,284.032854822502   ,67.3988853720886   ,0.00496456836529863,3.40975609392084   ,20.1771480973062   ,19.9436800196533   ,41049              ,nov                ,2012               
10.0754952123626   ,2.34053150662669   ,184.198136293388   ,0.303310560906946  ,1.20046721387425   ,13.5814352148154   ,51.1267927515948   ,86.5356251654605   ,272.26291061213    ,281.298917554063   ,68.9598709473786   ,0.00407618743761293,4.65664109678916   ,21.7705634081805   ,19.1865822367413   ,41061              ,nov                ,2012               
11.6580934357909   ,1.39192154349891   ,186.067833181237   ,-0.345979288885141 ,0.874269004775006  ,14.3287026122335   ,56.8746069902233   ,94.1469577255154   ,275.02615837844    ,284.032003965697   ,69.3588107429325   ,0.00516927276903595,3.24849195177153   ,20.9320389629444   ,20.7328008869176   ,41021              ,nov                ,2012               
12.394087284815    ,1.5402314991427    ,194.560856454414   ,-0.0833723090705235,0.847304708310212  ,13.1448191056752   ,58.6420121923525   ,94.9873076909234   ,275.105725076835   ,283.891405084026   ,70.1584717365733   ,0.00526115432366653,3.41196712898      ,21.5035293053001   ,21.2946721469217   ,41055              ,nov                ,2012               
9.33946823643545   ,2.65023702010454   ,195.778388560309   ,0.634366526183847  ,0.887602437809746  ,10.2994403702114   ,59.0030730486842   ,94.0911403344783   ,274.496542186485   ,282.963945576417   ,70.9331502180833   ,0.00502874623990792,3.76395402335806   ,23.0458873353082   ,21.6026764480662   ,41065              ,nov                ,2012               
8.69628722882823   ,2.27393427915361   ,-688.592866130854  ,0.221379361244918  ,0.758810403613809  ,8.64503491960111   ,62.0639497162227   ,91.204255362378    ,270.49701847809    ,277.943357190602   ,48.6620508305021   ,0.00355142780422093,4.81977303134684   ,23.9199953410799   ,20.8687510810414   ,41059              ,dec                ,2012               
9.03564055053852   ,3.00179490824089   ,208.927131357615   ,0.076896545744234  ,0.623674615845084  ,9.16398965560103   ,61.3076119684117   ,90.9959168227402   ,266.704611880073   ,274.321174551335   ,51.4270160747853   ,0.00288744922626942,4.95856107573062   ,23.5099637415581   ,20.938535902967    ,41063              ,dec                ,2012               
12.1798875662461   ,1.22653291486399   ,220.634420801      ,-0.944032894247528 ,0.760786422397974  ,11.4645913087915   ,61.8620077169794   ,92.3628463695186   ,271.353348880788   ,278.69679940242    ,50.4524888657775   ,0.00376165177486999,4.79753993890568   ,22.3340204966214   ,20.5043324399785   ,41049              ,dec                ,2012               
4.93335509432441   ,3.54125215593066   ,194.503836766624   ,0.58385299858939   ,0.61016185709969   ,4.85537564268172   ,65.0606130435143   ,92.3052002824383   ,266.976903535819   ,274.326191372342   ,53.1140876917584   ,0.00301856814470686,5.42095030848872   ,25.0951193591302   ,22.1257895198477   ,41061              ,dec                ,2012               
9.96640633285563   ,1.48333524192835   ,221.26725391024    ,0.0822680943886157 ,0.627704305052203  ,8.26612478255068   ,65.4304576293539   ,94.3831669513178   ,271.846647763164   ,278.618699880456   ,50.6914442329454   ,0.00391174603613957,4.59350283487136   ,23.5578395380259   ,21.5147616806527   ,41021              ,dec                ,2012               
10.3621341027479   ,1.76459571199227   ,219.599089830335   ,0.241967955141257  ,0.570899256536661  ,6.63216088484566   ,67.4079963550233   ,96.0822139940764   ,272.16285666304    ,278.614799344842   ,49.312617473342    ,0.00404151690532462,4.71669004402082   ,24.392115426203    ,22.1998080030519   ,41055              ,dec                ,2012               
4.86414437237041   ,3.03727962296418   ,-208.218848681209  ,0.949754606988371  ,0.521730702615719  ,3.31136748411806   ,68.547880837708    ,96.1112076431073   ,270.738066203037   ,277.168009962958   ,50.3733420039298   ,0.00378222497657344,4.78675725523964   ,26.8974134298471   ,23.3480171826799   ,41065              ,dec                ,2012               
