bi,pr,th,pdsi,pet,erc,rmin,rmax,tmmn,tmmx,srad,sph,vs,fm1000,fm100,countyfips,month,year
9.48877504278029    ,1.83766503950166    ,209.260908220265    ,0.777948094936151   ,0.82435585631631    ,8.58393329824345    ,55.0219763825271    ,94.707022567102     ,271.296941355033    ,279.284330252729    ,59.0547503687535    ,0.00374198654338063 ,4.22263831116818    ,25.0508012228658    ,21.2846380185684    ,41059               ,jan                 ,1999                
10.36776805141      ,1.98514817155778    ,227.257233016       ,3.50897802999525    ,0.774250546051368   ,9.69268920168081    ,52.6485297718087    ,91.0723123477271    ,268.149098553562    ,275.914805323874    ,66.0540505056857    ,0.00301688759843856 ,4.44189650699674    ,24.640167544449     ,20.2009274204187    ,41063               ,jan                 ,1999                
11.6411502733099    ,0.989948838932515   ,205.449567455252    ,1.33163488565263    ,0.871632929947344   ,10.9337627052333    ,54.7521314764321    ,96.4583306666102    ,271.71915830597     ,280.195967362592    ,57.6011837936096    ,0.00392874228831203 ,4.47352846729113    ,23.0868557643456    ,21.1391614128097    ,41049               ,jan                 ,1999                
8.49367297182441    ,2.6508465116117     ,214.019995716927    ,2.54060877438926    ,0.723672649426937   ,6.0888462659508     ,54.5488881273319    ,93.6910612725395    ,268.340576909596    ,276.076988031227    ,66.4369202848926    ,0.00319510723421723 ,4.61817880742154    ,26.5783316484252    ,21.4729409533447    ,41061               ,jan                 ,1999                
12.3240025867785    ,0.884523151752867   ,207.30175019134     ,1.72370153034044    ,0.83554448435555    ,10.31431472312      ,55.9326822866652    ,97.4098005215889    ,272.273666321452    ,280.704253023227    ,57.8461923667861    ,0.00406412524340094 ,4.28407337618669    ,23.3087221981167    ,21.3715482408272    ,41021               ,jan                 ,1999                
12.9743588664751    ,1.15315354043128    ,212.158214234829    ,1.80250353341447    ,0.881839823571607   ,9.24012358514376    ,56.3335834442726    ,97.2702483807031    ,272.576615991828    ,281.094435540174    ,57.8714152598601    ,0.00412350856787157 ,4.58326574704081    ,24.0510476883617    ,21.4989938820517    ,41055               ,jan                 ,1999                
8.14648529336711    ,2.25595823335181    ,206.498805012629    ,2.42467776989881    ,0.732274869438539   ,6.00350638276161    ,59.219774551558     ,97.2499259979136    ,271.522602434974    ,279.383992999503    ,61.5017845740542    ,0.00393743721383238 ,4.55771779819972    ,26.1764610109674    ,22.3186591744504    ,41065               ,jan                 ,1999                
7.74935159204221    ,3.05454022915788    ,201.286378912804    ,0.508109708782992   ,1.29750489595266    ,9.79237830945901    ,50.405941230459     ,94.697435341134     ,271.066640142912    ,279.957681803852    ,84.8758620561692    ,0.00356385846727993 ,5.52129190435585    ,24.0700149395157    ,20.3772112415326    ,41059               ,feb                 ,1999                
6.53496207045584    ,4.42902628013963    ,213.331945328803    ,3.60438983708551    ,1.06891035504423    ,8.39252106259641    ,50.6579230342592    ,95.2434257791712    ,267.310796107922    ,275.660404215802    ,95.6725138800961    ,0.00287216241146937 ,5.77415668282595    ,24.255346128812     ,20.908148058585     ,41063               ,feb                 ,1999                
10.4360695366306    ,1.57708118518532    ,206.790862871625    ,0.536724795775901   ,1.31545196739551    ,11.9329782662379    ,49.7449866157908    ,96.6389194858012    ,271.897156576301    ,281.25346077068     ,84.0489262518102    ,0.00387359717397812 ,5.30339272578282    ,22.4954829069778    ,20.0862234280728    ,41049               ,feb                 ,1999                
5.06825297670115    ,4.87055050895514    ,202.375057147798    ,2.80042097553795    ,1.0605599426758     ,4.24227346733493    ,52.806236794386     ,96.7985279369186    ,267.598241915694    ,275.949440609294    ,94.6215604077361    ,0.0030294697861597  ,6.32044321272318    ,26.7094759533224    ,22.1988914617575    ,41061               ,feb                 ,1999                
10.8044762703044    ,1.20524096374663    ,204.088252695077    ,1.37206183257599    ,1.2182010761796     ,11.5535741203716    ,51.7824203716082    ,97.6745566015097    ,272.597887951835    ,281.629572464694    ,83.1606723035325    ,0.00407814581976042 ,4.99871882454423    ,22.4449951222015    ,20.2174912123242    ,41021               ,feb                 ,1999                
9.93737551106222    ,1.39706331893799    ,204.240077516688    ,1.57919604899126    ,1.16833900290548    ,10.260073055251     ,52.9879541285554    ,98.3601866851972    ,272.712425984038    ,281.671035075048    ,82.3540031095296    ,0.00418521703305322 ,5.08703440863487    ,22.9902144524089    ,20.5956708576247    ,41055               ,feb                 ,1999                
6.50876826863167    ,3.46024486439026    ,206.419526792787    ,2.5419848114831     ,1.02249803844761    ,5.7538024292252     ,57.5528413624594    ,98.3706233116376    ,271.57168322883     ,279.627704467926    ,81.6037579967386    ,0.00396549507637032 ,5.53339785595477    ,26.1517261452092    ,22.0998967988786    ,41065               ,feb                 ,1999                
11.6647119065481    ,1.20173283245337    ,198.613611397635    ,0.496281760995016   ,1.93040141983117    ,14.8972711798899    ,43.1758949000263    ,94.1377110488393    ,271.130984683853    ,282.916746830996    ,157.355168233593    ,0.00364863052277557 ,3.96981645402071    ,22.8176176017789    ,18.1182661460929    ,41059               ,mar                 ,1999                
11.2793112751165    ,1.60573276364198    ,201.492340143198    ,3.85003660483794    ,1.87404290974113    ,15.1399572395427    ,39.8917891102022    ,91.1567199880427    ,268.136438112024    ,280.158457900825    ,169.990344283975    ,0.00300000111142078 ,3.9515686123259     ,22.8364943489382    ,17.527785795283     ,41063               ,mar                 ,1999                
14.8996416641511    ,0.633965223087031   ,196.226547568176    ,-0.0337750304093744 ,2.00063540836209    ,18.5887784998404    ,41.4599932071587    ,95.7859824263874    ,271.780674195253    ,283.747118793495    ,158.581961900595    ,0.00376710031297812 ,3.94697976715358    ,20.9670126194528    ,17.7844803278117    ,41049               ,mar                 ,1999                
9.52108507842181    ,1.60491776380507    ,208.962210814082    ,3.02187619125892    ,1.83696325670101    ,11.3563582937311    ,42.3422307554919    ,93.8235885377046    ,268.115418772392    ,280.05040241881     ,166.601958289653    ,0.0031358839025942  ,4.34687934670017    ,24.4896132805299    ,18.3756146947875    ,41061               ,mar                 ,1999                
16.4197170300835    ,0.414594764834968   ,195.366109284498    ,1.00012615669283    ,1.98741000109489    ,19.2358569654576    ,43.1073476397058    ,97.0797863992402    ,272.684588154981    ,284.326796660107    ,160.823038828775    ,0.00401699062344569 ,3.89289014281765    ,20.618486444103     ,17.9603524622063    ,41021               ,mar                 ,1999                
16.1463866208481    ,0.463321062359011   ,193.21990132134     ,1.52967303886748    ,1.99244971468502    ,17.4366443633269    ,44.6382326310681    ,98.3783935024432    ,272.86839418208     ,284.533599439015    ,165.732285096407    ,0.00418063896494554 ,4.06098760690605    ,21.3204073502059    ,18.4792390198016    ,41055               ,mar                 ,1999                
11.7908476158494    ,1.19207951858192    ,202.386985503047    ,2.72768979042004    ,1.83802090294245    ,12.741944707011     ,46.9970623615568    ,98.3067614696413    ,271.741643547519    ,282.84580058092     ,163.925793615425    ,0.003979978521279   ,3.89738898700283    ,23.8141787705614    ,19.2561219526831    ,41065               ,mar                 ,1999                
19.4784444940391    ,0.967946791688749   ,237.583787016434    ,0.0537097364404263  ,2.95280907054084    ,27.458541686011     ,36.6760401499456    ,84.0297383678933    ,273.227362557384    ,286.768616030864    ,208.506012619726    ,0.00386722574898897 ,3.76862331184396    ,18.573064264188     ,14.0359273924733    ,41059               ,apr                 ,1999                
15.3878611588412    ,1.12675667317015    ,230.963993242138    ,3.38739951257105    ,2.76019210708447    ,26.7533893697129    ,35.8229944266361    ,82.1416761989638    ,270.595004447635    ,283.996046924369    ,218.239616010795    ,0.00337396210886778 ,3.43937575880673    ,18.3321475413574    ,13.8356350910414    ,41063               ,apr                 ,1999                
25.5273501009985    ,0.510532070782497   ,205.869931330667    ,-0.742446364864161  ,3.12443651901282    ,32.2717387250789    ,33.9568682779608    ,85.6331989255043    ,273.641387669162    ,287.525237714891    ,210.472794500487    ,0.003877041704945   ,4.01901686550955    ,17.025557998088     ,13.6286876624791    ,41049               ,apr                 ,1999                
16.820309127711     ,1.1712978211442     ,256.64037804572     ,2.46706071817335    ,2.8331101019981     ,24.9109003729336    ,36.8918517144129    ,83.239689470299     ,270.569840144405    ,283.908245054645    ,223.885678380958    ,0.00341091377543738 ,4.01446335030681    ,19.2643189124904    ,14.1916429307726    ,41061               ,apr                 ,1999                
28.8915602474984    ,0.245502540972799   ,215.909014410284    ,-0.0449611404460602 ,3.27060708594884    ,33.5530871553787    ,34.5123692401427    ,86.3250795045307    ,274.525291616825    ,288.396763111668    ,216.778339386932    ,0.00409224811066323 ,4.17521484529662    ,16.7427158976133    ,13.6146293903077    ,41021               ,apr                 ,1999                
30.5325268844193    ,0.151021047380453   ,216.256230061144    ,1.05982802076298    ,3.3846026090502     ,33.8188060921303    ,35.0514362151163    ,84.5582081276074    ,275.077362756562    ,288.571883435463    ,220.90342237387     ,0.00417048735913982 ,4.42322434973531    ,16.8019374081498    ,13.3035521571399    ,41055               ,apr                 ,1999                
23.9758489202635    ,0.330637648006685   ,215.580078045866    ,2.38935619860123    ,3.16898218067283    ,28.4656195862958    ,36.0767467361693    ,87.2666914624953    ,273.513662512245    ,287.433592392478    ,218.43321902876     ,0.00402990221184307 ,4.03626738124424    ,18.5813198000308    ,14.2035040873562    ,41065               ,apr                 ,1999                
24.6622786715773    ,1.38206545635018    ,242.071798570796    ,-0.349878622905316  ,4.08191965595827    ,33.1433117281191    ,35.8096785845855    ,82.188484489956     ,276.389613718132    ,290.400622644325    ,263.782439541343    ,0.00473644967935074 ,3.8512121710327     ,16.7803939196626    ,13.3821301184972    ,41059               ,may                 ,1999                
20.0796537836732    ,1.39180300152244    ,256.561852129188    ,2.80166071392856    ,3.77462237148287    ,33.0744351216909    ,35.0791990663407    ,79.3450512988234    ,274.070807311757    ,287.997059380419    ,258.170672831674    ,0.00428714930715684 ,3.46459724238286    ,16.3495765364038    ,12.8124859410485    ,41063               ,may                 ,1999                
29.078762681101     ,0.891640204302067   ,234.392018788642    ,-1.30400195056296   ,4.25889611657438    ,37.7271075238652    ,32.3526919685774    ,82.7597739840254    ,276.872844361671    ,290.891585866899    ,262.970032679231    ,0.00460881229655473 ,4.19918516446883    ,15.3249710920875    ,12.714230349289     ,41049               ,may                 ,1999                
21.1127197971662    ,1.39998384419872    ,263.762206094733    ,1.80464220042091    ,3.79319484262816    ,31.2974717346998    ,36.8637881070482    ,81.3328514957466    ,273.866534856495    ,287.616678579582    ,265.893910099396    ,0.00433596296846786 ,3.81763275766316    ,17.0111028267919    ,13.405149354027     ,41061               ,may                 ,1999                
31.0596885861829    ,0.671699487308577   ,243.858353788537    ,-0.99656220128739   ,4.5034945373956     ,39.4240363033316    ,31.1830758058077    ,83.870198296134     ,277.695509338196    ,291.921906886276    ,269.765178552791    ,0.00474670517915264 ,4.36310973817431    ,14.8363897714387    ,12.5260208563662    ,41021               ,may                 ,1999                
33.484725651546     ,0.417378643133345   ,245.089380280983    ,0.123257260566276   ,4.57707811082181    ,41.904420747237     ,31.1579986522612    ,84.1771374392838    ,277.720249857504    ,291.928927306611    ,273.581885107012    ,0.00478785051428814 ,4.58478735950933    ,14.0359318985442    ,12.1258755586571    ,41055               ,may                 ,1999                
25.0018182488415    ,0.702952586851117   ,244.236030248177    ,1.8301799933324     ,4.12831424801804    ,35.0059358475111    ,33.9904009926381    ,87.9113526859537    ,275.947839852966    ,290.244778301028    ,265.600455378418    ,0.0046914658157279  ,4.12212061653443    ,15.7957685783094    ,13.4299281337797    ,41065               ,may                 ,1999                
34.4850131808253    ,0.686411454227998   ,239.291940644372    ,-1.2019594350694    ,4.94198286159675    ,46.8272768874305    ,33.1958092670567    ,80.7754924209965    ,280.764544522789    ,295.47917797097     ,270.181424450822    ,0.00620060042913995 ,3.79347100902604    ,12.899591934602     ,11.2038107770958    ,41059               ,jun                 ,1999                
22.7970086249206    ,1.17967384648466    ,249.843011062248    ,2.04313687433104    ,4.2637316653848     ,39.203270860263     ,36.1819376952165    ,80.0097365381557    ,278.524894079462    ,292.440535320824    ,257.692143590745    ,0.00591037493330857 ,3.10653304302053    ,14.2698344267054    ,12.097143550297     ,41063               ,jun                 ,1999                
43.3781002091079    ,0.448590604878351   ,236.836870288412    ,-1.95551557136768   ,5.41697882533489    ,51.5940076683204    ,30.330108923937     ,81.4703851380273    ,281.46904677679     ,296.137169073348    ,282.696534827534    ,0.00607964419213288 ,4.47975230478596    ,11.9171056441612    ,10.6653620070604    ,41049               ,jun                 ,1999                
26.9484754083716    ,0.903217321387842   ,260.647433472906    ,0.832880422804091   ,4.37774556002499    ,41.3678748697508    ,35.6198717732685    ,81.4305203884423    ,278.14899094821     ,292.520870391469    ,268.382673460093    ,0.00588284945217969 ,3.4041658257457     ,13.9207844445342    ,11.9796915652821    ,41061               ,jun                 ,1999                
47.9050465108558    ,0.206393837020761   ,243.908694810547    ,-1.8063250413393    ,5.66082789027853    ,53.0783679054572    ,29.6798058735541    ,82.9409240491033    ,282.146245275259    ,296.983789501167    ,288.246461034914    ,0.00625423574606661 ,4.7885937733278     ,11.6338951398006    ,10.5955655076394    ,41021               ,jun                 ,1999                
50.2334544901422    ,0.0956805680977226  ,239.683919968904    ,-1.09808382526999   ,5.65055234655302    ,53.1272676650079    ,30.7554861630148    ,83.6008021698593    ,282.275545672738    ,296.645915049651    ,290.737575033534    ,0.00634477633200441 ,5.04856076928375    ,11.4913698436224    ,10.7169034859358    ,41055               ,jun                 ,1999                
37.4272483587835    ,0.293816720927894   ,252.671577108501    ,1.02725522033147    ,4.90683540114156    ,45.707860636248     ,34.6632977244089    ,87.8712636156238    ,280.238960618239    ,294.890339210113    ,285.06324160916     ,0.00629524065132044 ,3.94035288515995    ,13.0478782864625    ,12.0700507447436    ,41065               ,jun                 ,1999                
47.4493776164961    ,0.0688850464666614  ,226.625533071931    ,-1.70492899869578   ,6.10879736863709    ,60.6558751472167    ,21.9801603179537    ,69.2188809067234    ,282.412708545694    ,301.118484710582    ,310.792720395361    ,0.00563121129367405 ,3.26743246104645    ,10.9800512992121    ,8.69387346958151    ,41059               ,jul                 ,1999                
39.0107590434053    ,0.301202533035446   ,217.857220813776    ,1.25067540360636    ,5.71128993334336    ,60.7276824713022    ,20.4710152825786    ,58.4108613378007    ,280.605427712531    ,299.388589174463    ,310.915857586989    ,0.00490403041928074 ,2.69927155305967    ,10.7973031061862    ,7.72705459216903    ,41063               ,jul                 ,1999                
51.4536276337686    ,0.0725923841143392  ,230.889568950221    ,-2.21695484865918   ,6.39390460613551    ,60.8572138038323    ,22.1025407005858    ,72.7005681490661    ,283.116889925266    ,301.372721100755    ,317.512878576458    ,0.00592532001166277 ,3.72538899534801    ,10.8425552993585    ,9.07692613319416    ,41049               ,jul                 ,1999                
43.2577231530523    ,0.163473208455724   ,228.587441501542    ,-0.385190113808638  ,5.76575368982252    ,60.1927098429569    ,21.21939400096      ,64.5334355678277    ,280.121906000074    ,298.988664578005    ,310.757336469534    ,0.00512785921707803 ,3.0158794901277     ,11.0251564624062    ,8.26466140697696    ,41061               ,jul                 ,1999                
54.7038780376489    ,0.0686524799762584  ,235.982490290554    ,-2.17073614461419   ,6.75209834425837    ,62.5663049505517    ,21.4602958414105    ,73.864035559381     ,284.045377975374    ,302.561606181527    ,318.922478997546    ,0.0061487194665488  ,4.01209212329437    ,10.4027951796688    ,8.96609988737512    ,41021               ,jul                 ,1999                
54.4468432223087    ,0.116065589647227   ,231.819654549367    ,-1.54593461435324   ,6.80149191252534    ,61.0862830190293    ,22.6117289347416    ,77.1535687733542    ,284.197698135822    ,302.619979366179    ,320.038437522913    ,0.00650144947557121 ,4.22829822327051    ,10.4835778266793    ,9.41935883897854    ,41055               ,jul                 ,1999                
43.3739252040884    ,0.16017166660214    ,240.476835229642    ,0.343154205310375   ,6.15663735689422    ,53.7716247986847    ,25.8175128657385    ,81.6991127687376    ,282.286663191669    ,301.331219265341    ,319.813200776438    ,0.00678764240508386 ,3.44725176160233    ,11.9439575311985    ,10.5230961929668    ,41065               ,jul                 ,1999                
29.1100182908921    ,0.767074737091948   ,226.370830426259    ,-1.74879497851535   ,5.00879864811362    ,49.8037845985015    ,27.0711718503035    ,84.1934169560664    ,284.171182700493    ,300.975713339098    ,259.488050878264    ,0.00766589566318151 ,3.03470430300802    ,11.4575716862946    ,11.8212973168456    ,41059               ,aug                 ,1999                
24.4026753253194    ,1.24735778955826    ,191.672734058437    ,0.834612245492351   ,4.78734524636459    ,50.4891249648395    ,24.7735250520028    ,75.0355963064805    ,282.959480446562    ,299.583279837504    ,260.978430454332    ,0.00672808574622004 ,2.50484129692036    ,11.392676416945     ,10.8429594153802    ,41063               ,aug                 ,1999                
37.7930142288853    ,0.518565612442861   ,224.709344804728    ,-2.00597925655817   ,5.28312797323712    ,51.767501996792     ,28.2761576280786    ,84.7079354421329    ,284.951760943889    ,301.116050944419    ,261.557903703252    ,0.00794081103237436 ,3.6526881793155     ,11.32261137579      ,11.7459515016881    ,41049               ,aug                 ,1999                
23.078675991408     ,0.9539133252755     ,230.379504605475    ,-1.13475261335501   ,4.70843313452448    ,47.516087287681     ,25.6603213838921    ,83.7058533111353    ,282.115509047787    ,299.038900207495    ,260.976810804433    ,0.00712660113519242 ,2.73784032595295    ,11.6908359494166    ,11.9512811753058    ,41061               ,aug                 ,1999                
39.9441695383244    ,0.505728788006461   ,243.81934239586     ,-1.89002413155864   ,5.58388288419357    ,52.2853670425589    ,27.9999429067128    ,85.2828203917893    ,285.905257249167    ,302.039902068254    ,260.42260562523     ,0.00817751989704702 ,4.0203576482576     ,11.2154955763313    ,11.7428614453369    ,41021               ,aug                 ,1999                
40.4192310484469    ,0.343024083803028   ,242.612636630537    ,-1.42700327709172   ,5.69402415739818    ,51.8391424971377    ,28.5853603183492    ,86.8142216295099    ,286.274583155559    ,302.352077985705    ,259.036065064023    ,0.00846696306514408 ,4.28165980338645    ,11.2171510192858    ,11.8544168250558    ,41055               ,aug                 ,1999                
33.1371026923014    ,0.536399137417467   ,248.873383117436    ,0.270272799965446   ,5.03069310801774    ,45.2432898917192    ,32.3794427543702    ,90.375434075489     ,284.270447982076    ,300.759524721088    ,257.235343700191    ,0.00856296837802774 ,3.42737537845202    ,12.6747230924478    ,13.1666357473678    ,41065               ,aug                 ,1999                
44.7596906676602    ,0.0195898350057498  ,185.698251613495    ,-1.82720553754494   ,3.83194797103505    ,56.2513535476415    ,20.7940269164429    ,75.4424255453198    ,278.495400423298    ,296.701511662633    ,204.700576164128    ,0.0044733363138558  ,3.18177252850654    ,11.4313942699769    ,10.7000923747785    ,41059               ,sep                 ,1999                
49.8465142705546    ,0.0486706643777285  ,212.952297844169    ,0.351364012121598   ,3.7928716871983     ,65.5728041872834    ,18.1123291635569    ,60.6307698121993    ,277.331774292348    ,294.870253043186    ,204.306599253319    ,0.00362383279661645 ,3.10903702483519    ,9.87771974843699    ,8.41777780397789    ,41063               ,sep                 ,1999                
45.109719432859     ,0.0229181949803394  ,167.800370742919    ,-2.00768691389765   ,3.95584908586522    ,55.7337250346705    ,21.822157685919     ,77.4432936866454    ,278.978903332722    ,297.122849301643    ,211.903852584599    ,0.00474200721510749 ,3.30027642501274    ,11.3666680909368    ,11.0698098738364    ,41049               ,sep                 ,1999                
46.207027751484     ,0.0356056692890896  ,212.249003597723    ,-1.4788868139862    ,3.79648932646331    ,58.3645925711016    ,18.9944156072562    ,70.7190251870803    ,276.647324610581    ,294.753069167902    ,208.674505036593    ,0.00396897529312237 ,3.29943610250214    ,11.1556091615496    ,9.98123394920993    ,41061               ,sep                 ,1999                
46.096761233213     ,0.0221561562089893  ,171.670452476596    ,-1.81247910585767   ,4.12276336338736    ,55.7613471273448    ,21.3779522870405    ,77.8457883421225    ,279.874511423785    ,298.17553806234     ,214.198128883901    ,0.00493545623694095 ,3.37727454015535    ,11.4122607564394    ,11.0416196070344    ,41021               ,sep                 ,1999                
48.0962460989889    ,0.000223646747206154,170.926193046217    ,-1.42328086412615   ,4.30658486593536    ,56.1709228043435    ,21.6225868837643    ,77.5051666601824    ,280.677496477688    ,298.684932739972    ,216.691062921297    ,0.00516154361148065 ,3.59579848588442    ,11.3762360434318    ,10.9628507859061    ,41055               ,sep                 ,1999                
43.1721782132305    ,0.0079514794532496  ,172.017670677013    ,0.104268670105249   ,4.15062693781693    ,51.5232016332963    ,22.4781104516872    ,80.341145292251     ,279.345008939018    ,298.003389977705    ,220.286233046857    ,0.00520157466914647 ,3.43435183694498    ,12.4357359357091    ,11.6114548201883    ,41065               ,sep                 ,1999                
32.435355864537     ,1.12356110757464    ,178.248393493078    ,-2.32554801833912   ,2.17939804682516    ,45.1814834511298    ,29.7343272068795    ,81.5122213800655    ,274.808353807905    ,289.560858865244    ,131.038548641698    ,0.00409965806827606 ,3.50855790056675    ,12.6442220313914    ,13.8641866463877    ,41059               ,oct                 ,1999                
38.0936074884623    ,1.35303344801557    ,206.512897550989    ,-0.905852871480244  ,2.36091083482651    ,56.0037485074169    ,24.5349167580532    ,67.6616844119806    ,273.902527704805    ,288.505531528747    ,135.488297264543    ,0.00328029557303372 ,3.52036011334321    ,10.5050014049023    ,11.3035758505711    ,41063               ,oct                 ,1999                
32.3286366026418    ,0.936303085463335   ,168.912228092574    ,-2.43846564814058   ,2.24107706816318    ,43.0047719764903    ,30.5491250301813    ,84.4038016036281    ,275.223938626104    ,290.053793355835    ,136.53240546639     ,0.00429084573041122 ,3.64701895624414    ,13.1146284381877    ,14.4639929875674    ,41049               ,oct                 ,1999                
35.7315142366737    ,1.2191100521861     ,200.783454858601    ,-2.13326294642908   ,2.31714247975251    ,49.2437658049395    ,26.7520884341047    ,75.6881153686262    ,273.470882056938    ,288.216380044503    ,136.645844789731    ,0.00358239167082642 ,3.70880614435089    ,11.8931272233639    ,12.7730383867479    ,41061               ,oct                 ,1999                
32.2204367275207    ,0.908903960543744   ,169.989272963506    ,-2.10793163644928   ,2.27016975091564    ,41.4801640237231    ,30.9446433525689    ,87.1192558758378    ,275.716351389356    ,290.713117622131    ,138.830764312826    ,0.00450352361459374 ,3.68116602628962    ,13.4379272248794    ,14.956682731671     ,41021               ,oct                 ,1999                
32.1595307434704    ,0.816755127056983   ,165.516099083831    ,-1.74254980084957   ,2.27207122427453    ,40.4140483240568    ,32.4665454473389    ,88.3609116515941    ,275.991445636731    ,290.525371707671    ,140.610469578482    ,0.00469642741187677 ,3.98393169035891    ,13.563680757556     ,15.2534366270165    ,41055               ,oct                 ,1999                
29.0175190292722    ,1.23870637482969    ,180.23969443294     ,-0.86439954715524   ,2.15726380695014    ,37.8813248478082    ,33.5994102467056    ,88.5178071330459    ,275.348483914531    ,289.892184373893    ,142.889344544184    ,0.00467822597541657 ,3.73747585754088    ,14.2848526921808    ,15.6038130432047    ,41065               ,oct                 ,1999                
13.4001195361011    ,2.27178332145862    ,193.673175890925    ,-2.45787411961071   ,1.20440671337238    ,21.0414017879178    ,48.3976098932178    ,90.2412083701582    ,275.366921490128    ,284.663364225139    ,65.7645771706604    ,0.00483529779032874 ,4.04300665871855    ,18.3163087643798    ,18.6193310797083    ,41059               ,nov                 ,1999                
14.309894070462     ,2.9981954395643     ,206.392063906476    ,-1.44093478438043   ,1.3179572495977     ,25.3463771098901    ,45.1670289059619    ,84.0604804482493    ,273.598583860775    ,282.551899763699    ,71.3676996934664    ,0.00406746630539785 ,4.40079203316104    ,16.7997614611557    ,17.3145471820742    ,41063               ,nov                 ,1999                
15.5220405895562    ,0.862931115451361   ,196.730236718126    ,-2.42255688384565   ,1.13043599478237    ,21.5511273568555    ,48.4073968135874    ,93.1448648715727    ,275.597615551907    ,285.159410342871    ,66.1355230364708    ,0.00500825050862524 ,3.91069110112353    ,18.2662373946807    ,18.8395096282892    ,41049               ,nov                 ,1999                
17.1710929622349    ,3.4021921141323     ,197.334963616265    ,-2.47259327168327   ,1.40262911048016    ,25.3788908368549    ,45.9847577042442    ,83.27381735578      ,273.700045829114    ,282.550939101231    ,69.5994079009005    ,0.00411544870080258 ,4.7704697766618     ,17.0706849729279    ,17.1366657682898    ,41061               ,nov                 ,1999                
14.3130257712848    ,0.9298277172365     ,196.051195476017    ,-2.07376073188203   ,1.03782332159643    ,19.6196033969688    ,50.4606026116505    ,95.0256938877602    ,276.045819299785    ,285.295135093415    ,65.3600158638227    ,0.00524149900303733 ,3.72934336109454    ,18.7551812858534    ,19.5066731707019    ,41021               ,nov                 ,1999                
11.219179604783     ,1.38874476222378    ,194.897842918827    ,-1.7479761398559    ,0.889273549219844   ,15.8360764366095    ,54.6898568482427    ,97.3154418551201    ,275.867125301844    ,284.673378460681    ,63.6949970579984    ,0.00541891271151334 ,3.83893747922854    ,19.7660955100032    ,20.7679435313561    ,41055               ,nov                 ,1999                
8.21649369835119    ,2.85212405338232    ,200.019064614415    ,-1.12980245422878   ,0.895788723748487   ,12.5285127918036    ,56.5304080729718    ,96.6135173966557    ,275.189368601742    ,283.661684327026    ,63.0144934420819    ,0.00520859472082729 ,4.17418026686085    ,21.3127283675039    ,21.4129693088739    ,41065               ,nov                 ,1999                
8.2164401449415     ,2.08022493477076    ,199.930192311       ,-2.44063188471147   ,0.595885437427533   ,9.13151807573569    ,60.7739023947558    ,95.2249384343229    ,270.663792168489    ,277.992678095331    ,53.0270757314648    ,0.00368524702906014 ,4.02898181807949    ,23.7973987363558    ,21.6763588621653    ,41059               ,dec                 ,1999                
7.57035706499728    ,2.44149113920993    ,221.065144136847    ,-1.15879265792095   ,0.527159468024222   ,9.46320929117254    ,59.126446608619     ,92.6007497778584    ,267.589244389034    ,275.277824454319    ,56.1305636868332    ,0.00303111738608911 ,4.23136628901451    ,23.6083882524695    ,21.2506301893221    ,41063               ,dec                 ,1999                
12.5428594388397    ,0.736446510774147   ,194.28699444213     ,-2.6911661038224    ,0.673016665938325   ,13.4377667082091    ,60.3656362272266    ,95.3982809339726    ,271.456799598681    ,278.786211898564    ,53.7183711958181    ,0.00387127424476922 ,4.37364149214294    ,21.4317877525642    ,20.785478306316     ,41049               ,dec                 ,1999                
4.64071859853683    ,3.32322231464327    ,208.819659813461    ,-2.14789205318616   ,0.484855598685305   ,5.40286784818103    ,61.3376576426       ,94.4025774684953    ,267.776220433114    ,275.157640890742    ,57.7657061493642    ,0.00313639708821482 ,4.33932390450205    ,25.2783129346714    ,22.5135173300755    ,41061               ,dec                 ,1999                
14.2473376795851    ,0.458190831893771   ,192.353068931986    ,-2.26605336850017   ,0.604480100144509   ,13.1204524516468    ,63.5321868731039    ,96.2376881855866    ,272.018234241585    ,278.827203053376    ,53.3652445147324    ,0.00402276963514854 ,4.10734694580163    ,21.6009497350624    ,21.054253655        ,41021               ,dec                 ,1999                
12.7376388692926    ,0.476988284722639   ,189.832060274418    ,-1.73235827283553   ,0.557250368866714   ,9.7924997619139     ,65.9078994713796    ,97.968243579976     ,272.123740757279    ,278.735705381992    ,53.1417279645016    ,0.00410888966671727 ,4.40381634610671    ,23.0744544638993    ,21.9099494588305    ,41055               ,dec                 ,1999                
9.14020928746793    ,1.40213379198403    ,193.99669444423     ,-1.14817441106079   ,0.571965164855331   ,7.40862439552363    ,63.410269673369     ,97.1741545554919    ,271.320882421107    ,278.08129069129     ,55.3095503382472    ,0.00386044949122358 ,4.76216661120536    ,25.0277159389268    ,22.2242690416853    ,41065               ,dec                 ,1999                
