bi,pr,th,pdsi,pet,erc,rmin,rmax,tmmn,tmmx,srad,sph,vs,fm1000,fm100,countyfips,month,year
3.65999560929949   ,3.0100785470501    ,182.026875687057   ,2.1368279599525    ,0.696963748938204  ,4.09976341674843   ,59.9260095495669   ,97.5187731035702   ,269.977264839471   ,278.525698406934   ,60.7985183983322   ,0.0036913634418357 ,3.97206034269554   ,26.0309494581265   ,23.0013768864961   ,41059              ,jan                ,1998               
6.21770696588182   ,3.250551652391     ,204.292362601365   ,3.16039471408148   ,0.678095421894373  ,7.10962709530387   ,58.9162149151803   ,94.7447761391077   ,267.673821784669   ,275.739649962174   ,66.5713666542749   ,0.00316608242242996,4.37392568536491   ,24.7491371616563   ,21.7815652059266   ,41063              ,jan                ,1998               
3.67282514159337   ,2.44462900629792   ,175.144227115996   ,3.07715118581504   ,0.684051345617304  ,4.0697670501891    ,59.7082296691016   ,98.4222814917182   ,270.288950575584   ,279.046118862704   ,59.7413477897644   ,0.00383026624662054,3.83131859462983   ,25.5086797215089   ,23.1015278428536   ,41049              ,jan                ,1998               
3.46667876257281   ,4.11386674468568   ,194.908692143847   ,1.82255325977204   ,0.642183309268282  ,2.89021887607501   ,62.0411150344004   ,97.6317186590306   ,267.941571360914   ,275.941062498833   ,68.0417894900439   ,0.00337026035899021,4.77244466706986   ,27.0018383500871   ,23.4444443442536   ,41061              ,jan                ,1998               
3.51007299642283   ,2.31205971811705   ,172.811486330775   ,3.53532988741495   ,0.626571000943775  ,3.64292613825097   ,62.0970214876229   ,98.7157341869833   ,270.819519919448   ,279.097281583509   ,61.047871316104    ,0.00395412006331553,3.6587369453065    ,25.5163731296538   ,23.2468587662879   ,41021              ,jan                ,1998               
3.6368100840305    ,2.32434964283719   ,172.798044934045   ,3.14399556365394   ,0.551640075596126  ,3.04211171917496   ,65.5784135655488   ,99.4449990018317   ,270.763464351439   ,278.841548212293   ,60.4373938532241   ,0.00408150020554515,3.94393079574548   ,25.9256218752081   ,23.7839738906633   ,41055              ,jan                ,1998               
2.55343049244361   ,3.70417184284356   ,182.116906169949   ,2.80095356939      ,0.516818992497195  ,2.08388124903476   ,68.4539470041557   ,99.393019843365    ,270.521844168733   ,278.014581157243   ,61.6868045960201   ,0.00405648330577336,4.1327104969252    ,27.3711218577559   ,24.5320742123288   ,41065              ,jan                ,1998               
7.06877845042772   ,1.81685009187787   ,185.896860314859   ,1.98370113817535   ,1.04978609974289   ,7.82292054797618   ,53.7311288588658   ,96.246124871632    ,272.137154105483   ,280.748040360782   ,86.7313090322597   ,0.00408206073931661,3.7487282862952    ,24.757889368789    ,20.4214754047096   ,41059              ,feb                ,1998               
10.4707867057633   ,1.87365936542062   ,202.566774748422   ,2.97301051697948   ,0.990801542517278  ,11.6911731117819   ,52.4413084789709   ,95.9788985235708   ,268.749386196727   ,277.321830424634   ,97.2087084702798   ,0.00334152525106397,3.98208734219323   ,23.2898348197118   ,20.0126026702689   ,41063              ,feb                ,1998               
7.68647653745786   ,1.34772747312446   ,184.286608125254   ,3.31955237824463   ,1.02061351249656   ,8.16236564192588   ,54.1629569824721   ,98.1323255889881   ,272.593238304155   ,281.48988928613    ,87.7874645833748   ,0.00431604922507738,3.40798144413628   ,24.4341365605392   ,20.7114050134225   ,41049              ,feb                ,1998               
5.34049055091679   ,2.72295863486603   ,193.673429522102   ,1.77458384520232   ,1.00315775908464   ,5.28685721830914   ,54.8570583378827   ,96.864777104144    ,269.154339364134   ,277.459076544006   ,96.523576621572    ,0.00349646497746138,4.73967556216519   ,25.8904920906827   ,21.2032429320892   ,41061              ,feb                ,1998               
6.43785912591421   ,1.12768366860658   ,176.058240831753   ,3.71348735272811   ,1.00392359311273   ,7.01834156830977   ,55.9649203855562   ,98.5025699780586   ,273.399324310757   ,281.92271262689    ,89.0005840290371   ,0.00450838709765275,3.38868084308146   ,24.5209584748941   ,20.9363492420235   ,41021              ,feb                ,1998               
5.326208189854     ,1.29915644145985   ,171.297324777347   ,3.29848864924373   ,0.967792407720783  ,5.22367851137436   ,57.6193057927074   ,98.9819741061855   ,273.63518432069    ,281.885719069861   ,89.6579367311776   ,0.0046260627936813 ,3.59729900636843   ,25.2453370574323   ,21.3708925940339   ,41055              ,feb                ,1998               
3.76529761252424   ,2.07260338147675   ,182.889178567515   ,2.82776683314234   ,0.9409120095124    ,3.74251728362389   ,58.4350036953911   ,98.7462846239606   ,272.671126600349   ,280.478361755381   ,91.5470741345332   ,0.00437192643507132,3.99413319292304   ,26.752687012399    ,21.9394760818589   ,41065              ,feb                ,1998               
11.1022081494578   ,1.48213328681035   ,223.037801724722   ,1.66434174340021   ,1.86273485220948   ,14.2100638818251   ,44.6927042831546   ,94.3247068580769   ,272.783397813914   ,284.171864211929   ,152.48790645579    ,0.00424249267869345,3.23503678794843   ,22.7884063322405   ,18.4725960175519   ,41059              ,mar                ,1998               
11.1312750600276   ,1.78216169914367   ,220.491165309743   ,2.53757791561541   ,1.76308703867934   ,15.818031984971    ,42.5398348602946   ,92.4442034542171   ,269.869467362899   ,281.071096277872   ,159.520646120016   ,0.00351683967072147,3.13819547715042   ,21.9196773990938   ,18.1297608493226   ,41063              ,mar                ,1998               
12.6201433554383   ,0.896482212239022  ,199.832572195759   ,3.18440416533285   ,1.95299050158805   ,16.8642442241763   ,43.0764603044632   ,94.6337124979631   ,273.397472944036   ,285.114557456616   ,152.667561355666   ,0.00436232287735361,3.24463258110134   ,21.5865793108155   ,17.9079498275875   ,41049              ,mar                ,1998               
9.57014721807028   ,1.99277039580566   ,238.719742788998   ,1.59284774033705   ,1.8039123152794    ,11.4137171665742   ,43.7820833443931   ,94.7039894538493   ,269.850038355406   ,281.333171255946   ,163.952256666128   ,0.0036625128118759 ,3.54371943720685   ,23.9936831016647   ,19.0396215714197   ,41061              ,mar                ,1998               
14.1913421140757   ,0.629901134386339  ,202.921240468684   ,3.42445223304862   ,1.98610389113984   ,17.7777348738063   ,43.801283992013    ,95.6987580714401   ,274.190654267452   ,285.830989602973   ,156.070266597376   ,0.0046140099594328 ,3.26363482910861   ,21.1088840680409   ,17.9642612145865   ,41021              ,mar                ,1998               
13.9504238151352   ,0.73265176532775   ,197.600205977454   ,3.02151751471774   ,1.93963365199723   ,16.2210121349082   ,46.1303943323878   ,97.1717603741401   ,274.347670112729   ,285.593519883299   ,160.002949028684   ,0.00478751109890591,3.41898203885593   ,21.6241607648025   ,18.5454676050079   ,41055              ,mar                ,1998               
10.9188054453123   ,1.26718018024194   ,204.954985329119   ,2.49717702093102   ,1.82294658271923   ,12.8315031207368   ,46.622685877898    ,98.0003309756869   ,272.988869171751   ,284.324660958863   ,159.896160438676   ,0.00455686046966312,3.27316031386345   ,23.2252192087429   ,19.2887279856285   ,41065              ,mar                ,1998               
14.6036494179503   ,1.18261385228789   ,202.591781133959   ,1.10006064918225   ,3.14343690391276   ,22.5312491620165   ,40.0240359778962   ,88.2600935422295   ,275.475732455559   ,288.249728459238   ,227.618559062612   ,0.00469247848634551,3.20539334617703   ,19.6934260862026   ,15.699845909546    ,41059              ,apr                ,1998               
11.2502098937311   ,1.80680784353148   ,219.337835139003   ,2.26090371105082   ,2.92072090386719   ,20.6230882368209   ,37.2977493965264   ,88.0324826029353   ,272.868599712487   ,285.614152418372   ,221.976213336269   ,0.0040387713650349 ,3.04302758619988   ,20.174839186724    ,15.8583777781411   ,41063              ,apr                ,1998               
15.8961527909277   ,1.06785125895476   ,196.061187250056   ,2.92466069599305   ,3.28109354591078   ,23.8178581079523   ,37.6304146744194   ,90.5897596860223   ,275.723595279341   ,289.057578750264   ,235.786761810809   ,0.00474908479884954,3.21931830177548   ,19.1685063599292   ,15.8006883895834   ,41049              ,apr                ,1998               
12.0518053527241   ,1.7953606787324    ,222.225771797165   ,1.216156395212     ,2.9506860185945    ,18.8064677885975   ,39.6218987123466   ,88.9481628885779   ,272.898755102589   ,285.337784288194   ,230.727044596417   ,0.00417004516759289,3.44103015230516   ,20.9825563094842   ,16.3187576868505   ,41061              ,apr                ,1998               
16.8008907173669   ,0.88817873666573   ,203.011433615516   ,3.18925665036453   ,3.37430410642902   ,23.5512878981665   ,38.6528952338586   ,92.2672667275279   ,276.599767187182   ,289.756883733246   ,242.793830931615   ,0.00503926637012378,3.30562025190434   ,19.2554175888      ,16.0759015837862   ,41021              ,apr                ,1998               
17.3079397891873   ,0.8001943884392    ,200.019341283096   ,2.89260743561312   ,3.37456652254854   ,22.2853357174708   ,40.6145474794548   ,92.9947400552255   ,276.750814492149   ,289.639714749282   ,246.151966215435   ,0.00521937930928344,3.47537829053332   ,19.8056251605817   ,16.3636157172465   ,41055              ,apr                ,1998               
14.501873616626    ,1.14548228402747   ,214.985206838337   ,2.45219765491234   ,3.1664098916076    ,19.1133143681176   ,41.3348609323361   ,93.7741704880033   ,275.400225310781   ,288.562570728696   ,239.717247213498   ,0.00502786206158577,3.0778022135008    ,21.2044292631498   ,16.8730888340394   ,41065              ,apr                ,1998               
8.05436000808033   ,3.10801443750629   ,226.689484092758   ,0.74719426352541   ,3.43273886549908   ,17.8875210512668   ,49.6933101057319   ,94.1600358445938   ,278.142087286493   ,289.68216432483    ,251.976923656728   ,0.00641852888078014,3.68973126988384   ,19.8950392195007   ,17.5548453690582   ,41059              ,may                ,1998               
6.9055990593426    ,5.05436684972588   ,218.678196479365   ,2.09512266919607   ,3.26795147083735   ,16.7501933713587   ,46.8736163338232   ,92.1036454679841   ,276.027003876221   ,287.641497743875   ,247.954955158883   ,0.00574608840062337,3.2138621404804    ,20.5351305713025   ,17.6589150780242   ,41063              ,may                ,1998               
11.8875520061483   ,2.32784640152316   ,219.379423448598   ,2.68487096545376   ,3.63583737683244   ,21.446527906346    ,46.1460633231184   ,95.4460460035971   ,278.593987636118   ,290.244238465768   ,256.920331436      ,0.00637716610623082,4.38556247522774   ,18.7407589639246   ,16.8898842335955   ,41049              ,may                ,1998               
4.16669849655726   ,4.8900884790007    ,227.877045748369   ,1.15553798601951   ,3.08224536957659   ,11.9714703394207   ,51.6138856037828   ,95.1545259330625   ,275.604671165621   ,286.664610022541   ,253.249289736488   ,0.00592475863062706,3.52851803578594   ,21.9722097319751   ,18.8941172787413   ,41061              ,may                ,1998               
14.3954582938574   ,2.49448663624217   ,227.444497100225   ,2.95637368343429   ,3.81909857862415   ,22.754569181172    ,45.114884866572    ,96.0320816511215   ,279.440468186711   ,291.15164264899    ,265.656029731997   ,0.00662386570539491,4.67511270581311   ,18.264326333342    ,16.6346899093891   ,41021              ,may                ,1998               
16.0318005755957   ,2.75320159243741   ,223.674564610943   ,2.75011567007496   ,3.81895476389642   ,22.0045968764369   ,46.1440934219173   ,97.0797809211517   ,279.503788592388   ,291.131566745518   ,271.008821120781   ,0.00675957637441613,4.97460568070389   ,18.6066271140202   ,16.9558403182988   ,41055              ,may                ,1998               
12.2111295180114   ,3.32032884515083   ,240.138168824196   ,2.53516997611143   ,3.38128912922171   ,18.1365401509271   ,49.9884296146602   ,97.9384875146596   ,277.861674812398   ,289.191549048584   ,259.256590340871   ,0.00643088251520521,4.07992869473479   ,20.0089430495289   ,17.8843270094289   ,41065              ,may                ,1998               
16.5442755684388   ,0.973070929572808  ,223.543207716452   ,1.22416322389159   ,4.84394095855175   ,27.7362419401051   ,36.2475666829292   ,86.8606244773528   ,281.648033361035   ,295.987622663148   ,291.4578444563     ,0.00707017438065787,3.2224532517327    ,18.5914163143693   ,13.3455315476222   ,41059              ,jun                ,1998               
5.99612412433267   ,2.16899595473457   ,219.048869779921   ,3.15507871628085   ,4.17731732771947   ,18.1999629591954   ,39.8032599299104   ,87.3196204312198   ,279.176922870627   ,292.297027987144   ,273.892310048261   ,0.00657918497391961,2.83324421779329   ,20.7741229676422   ,14.7902166022565   ,41063              ,jun                ,1998               
20.4080292100559   ,0.70466464959202   ,219.543918505024   ,3.02855149915289   ,5.15729168306054   ,30.313135898675    ,34.3342069055814   ,89.1086528872944   ,282.29177786143    ,296.743455506703   ,302.707831717286   ,0.00722148051110777,3.72416113204669   ,17.6717295872187   ,13.2353226282626   ,41049              ,jun                ,1998               
10.1219628335963   ,1.52634987640405   ,247.420241880079   ,2.17781589717562   ,4.30382218459997   ,19.3541210766388   ,40.0600058324837   ,89.1449402293453   ,278.700727032948   ,292.472885645486   ,287.184225681132   ,0.00667486489997648,3.16789699683464   ,21.0998304077431   ,14.6404704320774   ,41061              ,jun                ,1998               
23.5860611956264   ,0.440119656048891  ,235.738241484443   ,3.59828079057006   ,5.39110526539284   ,31.6028502160584   ,34.2954177207663   ,91.3503558859654   ,283.134112512903   ,297.653218719596   ,313.481582216171   ,0.00758125141145871,3.97324806589176   ,17.2531661137034   ,13.2587194058089   ,41021              ,jun                ,1998               
24.2647986550347   ,0.368170786429683  ,236.646477271162   ,3.61197651873323   ,5.44610486898506   ,30.8577822319945   ,35.3575747090241   ,93.0909055207905   ,283.163862624735   ,297.723607372262   ,321.102443321778   ,0.00784098106576221,4.18204251738087   ,17.4556181925314   ,13.4914449286507   ,41055              ,jun                ,1998               
19.8230966210546   ,0.644321267782669  ,257.946032093557   ,3.5112618955421    ,5.09331546325321   ,27.0775032493618   ,38.2735820201171   ,94.161281200074    ,281.427910216242   ,296.472422954141   ,314.493814489428   ,0.00772274012471858,3.77839201417373   ,18.5481673075417   ,14.2779922542039   ,41065              ,jun                ,1998               
29.0881303427598   ,0.499453508867919  ,235.077543230549   ,1.34515612922448   ,6.0090286926667    ,47.0487882714576   ,27.451134418886    ,77.8358582969507   ,286.777343342534   ,304.097524970955   ,309.240404421181   ,0.00862287513203831,2.61334981220677   ,13.5157308029431   ,10.3249447435886   ,41059              ,jul                ,1998               
20.2885085492549   ,1.37726904474453   ,211.697055938245   ,3.64427396391099   ,5.58661314069942   ,38.8521646447572   ,29.3530363812286   ,74.4176910513549   ,284.921609804965   ,301.621220082482   ,307.764589604852   ,0.00824190743037542,2.17697981608531   ,15.6717788824615   ,10.7622405666276   ,41063              ,jul                ,1998               
32.7852681998183   ,0.364542412145821  ,243.175025452388   ,2.9089169505379    ,6.41248523659489   ,47.3966760712688   ,26.9884298804885   ,81.3086806954292   ,287.099206824899   ,304.579228473825   ,317.487682412754   ,0.00882445806620498,3.21928107599072   ,13.3289500931754   ,10.6396499445583   ,41049              ,jul                ,1998               
19.600850101988    ,1.21319221322729   ,231.050789766068   ,2.69910497267428   ,5.52458938711053   ,36.8272240748495   ,30.0293616792777   ,79.1069242279162   ,284.085631066326   ,301.192463865778   ,307.498956775855   ,0.00834753618209186,2.37596272571492   ,15.9745360070232   ,11.5583109285004   ,41061              ,jul                ,1998               
34.0840226360515   ,0.494222332954064  ,252.313127664028   ,3.43478707915641   ,6.68967736723726   ,45.9567809422277   ,27.3963864028332   ,84.7115547570383   ,287.79208339623    ,305.275926640514   ,320.830023747609   ,0.00917852498780919,3.63743426513437   ,13.5400745647104   ,11.2394687267127   ,41021              ,jul                ,1998               
35.5227025076886   ,0.306050976449151  ,251.873195531885   ,3.41912296873319   ,6.7571956431769    ,45.1433671004276   ,28.2477048015037   ,87.6882552773159   ,287.950155580928   ,305.400422754523   ,321.139970771863   ,0.00955017908578016,3.89712759816991   ,13.6730112845977   ,11.5799629756627   ,41055              ,jul                ,1998               
28.2533202536647   ,0.353007203171787  ,259.932790370969   ,3.69616016122659   ,6.09620632882566   ,39.8491206637755   ,32.2298900966528   ,89.7538754647993   ,285.840130001165   ,303.691682654491   ,318.802621802564   ,0.00962119095597277,3.14704840473595   ,14.8496717994343   ,12.5242711602768   ,41065              ,jul                ,1998               
44.1804979917989   ,0.0744220745825177 ,218.929360983312   ,1.29103118744796   ,5.67203933130444   ,61.1866325295091   ,22.4155290393181   ,69.7522038843      ,284.983356682008   ,303.782576632892   ,281.858056789432   ,0.00662699698038197,2.73787619463528   ,10.5033666200807   ,9.27032981253006   ,41059              ,aug                ,1998               
39.8779326783731   ,0.165865161214776  ,211.69367177647    ,3.73447577471222   ,5.36197366925306   ,60.2520547739249   ,20.8133364485318   ,61.1799841206794   ,283.283547729072   ,302.077398151731   ,281.517485040965   ,0.00587954962414015,2.41041662210055   ,11.0656046267694   ,8.32390892437073   ,41063              ,aug                ,1998               
42.2330569152877   ,0.0633419321746444 ,231.175235330109   ,2.76168941494474   ,5.74822320390082   ,56.8487536514597   ,23.7923952769718   ,76.2313535550502   ,285.281637445935   ,303.944626689461   ,284.678864866752   ,0.00715800429230109,2.94981290518563   ,11.154980540497    ,10.3320682586759   ,41049              ,aug                ,1998               
43.2442804845072   ,0.066064866387431  ,222.581513947616   ,2.85582560590265   ,5.48397741156335   ,59.5597032600928   ,21.3790117143778   ,67.1438021074581   ,282.473731001076   ,301.745155788408   ,283.777193160762   ,0.00605179084583966,2.73365713408011   ,11.1720772586368   ,8.93443027547231   ,41061              ,aug                ,1998               
42.2880832572794   ,0.0866463053196451 ,239.481863029493   ,3.32969720198172   ,5.93701525603085   ,53.5417030339962   ,24.3558492279693   ,80.3648538972594   ,285.890948645888   ,304.754516391134   ,286.497251423475   ,0.00760441200778876,3.20762467850368   ,11.9081185381823   ,11.0685165252656   ,41021              ,aug                ,1998               
41.8696082010293   ,0.0961764917871093 ,238.718614975769   ,3.1613738554263    ,5.9801115295703    ,51.2587505636339   ,25.748242749468    ,84.0613031709358   ,286.190991171215   ,304.998757086572   ,287.12924024506    ,0.00814270344892244,3.3908994065728    ,12.2738968864114   ,11.7383211291392   ,41055              ,aug                ,1998               
37.9716109895132   ,0.0689178153024292 ,249.3773931635     ,3.51871677888116   ,5.60764226749236   ,48.268862533053    ,27.9129121584842   ,85.5405050253759   ,284.256505552992   ,303.914504093876   ,288.279641164981   ,0.0081829007257554 ,2.96342457839982   ,12.9778951536902   ,12.1601603003909   ,41065              ,aug                ,1998               
24.1878117808862   ,1.24461376025089   ,228.031889192343   ,1.07787368423126   ,3.44016987878755   ,44.1412900093112   ,31.8941029875484   ,83.3519234735182   ,282.662682396423   ,298.14111469092    ,194.369139217015   ,0.00713669259870059,2.60634502082339   ,12.594008162269    ,13.7238407154746   ,41059              ,sep                ,1998               
22.8633096381075   ,2.06190156161368   ,200.282566485934   ,3.63956857755745   ,3.37894643316597   ,43.341819997045    ,30.5258701549543   ,78.635363426742    ,281.346734001142   ,296.510551343264   ,198.433068903676   ,0.00654870345873763,2.40577725980665   ,12.9291374939861   ,13.2838108128601   ,41063              ,sep                ,1998               
26.3158080944548   ,0.711497416724345  ,227.744171326489   ,2.44270076676813   ,3.63976015863098   ,44.1386088258101   ,31.7729379235346   ,85.876694454739    ,282.473609330475   ,298.495512135824   ,200.908130107167   ,0.00721243676724624,2.95473628114343   ,12.5751170029815   ,13.6955095576574   ,41049              ,sep                ,1998               
22.3463520496519   ,1.92524783607986   ,229.567664451245   ,2.79708166112625   ,3.35943653702245   ,40.8895579165784   ,31.3772973674413   ,82.2457579189662   ,280.659752448439   ,296.118198905286   ,198.482591132961   ,0.00667959696534684,2.67260193609897   ,13.4652565764007   ,14.0492142283671   ,41061              ,sep                ,1998               
31.9336031128545   ,0.402544276951783  ,231.617642432459   ,2.86078494676427   ,3.92202096507599   ,45.7484529941942   ,30.1187345775973   ,88.7966783001225   ,282.815078058444   ,299.946906529158   ,203.755705295265   ,0.00741792701942387,3.18816079619944   ,12.5666146943117   ,13.6491876489315   ,41021              ,sep                ,1998               
33.671227399956    ,0.336079329990039  ,231.716881379307   ,2.69244164298152   ,4.09200764547663   ,45.1277273293359   ,29.7532659797408   ,90.7042456327591   ,283.203497257939   ,300.647918314497   ,205.462712012397   ,0.00767861242191848,3.41915727795681   ,12.8507277187548   ,13.8017555802421   ,41055              ,sep                ,1998               
31.0684247699284   ,0.601348913918888  ,237.337537512864   ,3.00082030454716   ,3.77365423031528   ,42.5729115059326   ,31.3021078674388   ,91.9776461994731   ,281.535037915542   ,299.167836044774   ,207.127676504827   ,0.0074537619494485 ,3.14932601342575   ,13.440900794276    ,14.365715687073    ,41065              ,sep                ,1998               
15.5119649969625   ,0.832850312725381  ,199.609106863024   ,1.03298769682534   ,1.75737857073386   ,25.4351151382992   ,38.3678795237542   ,94.5968705564196   ,274.662560392664   ,287.869447849521   ,119.840402001322   ,0.00485660509038533,3.26038543926781   ,17.2155636544157   ,17.6362503705639   ,41059              ,oct                ,1998               
16.5897321266309   ,0.843426269727631  ,214.371966884552   ,3.57979895497535   ,1.73307475320425   ,28.7535391244613   ,36.3699221598115   ,87.8643324609107   ,273.079491477397   ,285.482226726516   ,125.700070184965   ,0.00412639688591113,2.97673915156508   ,16.6098315954047   ,15.9728377447047   ,41063              ,oct                ,1998               
21.2822582667253   ,0.578684136689243  ,196.494679151244   ,2.15132809127397   ,1.83783716358228   ,28.2513042312078   ,38.2983110348451   ,95.0377071962387   ,274.760554920075   ,288.501097113634   ,123.842100949409   ,0.00493965036273264,3.56581982300302   ,16.5862297513682   ,17.4949351892421   ,41049              ,oct                ,1998               
13.8064474272842   ,0.893349762722013  ,221.344088385182   ,2.73439103541551   ,1.74746603244617   ,25.4895735622164   ,37.3225397041622   ,90.1588089188272   ,272.727294779678   ,285.23973995742    ,125.436900173265   ,0.00422864716535465,3.35299951214564   ,17.2957479794061   ,16.7247565011207   ,41061              ,oct                ,1998               
23.2415480271574   ,0.420608371099503  ,196.315796133568   ,2.40503984601081   ,1.81243337254999   ,28.1534972884469   ,39.5184867032956   ,97.4045421825866   ,275.013049781544   ,289.291120778715   ,124.167809987872   ,0.00525311632280941,3.62175223308153   ,16.6522073018378   ,17.9780950403311   ,41021              ,oct                ,1998               
24.4636548905284   ,0.29419570021968   ,192.639360838714   ,2.22112331857458   ,1.80794884143877   ,27.9429821445456   ,41.1881840958997   ,97.5859484482747   ,275.302330838894   ,289.485075410369   ,122.965210066002   ,0.00547778181333065,3.85995635279528   ,16.68983104269     ,18.0444291526249   ,41055              ,oct                ,1998               
18.3765017837489   ,0.720653521857976  ,194.425369200818   ,2.65234140212349   ,1.62632571252784   ,23.6634186641013   ,45.0216313980335   ,97.1094080463676   ,274.650468247592   ,287.973384944091   ,121.748735792861   ,0.00539106865955445,3.56717713577101   ,17.8708651688092   ,18.6483586793448   ,41065              ,oct                ,1998               
4.55307216398034   ,3.37890542007275   ,209.807438496656   ,0.986628970834653  ,0.833391491728311  ,7.48114020686798   ,59.0758323071545   ,97.5101942845528   ,273.918665808873   ,281.338566937983   ,58.0498982181086   ,0.00472760046535443,4.42093213927864   ,23.483905063507    ,22.7224683168445   ,41059              ,nov                ,1998               
4.50119549407555   ,4.28731319158401   ,217.815942756877   ,3.24970186649364   ,0.696754840463139  ,8.44556807588099   ,62.4863410981941   ,97.3108142394842   ,271.17309593254    ,277.534115754419   ,62.2505788362943   ,0.0040498802835995 ,4.60559317344378   ,22.5180933609987   ,22.8747393875411   ,41063              ,nov                ,1998               
7.01112083629364   ,2.17461724722885   ,213.844124747072   ,2.06281245285304   ,0.893151113013192  ,9.65363337075405   ,57.2489619819282   ,97.6301298647443   ,274.411189194125   ,282.245324573883   ,58.3382200342614   ,0.00490438341503202,4.68276421230605   ,22.2188807284437   ,21.9198292017399   ,41049              ,nov                ,1998               
3.60922439645453   ,4.35877897416123   ,212.177399952578   ,2.44395232060809   ,0.707138206126329  ,6.35430903909922   ,62.5947586047012   ,98.1117988253621   ,271.113675837262   ,277.896802271462   ,61.4620077761897   ,0.00412089338876813,4.87456871951313   ,23.6581057660766   ,23.3840847572672   ,41061              ,nov                ,1998               
8.35806563362543   ,1.99655018016936   ,213.881860509445   ,2.23528836325937   ,0.798343735892681  ,9.56387687197851   ,58.7077086192229   ,98.4364563900594   ,274.920308947179   ,282.541496685269   ,57.0932071515619   ,0.00511902723760867,4.47533345108729   ,22.3088785943193   ,22.1586580150042   ,41021              ,nov                ,1998               
6.99375647396452   ,2.4457409108969    ,215.050074552421   ,2.02222118345153   ,0.754560786301223  ,8.41662700570172   ,60.3891960750082   ,98.8893632981745   ,275.193565181264   ,282.55974869756    ,55.9153083884925   ,0.00525843167480546,4.72240001238578   ,22.6133768665396   ,22.5871593551561   ,41055              ,nov                ,1998               
5.18674599692848   ,4.03650912122733   ,213.292316987483   ,2.37294753837141   ,0.664303925129199  ,6.3051009923533    ,63.7288819869545   ,98.9496581548114   ,274.115986540823   ,280.941547279388   ,54.8907607624673   ,0.00499387063728624,5.04490679201917   ,24.1319382062881   ,23.4607984173826   ,41065              ,nov                ,1998               
6.90207326983857   ,2.76056000171908   ,210.915626067199   ,1.08109304440427   ,0.773364309856779  ,8.22281005926476   ,55.2143915325864   ,92.2375582962373   ,268.198870943082   ,276.4541188019     ,49.4439548065068   ,0.0030840881009478 ,4.33748907203607   ,25.5580510636302   ,20.9588281948835   ,41059              ,dec                ,1998               
6.97472695191974   ,3.30904334936473   ,224.762064436873   ,3.4819373722885    ,0.657196677936619  ,7.07017124529216   ,56.2955076443288   ,93.425211642561    ,264.966203576646   ,272.660820775599   ,53.0362369349509   ,0.00253833297895236,4.64153312360282   ,25.6847523263007   ,21.4014612071164   ,41063              ,dec                ,1998               
8.89846248965472   ,1.25368484067251   ,205.613324119991   ,2.03812545272692   ,0.880159166757258  ,11.6263558277757   ,53.2501880158096   ,91.5241085884667   ,268.922343877556   ,277.830285841591   ,49.9536395248526   ,0.00326519817849396,4.58907378857881   ,23.0688226824656   ,19.8150090048658   ,41049              ,dec                ,1998               
5.72005611564424   ,4.0119864698153    ,221.987989448814   ,2.46270796307075   ,0.619783120941785  ,4.86445513656019   ,59.8804520683132   ,95.0283727951992   ,265.068210510128   ,272.67533108307    ,54.1579361697381   ,0.00266202634861099,4.89220221590113   ,26.9234690305137   ,22.4702713194011   ,41061              ,dec                ,1998               
10.5541111976762   ,1.33449040312675   ,206.192200194859   ,2.25673419735689   ,0.841894685387464  ,11.3197319181537   ,53.9980523187432   ,91.8797140156912   ,269.708392761306   ,278.445757058296   ,49.4487796106303   ,0.00342150175973688,4.29813679039035   ,23.220831891477    ,19.9063491765747   ,41021              ,dec                ,1998               
11.0415667653062   ,1.58674847065066   ,208.512681786405   ,2.20105787867691   ,0.834258644945092  ,9.35069006548293   ,55.1335744472972   ,93.4070183491846   ,269.970850347032   ,278.502126929449   ,48.0609884643183   ,0.00350516548817778,4.58136460929819   ,24.2864594710501   ,20.6191240935298   ,41055              ,dec                ,1998               
7.98421641684654   ,3.20127943630425   ,204.91409677764    ,2.57682947665106   ,0.750852925317085  ,6.34623336738264   ,57.456388766208    ,94.2701409355466   ,268.945066846538   ,277.144282013627   ,49.2717518242552   ,0.00333554861237995,4.87404979241848   ,26.5064183021018   ,21.690637403546    ,41065              ,dec                ,1998               
