bi,pr,th,pdsi,pet,erc,rmin,rmax,tmmn,tmmx,srad,sph,vs,fm1000,fm100,countyfips,month,year
12.3968396793953   ,1.79458015920947   ,189.332640032818   ,-0.213629797297873 ,0.643460291733257  ,12.0687951258013   ,59.8270455028124   ,90.4176877013029   ,267.868794866414   ,275.718777024779   ,64.4630928364505   ,0.00294524512161659,3.67884070395029   ,23.0611189842428   ,20.3017855711254   ,41059              ,jan                ,2013               
11.7470154514733   ,1.94306789833305   ,215.00320819353    ,0.0720197995530337 ,0.685355087842001  ,14.1932720651717   ,55.1268738101896   ,86.4461246987861   ,265.674157737906   ,274.175630328942   ,69.0371887731735   ,0.0025439479091297 ,3.89337291060776   ,22.0519386670564   ,19.0560446434679   ,41063              ,jan                ,2013               
15.8309696716466   ,0.846697888658107  ,194.153099047818   ,-1.43487513983659  ,0.697887480450837  ,16.0905721170766   ,56.662340495015    ,89.6333638911029   ,268.609118800009   ,276.777105215775   ,65.7292666501279   ,0.00304679251750485,3.73886551904157   ,21.3896656360926   ,19.227135787681    ,41049              ,jan                ,2013               
10.7797928736866   ,2.61509433503006   ,174.540890746001   ,0.372682764285056  ,0.666250064605287  ,9.75400908697297   ,59.6246094269564   ,88.9642912935707   ,265.441350487664   ,273.617711870018   ,70.5771205415957   ,0.00261064220219572,4.46563856883241   ,24.0406277853671   ,20.3751015481223   ,41061              ,jan                ,2013               
18.6101007250834   ,0.466668696937579  ,185.861962226587   ,-0.334433545484271 ,0.695312516527262  ,16.8058122704964   ,57.3459123441507   ,89.3499723444284   ,269.377511257433   ,277.181615104634   ,69.6551472358187   ,0.00314280923192606,3.75864956287518   ,21.4968268510778   ,18.9016563966986   ,41021              ,jan                ,2013               
20.3182175117627   ,0.373288296940326  ,190.687528812802   ,-0.0789243718591059,0.718561208114545  ,16.4554793017582   ,56.64417177649     ,89.8139289750893   ,269.683295160167   ,277.536158468336   ,72.2577440045595   ,0.00319677500013261,4.09275395416849   ,21.8902470353549   ,18.8477772211853   ,41055              ,jan                ,2013               
14.3719277123292   ,0.932733588800797  ,180.535950620906   ,0.691452026419651  ,0.684406451606556  ,13.3133100277288   ,57.015963458936    ,88.4211326869899   ,269.376523227349   ,276.911986338607   ,76.2920056299407   ,0.00310742868512875,3.89609064360885   ,23.3552217155805   ,19.1030695552942   ,41065              ,jan                ,2013               
16.8910875607462   ,1.12387061558925   ,218.744433611885   ,-0.73228035016185  ,1.14331583995566   ,16.039428398447    ,52.3239154549511   ,91.7071341649473   ,269.98935343617    ,279.386102761203   ,99.1618250406567   ,0.00333170553716362,3.98499723033259   ,21.7981275140732   ,19.0129625827159   ,41059              ,feb                ,2013               
12.2680896599512   ,1.44177711924741   ,230.938007369027   ,-0.160317311180638 ,0.930201922190728  ,14.1853928994952   ,53.1197954691373   ,92.5451298774658   ,266.590159600074   ,275.709852270075   ,103.88369594754    ,0.00281152857328729,3.86103865998117   ,21.6678849241355   ,19.5861511976569   ,41063              ,feb                ,2013               
21.8101977412613   ,0.323777184784747  ,220.299379656185   ,-2.00396164734913  ,1.22959022808377   ,19.9747589302739   ,51.0918413652978   ,92.6797403504622   ,270.580719042645   ,280.39005710656    ,103.478324909217   ,0.00349277984409258,4.36581685798063   ,20.1667221024933   ,18.4600293033588   ,41049              ,feb                ,2013               
11.4655719891217   ,1.9147175376246    ,213.184401813891   ,0.110203568635587  ,0.878317075235871  ,10.0243975655907   ,56.2777683459892   ,94.8459534239727   ,266.320579092843   ,275.473726951424   ,106.827489574708   ,0.00288800052781893,3.9565793617167    ,23.6647304642558   ,20.8049691106907   ,41061              ,feb                ,2013               
23.7944631243537   ,0.162582632815005  ,-1941.32322097876  ,-1.25392459141831  ,1.26410242195814   ,21.9033381676205   ,51.3228135453344   ,91.4818930532219   ,271.688694978735   ,281.163050181044   ,105.975495109011   ,0.00364933078572888,4.2666017655214    ,19.5625810708002   ,17.9407733557266   ,41021              ,feb                ,2013               
24.8095243961092   ,0.195201939499393  ,223.537323100824   ,-1.12862347182591  ,1.31438809413534   ,22.1601364225174   ,51.0807685756444   ,91.3962926880558   ,272.187222428987   ,281.63128384532    ,106.187354379828   ,0.00376347229036902,4.55953374214987   ,19.4099944032224   ,17.9056488678868   ,41055              ,feb                ,2013               
18.9627097734324   ,0.703192560853827  ,226.206575400028   ,-0.318406879010364 ,1.19214891116102   ,18.2900226065305   ,51.7878388972668   ,91.8100895305256   ,271.116596642392   ,280.246264420546   ,106.607911255214   ,0.0035685954499543 ,4.16754793182953   ,20.8450501787635   ,18.5927565674205   ,41065              ,feb                ,2013               
18.5264573368194   ,1.12573551694104   ,209.545219308519   ,-1.25190650614541  ,2.03440346778923   ,22.4308126684869   ,42.3915882467128   ,86.8749565812314   ,272.655557768947   ,284.416810139813   ,161.33197503639    ,0.00389213464637552,3.81272243858784   ,20.0417378080678   ,16.2885813756367   ,41059              ,mar                ,2013               
18.0039846573891   ,1.17860398786014   ,213.596517464336   ,-0.427315101576221 ,1.86077869058785   ,22.0094915873926   ,40.73937975325     ,87.0852145411859   ,269.388670906912   ,281.004673165929   ,171.004771903167   ,0.00321581599586026,3.74995939031885   ,20.2153738061327   ,16.3647230303156   ,41063              ,mar                ,2013               
23.272483213913    ,0.568806519399994  ,205.414962529532   ,-2.66510845200007  ,2.11897427680559   ,26.8194693290849   ,40.9984354342264   ,88.1861634450151   ,273.230463093347   ,285.276313813952   ,159.855270019799   ,0.00403655283113144,3.84759959504021   ,18.2125494865484   ,15.8605487733209   ,41049              ,mar                ,2013               
13.6222882395387   ,1.32003843931623   ,194.709622761777   ,-0.116911038253677 ,1.7993007479852    ,16.6454097536644   ,43.917093602389    ,89.6934462223334   ,269.23050277874    ,280.908915159285   ,169.92032300918    ,0.00337317821444378,3.91189927245364   ,21.9878909948479   ,17.3813664619783   ,41061              ,mar                ,2013               
25.1722282064749   ,0.53953988132488   ,207.714434669349   ,-1.97472353325753  ,2.11635829740069   ,27.4095826366849   ,42.581243599529    ,89.0825312104724   ,274.110487833971   ,285.87489287009    ,161.361586231196   ,0.00431452501204315,3.8417609631086    ,17.8992588950341   ,16.1156723593362   ,41021              ,mar                ,2013               
26.002803636888    ,0.606130688851272  ,208.388855189158   ,-1.75110201842604  ,2.13142003027634   ,26.3187806577958   ,44.1344068723677   ,89.8734752609693   ,274.430909501317   ,285.870373564517   ,164.852122824409   ,0.00447095011092931,4.06733430950423   ,18.2789686550579   ,16.4822278720796   ,41055              ,mar                ,2013               
18.8400624217696   ,1.08875600774021   ,207.04962443323    ,-0.98500385438472  ,1.94739566820574   ,21.6914031192265   ,45.3896333445767   ,90.7397197798254   ,273.203377289202   ,284.66104708952    ,159.235180083841   ,0.00431669643729149,3.59679857750873   ,19.8197673660211   ,17.1998722181615   ,41065              ,mar                ,2013               
19.7471143621483   ,1.86494513364883   ,245.342182772049   ,-1.49963021196762  ,2.82668308434765   ,24.7966193123075   ,43.8930491759024   ,86.1648033794715   ,274.141994528528   ,286.232596529188   ,212.094023988736   ,0.00430909161127371,4.61266741411181   ,18.8158976553292   ,15.7111674687194   ,41059              ,apr                ,2013               
17.4524434955526   ,1.85357238795773   ,-59.2138838956961  ,-0.607297204087186 ,2.5711965444552    ,23.8814986364546   ,41.0636643266344   ,87.0211578645906   ,270.966010750368   ,283.278309409935   ,204.349235772531   ,0.00364583809640246,4.43110666722407   ,18.9126226434619   ,15.6994783055254   ,41063              ,apr                ,2013               
25.1720451399918   ,0.875708846413704  ,230.391591672914   ,-2.93785527556075  ,2.96566761901657   ,28.5901054242519   ,41.5025957815726   ,87.853229121596    ,274.468403903768   ,287.084923303148   ,219.326353815422   ,0.0044111931402042 ,4.89165303450188   ,17.4891336475991   ,15.3308478221011   ,41049              ,apr                ,2013               
14.9330045887276   ,2.27984193294014   ,262.169528468254   ,-0.225511922128732 ,2.55115039576719   ,19.8110124058617   ,44.2239775864087   ,88.0878042139438   ,271.080884366761   ,283.136212925538   ,215.481387002576   ,0.00379379797495476,4.59189172764374   ,20.3313991348832   ,16.5120257103688   ,41061              ,apr                ,2013               
28.0329303273481   ,0.586603634975287  ,230.731578124471   ,-2.26825756455     ,3.03349639252659   ,29.586074975698    ,41.7711313399536   ,88.8536879160147   ,275.194855086127   ,287.896903855561   ,224.743150675134   ,0.00463295736278856,4.88320812215888   ,17.3045319093352   ,15.3278247475181   ,41021              ,apr                ,2013               
30.3654252966942   ,0.469914068592454  ,227.390554747851   ,-2.05263232162357  ,3.0733747182069    ,30.1632491189834   ,42.105367438928    ,89.0608241109123   ,275.372246767159   ,288.02620119686    ,228.016727770978   ,0.00470115998716749,5.05296338814044   ,17.2135709713309   ,15.258739374488    ,41055              ,apr                ,2013               
23.7911505739913   ,1.02084132483071   ,245.136748020317   ,-1.07126303103397  ,2.83689600353845   ,25.1997117287236   ,44.222495649689    ,90.7863849199735   ,273.992317739159   ,286.828924329353   ,223.05592606729    ,0.00458800102389224,4.48200244667369   ,18.9424147510306   ,16.1923043676375   ,41065              ,apr                ,2013               
25.1169394016571   ,1.52817609299772   ,240.096442461982   ,-2.00952156529817  ,4.38168158874479   ,38.6097069668785   ,35.1802299783617   ,78.1400505957046   ,278.729388912782   ,293.023414142416   ,277.63698251908    ,0.00530452731312061,3.25462951780613   ,14.9010057610799   ,12.5556173906243   ,41059              ,may                ,2013               
21.9715632120912   ,1.59835396198476   ,241.217785347135   ,-1.32347018851319  ,4.10078361487916   ,37.9773115082086   ,32.3280014923456   ,75.4337757417372   ,276.379998440939   ,290.675943710668   ,272.650015279183   ,0.0046378833258384 ,2.95832009153672   ,14.9346823876527   ,12.144052005395    ,41063              ,may                ,2013               
29.0408298273864   ,1.20259338594297   ,227.199252147446   ,-3.47512389227982  ,4.57843890630641   ,40.6598722915395   ,33.173777982122    ,81.7316836466803   ,278.901575742753   ,293.621308277596   ,278.309046368566   ,0.00536320020213355,3.66391911665807   ,14.2480620516049   ,12.6675023901726   ,41049              ,may                ,2013               
19.9332231942423   ,1.73171063480815   ,255.772459317431   ,-0.755650044904079 ,4.07707889964029   ,33.9508108355523   ,35.4698216263966   ,78.2661725822458   ,276.157567107559   ,290.205820684156   ,280.506214628292   ,0.00486215319814014,3.23778382026546   ,15.8945703318469   ,12.9190716485776   ,41061              ,may                ,2013               
27.2529636828615   ,1.43375359764916   ,231.564336077517   ,-2.81062508848077  ,4.78255614200532   ,38.7625399729176   ,33.0561883270862   ,83.6108157490352   ,279.685033252706   ,294.522228178296   ,283.517260131854   ,0.00563007796141124,3.84630505681853   ,14.6462315163005   ,13.2009504288274   ,41021              ,may                ,2013               
29.8870253371329   ,1.29526085735852   ,228.440284177776   ,-2.58082526887369  ,4.94149147240852   ,39.4686037037333   ,33.2608794897058   ,83.3993754474156   ,279.941734349946   ,294.531534347146   ,290.333591658357   ,0.00567403770968286,4.11207073978648   ,14.5289422169966   ,13.0468912956693   ,41055              ,may                ,2013               
24.9868047536249   ,1.45187797241798   ,234.826151154186   ,-1.55635868124128  ,4.53215541019593   ,35.2425804964739   ,35.7791177351068   ,85.0286476432995   ,278.411982937821   ,293.011720514645   ,288.047104955768   ,0.00556176306890774,3.7012815771403    ,15.6690620439502   ,13.7016745937418   ,41065              ,may                ,2013               
26.6182218270586   ,1.55700008443353   ,224.690613127281   ,-2.24825826371921  ,5.26581266714511   ,38.77922626068     ,33.7804561324993   ,79.5373330392059   ,282.228754445259   ,297.573521615338   ,297.619209109763   ,0.00690459393928029,3.33692047510452   ,15.2446079417307   ,12.1152207198785   ,41059              ,jun                ,2013               
24.5912292584395   ,2.05864364972342   ,235.896408814206   ,-1.69099187363256  ,4.90886271487583   ,39.7888199540563   ,32.2345648857819   ,74.8215845164719   ,280.015389842142   ,295.404981372184   ,287.337538984161   ,0.00616555834857428,2.98011588369841   ,14.8533789374612   ,11.5949338045709   ,41063              ,jun                ,2013               
30.3346039049704   ,1.09936437741      ,223.9824199084     ,-3.48034157454447  ,5.49518728034659   ,40.3450031064568   ,32.0023429923033   ,83.1622253125043   ,282.818458546477   ,298.252684883797   ,305.131179336894   ,0.00705298085765666,3.59396698253837   ,14.8930461561909   ,12.1774876469717   ,41049              ,jun                ,2013               
26.0370490551387   ,2.0760037653093    ,238.097884237658   ,-1.07559542903416  ,4.89558334835272   ,37.6064123381705   ,34.5930201001422   ,78.8639472856247   ,279.584801208747   ,294.99015047301    ,293.998017116594   ,0.00641953357420632,3.30584704845285   ,15.5724107200717   ,12.2711401287518   ,41061              ,jun                ,2013               
30.1631808643743   ,1.08184426513119   ,229.548964047343   ,-2.44769976078504  ,5.67506505366152   ,38.5967716981635   ,31.6521244180838   ,85.3298117629362   ,283.509896931891   ,299.072771685481   ,309.69699685287    ,0.00729943472405035,3.76314875597995   ,15.4670328685638   ,12.3867204436287   ,41021              ,jun                ,2013               
32.6679814853631   ,0.886348232394538  ,230.36014236242    ,-2.31832289440125  ,5.76390005942674   ,40.3296365736056   ,31.3828005757248   ,84.6957501770228   ,283.688077130234   ,298.944538278561   ,313.830374343307   ,0.00724980960741683,3.91346239483612   ,14.9819615512796   ,12.0827747331028   ,41055              ,jun                ,2013               
28.0036808013175   ,0.919639544943876  ,244.623782801535   ,-1.5702798094057   ,5.21879012946853   ,37.7553931082508   ,34.3805277261238   ,86.3608579382196   ,282.053123823876   ,297.393441911177   ,303.48151087609    ,0.00715907772633203,3.22201994602404   ,15.5797957727125   ,12.6451837161019   ,41065              ,jun                ,2013               
45.9328069254976   ,0.159885640311218  ,246.767579667666   ,-1.85185823769161  ,6.48583513801359   ,61.990649938125    ,19.6931867198133   ,58.6161675545885   ,284.771334288951   ,303.279373900754   ,317.277936014144   ,0.00576414241555173,2.97332136233351   ,11.3645536117232   ,7.32207631024507   ,41059              ,jul                ,2013               
43.2179128948894   ,0.477287726204934  ,248.662488523036   ,-1.64553435885178  ,6.07319400023048   ,64.223523971864    ,18.057785495635    ,51.8955124588925   ,282.858894955674   ,301.365264970886   ,320.208320806991   ,0.00501666085402963,2.54598479440821   ,10.8368031906269   ,6.83996861268187   ,41063              ,jul                ,2013               
49.7963838721425   ,0.0414760626690188 ,241.323232902987   ,-2.92497799637846  ,6.83448028959066   ,62.2327375391049   ,19.1467115999053   ,64.1075640143504   ,285.034739417817   ,303.833948476515   ,322.063443878901   ,0.00604384787117586,3.35313688168009   ,11.3168655462189   ,7.53427885583759   ,41049              ,jul                ,2013               
41.7445387531495   ,0.348408101758412  ,268.383692800871   ,-0.857836509400685 ,5.98548905514285   ,59.2761461056641   ,20.6678538135208   ,59.0221589969193   ,282.396339059797   ,300.713994234694   ,316.838105596484   ,0.00560785454572915,2.769058460104     ,11.750251902987    ,7.71821078526836   ,41061              ,jul                ,2013               
52.3276658241719   ,0.00676581587511539,248.935013887822   ,-1.73598318294965  ,7.15996656004424   ,61.3948430158435   ,19.0568594671808   ,68.9721188065474   ,285.642873011757   ,304.708659942294   ,326.417660740757   ,0.00641142268553061,3.68324610740679   ,11.5201373201492   ,7.88295794814192   ,41021              ,jul                ,2013               
53.6877074850615   ,0                  ,241.558649033966   ,-1.81534932475341  ,7.27409908682012   ,60.6268940123044   ,19.9371261282746   ,73.4864782025017   ,285.503790060409   ,304.624448625485   ,331.903596758235   ,0.00673667419788077,3.96484456844227   ,11.459233517153    ,8.37020373974087   ,41055              ,jul                ,2013               
45.5719440097925   ,0.0102060610012897 ,254.381672975147   ,-1.30314718683561  ,6.41665248324418   ,56.7805345654174   ,23.5382676291658   ,76.3513145657605   ,283.666131369897   ,302.907675629155   ,330.016487193292   ,0.00693806565865786,3.08008889424029   ,12.1332203539272   ,9.15153595933126   ,41065              ,jul                ,2013               
41.6787701311134   ,0.378213458633835  ,239.380938011468   ,-1.88356196201996  ,5.62656415854731   ,63.3133882682717   ,21.623629427929    ,71.6315906991614   ,285.609949910164   ,303.752681627051   ,268.568011134131   ,0.00712095373767006,2.9130193914353    ,9.31490538907698   ,9.3374568846103    ,41059              ,aug                ,2013               
43.3278282134549   ,0.34585115776313   ,215.97215522785    ,-1.87640768914301  ,5.37945134763978   ,67.5834315718632   ,18.9087497016094   ,62.4689781376989   ,284.028241778614   ,302.203605337765   ,266.942584120606   ,0.00606971188946962,2.62731537026219   ,8.86646584568458   ,8.22887857278152   ,41063              ,aug                ,2013               
42.0232131728005   ,0.36879989704763   ,249.447730674029   ,-2.75108322792444  ,5.73825889615428   ,60.6536187023916   ,23.5672675050044   ,75.7959812246773   ,286.337105825611   ,303.817496408141   ,272.142799784617   ,0.00769541949298813,3.14219700012673   ,9.69205829916401   ,10.0550960807699   ,41049              ,aug                ,2013               
38.6537697903334   ,0.54074721240703   ,230.18036859741    ,-0.991407338743876 ,5.40144845129056   ,60.0016886422094   ,20.7603776705403   ,71.2574089389073   ,283.176936231558   ,301.660244716947   ,269.249718632426   ,0.00660002291480162,2.90863800415334   ,9.98576358645525   ,9.64244193390801   ,41061              ,aug                ,2013               
43.4334818676144   ,0.54216473838282   ,253.9998063626     ,-1.48453425026073  ,5.94438194934092   ,57.8661141046189   ,24.1437467056894   ,79.0567714918974   ,286.969209631908   ,304.516830764553   ,271.328763572729   ,0.00808419117477653,3.43648440535298   ,10.3652580826813   ,10.7651891095959   ,41021              ,aug                ,2013               
43.6977388449962   ,0.605617189228568  ,251.899622057411   ,-1.58495199325954  ,5.97428208428764   ,56.1440498695309   ,25.2879822115205   ,81.1129500484988   ,287.105652151952   ,304.335042283167   ,269.169265744911   ,0.00834362064111381,3.66789966519206   ,10.6859575466623   ,11.148798106954    ,41055              ,aug                ,2013               
34.5905678782286   ,0.799328977401359  ,256.068246347634   ,-1.08934950855182  ,5.22454270490785   ,50.2916526433731   ,29.4979269861843   ,83.513908298744    ,285.539399719353   ,302.429739410173   ,265.553920428317   ,0.0085153868046554 ,2.89791013279914   ,11.7200823452286   ,12.1731394714265   ,41065              ,aug                ,2013               
18.583893609889    ,2.73690679161655   ,216.559260026456   ,-1.29047636153474  ,3.0666832109243    ,32.3712668757756   ,42.0354358862567   ,90.6285018883004   ,280.942071550045   ,295.170163069971   ,169.467288860633   ,0.00752479427990865,3.93022860887956   ,14.8978384698464   ,16.6812129525949   ,41059              ,sep                ,2013               
21.3521138791438   ,3.57940094664276   ,204.370009185329   ,-1.5101514466591   ,3.12092077644034   ,38.052754290342    ,37.3525101877871   ,82.8526352373314   ,279.641159270138   ,292.925153143645   ,168.522776723964   ,0.0062784162417433 ,3.69784486380977   ,13.5560369157013   ,15.1031395346135   ,41063              ,sep                ,2013               
19.512453637947    ,1.97381317334389   ,222.437374395267   ,-1.93645511377752  ,3.12921893934721   ,32.5659156932271   ,42.3255642335868   ,92.4892225813075   ,281.171361114342   ,295.777673542229   ,176.261181012831   ,0.00782186132640355,4.17585331442885   ,14.7679592257811   ,16.6290264345588   ,41049              ,sep                ,2013               
18.7678596681038   ,3.37799384696493   ,205.577976073591   ,-0.506772277609998 ,2.90964740374451   ,31.8803802147005   ,42.0507101902746   ,88.9992705345939   ,278.854592905555   ,292.333488468123   ,169.820825028596   ,0.00681723634819711,3.95836045285802   ,15.0575276934855   ,16.6127253643475   ,41061              ,sep                ,2013               
22.2345952759593   ,1.84523697455946   ,223.618785995238   ,-0.222154893507302 ,3.22472703900036   ,32.4793327133895   ,42.395094067102    ,93.6438598032482   ,281.780530354288   ,296.640888022195   ,177.217025926772   ,0.0081360341682153 ,4.28019444601982   ,15.0764555774509   ,16.6634216749387   ,41021              ,sep                ,2013               
24.1568785219397   ,1.24330284288752   ,222.498676192226   ,-0.772909264583104 ,3.28124107821875   ,33.705658625441    ,43.37925725197     ,93.5174783450121   ,282.34100807294    ,296.659069580316   ,178.169855040091   ,0.0082917384493762 ,4.49041689938737   ,14.7075262415479   ,16.2858423609483   ,41055              ,sep                ,2013               
21.0803397624735   ,2.46959454474888   ,227.558586667764   ,-0.103414087297964 ,2.91411105464064   ,30.1082111675979   ,47.2215095780854   ,94.2307035749979   ,280.954326883952   ,294.847204966867   ,178.267024959217   ,0.00816162318487311,3.99781654961089   ,15.834237789941    ,17.2618231265788   ,41065              ,sep                ,2013               
18.408679522757    ,0.610646014751799  ,197.563132672146   ,0.242099022332406  ,1.56402699049117   ,24.4592446066472   ,39.1373190249268   ,90.4007575247589   ,274.382711081697   ,287.273172984442   ,130.044191832116   ,0.00450750993267233,2.66002897568854   ,19.2514043077397   ,16.9500180946612   ,41059              ,oct                ,2013               
21.8912740531958   ,0.429908266520859  ,215.249338765298   ,0.484416407409248  ,1.61944755436187   ,29.9116820048834   ,35.7387082526734   ,86.19531363589     ,272.515306385435   ,285.225646316077   ,135.53607108032    ,0.00386113652226336,2.6821096596944    ,17.5714957608129   ,15.3791238294615   ,41063              ,oct                ,2013               
19.9768293753526   ,0.449317637903327  ,180.008119873372   ,-0.16193525719393  ,1.6026852982881    ,25.2397652677619   ,38.8444275901922   ,91.5947627339929   ,274.850289433535   ,288.06113475844    ,134.276902261124   ,0.00464862223074296,2.66119360715387   ,18.9492352778314   ,17.1103710033386   ,41049              ,oct                ,2013               
18.2206102772283   ,0.607795772116671  ,200.645617008551   ,1.29762870962482   ,1.56547183366778   ,23.1392990723472   ,39.5570077937516   ,90.7849237798268   ,272.026129939156   ,284.75647951139    ,136.699747096509   ,0.00411974329932373,3.06032971597107   ,19.5588939300622   ,17.0749567411659   ,41061              ,oct                ,2013               
21.1258162151839   ,0.428216788703796  ,175.686001198628   ,1.66217796986431   ,1.64649455443906   ,25.0588994506509   ,38.9540815064055   ,93.5111818644108   ,275.364825256838   ,289.017527400825   ,138.019799572713   ,0.00493146800769173,2.71073569638121   ,19.0512228358605   ,17.5466238808212   ,41021              ,oct                ,2013               
22.8882508966028   ,0.257288878977895  ,171.660032324511   ,0.761004162984982  ,1.69042648857404   ,26.4716101625554   ,39.5614732489723   ,94.0794324045518   ,275.638378503839   ,289.202334804279   ,139.575861684558   ,0.00509216978569659,2.89794456195301   ,18.3776941455955   ,17.5216094498993   ,41055              ,oct                ,2013               
19.7767861992517   ,0.592592869987299  ,168.227288430665   ,1.83218516822739   ,1.66533893242583   ,21.9912448023482   ,42.1873965644507   ,94.1721506509595   ,274.97640374044    ,287.983166377467   ,140.780206340248   ,0.00504689464336716,2.92265591339757   ,20.0838070064212   ,18.098598897865    ,41065              ,oct                ,2013               
15.2673940329658   ,1.7857322197794    ,181.526138266086   ,0.0427365036430475 ,0.906612964455968  ,19.2871582098484   ,51.2618485676005   ,85.8556395326492   ,271.62387107866    ,280.478320694812   ,69.6595219360545   ,0.00377227229446021,3.87191497721025   ,20.1685848937656   ,18.1890730915217   ,41059              ,nov                ,2013               
13.4462248978359   ,2.52403405493859   ,196.46305550084    ,0.344023418397858  ,0.801637048205244  ,19.0771587207116   ,53.2663350699387   ,85.9973172123338   ,269.708049356243   ,278.284967718591   ,71.9634752986592   ,0.00342861110338288,3.88092903380211   ,19.5373777702416   ,18.5178634788607   ,41063              ,nov                ,2013               
19.9143113824189   ,0.628484443357998  ,184.466837514508   ,-0.369228283460228 ,0.985524523230253  ,24.1882227010882   ,47.0120874588402   ,84.1887810708757   ,272.080089108399   ,281.625475504344   ,73.6739343599915   ,0.00382291663846043,4.11200368379423   ,18.627449606268    ,16.8670577337188   ,41049              ,nov                ,2013               
11.3070760332214   ,2.83177299578126   ,174.399421134289   ,1.11828557109545   ,0.788585131122374  ,14.2355480626158   ,56.4200430370849   ,87.5350233817395   ,269.594106580946   ,277.90526171021    ,71.0483363717476   ,0.0035097333192375 ,4.04674682505582   ,21.4649631593649   ,19.5497946780797   ,41061              ,nov                ,2013               
19.3408350878784   ,0.769316314005719  ,184.303326337075   ,1.34692781114815   ,0.927691737816772  ,22.8896186586059   ,48.9884973183293   ,84.9338335829006   ,272.467209809598   ,281.755828838514   ,75.2345159232838   ,0.00397563569700401,4.00190266476023   ,19.0824686246586   ,17.2858105082199   ,41021              ,nov                ,2013               
18.9803845239429   ,1.03793371633479   ,190.993580411796   ,0.373025715307534  ,0.923629418255119  ,22.0830819795006   ,50.8965583656266   ,85.8625398386756   ,272.46219013058    ,281.629189786855   ,74.7971791319447   ,0.00407555249200128,4.30174138023142   ,19.0811511539809   ,17.7548947054508   ,41055              ,nov                ,2013               
14.7280948296757   ,2.21033895420375   ,-89.2711419390817  ,1.50434174587213   ,0.879387103415383  ,17.4706536077804   ,53.3916792646525   ,86.0693075055565   ,272.09510910046    ,280.708398907001   ,76.2355370864631   ,0.00398691461701778,4.30432510136076   ,20.9072415071768   ,18.6092782917186   ,41065              ,nov                ,2013               
11.4758092469826   ,1.41191832992137   ,203.805806859334   ,-0.762357575112695 ,0.456929131165978  ,12.4673358333406   ,64.9776907977679   ,91.4984886491535   ,267.054153377541   ,274.765721128687   ,53.1220488171441   ,0.00309034737472568,3.60283065792214   ,21.7008691405618   ,21.0742398534126   ,41059              ,dec                ,2013               
9.94547818710198   ,1.43856801029842   ,217.080372896172   ,-0.0708212160219506,0.457186093691754  ,11.2575901714827   ,63.8216746238562   ,90.4447079545134   ,264.198672395542   ,272.169578665175   ,55.5364291238896   ,0.00265538566226664,3.81924741472398   ,21.9403245258442   ,21.0164724639524   ,41063              ,dec                ,2013               
16.8219358266284   ,0.487116525720733  ,198.54821240024    ,-1.38798517651895  ,0.529309815054444  ,17.5665790988485   ,61.7418227786585   ,92.0103287788378   ,267.957503670631   ,276.203769100649   ,53.9192611373948   ,0.00328191882112894,4.00897686318161   ,19.5051907891378   ,20.1542772505296   ,41049              ,dec                ,2013               
8.59564467440907   ,2.10035239100947   ,193.967294931294   ,0.562608116708788  ,0.440264891817507  ,8.28166472874822   ,66.6032305850119   ,91.1463476604885   ,264.089673119062   ,272.050529994886   ,57.0036595885351   ,0.0027387780548287 ,4.04308143584817   ,23.2832400201868   ,21.8615478126306   ,41061              ,dec                ,2013               
19.3376955292925   ,0.204506868171094  ,194.197228023052   ,0.416804812073043  ,0.498179300758258  ,17.559423008864    ,63.043823090805    ,92.618006177049    ,268.706473731286   ,276.460260686674   ,53.946617266148    ,0.00335940352779244,3.91624148892426   ,19.8427303853088   ,20.1816640403634   ,41021              ,dec                ,2013               
21.4041397422029   ,0.0656213219446397 ,198.289669264409   ,-0.755852297863416 ,0.494206187484121  ,16.6279959455859   ,64.2587149794803   ,94.6040136512028   ,268.739216387713   ,276.218345213773   ,53.5192452185335   ,0.00336318410694514,4.34887811021033   ,20.3005592695686   ,20.7264868597771   ,41055              ,dec                ,2013               
17.2611579740844   ,0.289817847108299  ,194.606511551295   ,0.610976561365567  ,0.526983518058705  ,15.4666014652107   ,61.7436060989931   ,92.3010082726527   ,268.455262241793   ,275.933243804434   ,56.8767398736416   ,0.00322104409746714,3.79925458167724   ,21.0561789396296   ,20.3041071376415   ,41065              ,dec                ,2013               
