bi,pr,th,pdsi,pet,erc,rmin,rmax,tmmn,tmmx,srad,sph,vs,fm1000,fm100,countyfips,month,year
14.6964229489717   ,1.5644499493137    ,-1558.38331598758  ,-1.7125598193284   ,0.856083779977991  ,15.998748365284    ,56.4968139735635   ,88.3315909130404   ,270.86068592589    ,279.090302401948   ,68.0543249875301   ,0.00341194749608879,3.73913260671388   ,21.4893824218354   ,19.0193303747326   ,41059              ,jan                ,2014               
14.2804804609426   ,1.77587266457143   ,-2535.08947525653  ,-0.687299823612299 ,0.830606904941782  ,18.5546113599623   ,50.3970910491186   ,83.049358909619    ,268.811126892276   ,277.475949306131   ,74.2748653248151   ,0.00287575409888354,3.88300524064429   ,20.9611276653048   ,17.3932347635693   ,41063              ,jan                ,2014               
19.2394515592249   ,0.740425271001427  ,-2556.19074558257  ,-2.60426912569875  ,0.843068192652091  ,19.6194010968346   ,57.3433827923834   ,89.3869212824959   ,270.902000191445   ,279.121237863219   ,68.1186320886804   ,0.00348293453885773,3.9435060330338    ,19.7104576558524   ,19.0269982768885   ,41049              ,jan                ,2014               
13.4428653603101   ,2.26159350456038   ,164.156485548669   ,-0.565583920580002 ,0.854910103560728  ,15.6104237885797   ,52.0840349377412   ,84.3865054689238   ,268.866373025825   ,277.569892858386   ,75.7705238778294   ,0.0029532000264661 ,4.00814846235412   ,22.2214454207274   ,17.9582754645961   ,41061              ,jan                ,2014               
19.1634746565352   ,0.693388967625935  ,-3710.28414863699  ,-1.92713370250799  ,0.727800974927263  ,17.1103355193      ,61.3973427709737   ,93.614625330837    ,270.760474698494   ,278.743541684135   ,70.8048384141859   ,0.00360496117120448,3.83721573111007   ,20.3910223780983   ,20.5049303816239   ,41021              ,jan                ,2014               
18.1896528877463   ,0.698948324588228  ,182.490345658232   ,-2.17013258578485  ,0.663987974361656  ,14.1442040282702   ,64.3234889581504   ,96.6038825217339   ,270.415575365327   ,278.484902880413   ,73.8195759737813   ,0.00370096632653583,4.09983545568749   ,21.4213104992852   ,21.7560313640732   ,41055              ,jan                ,2014               
16.2298196862807   ,1.43937951041798   ,-1182.81148814603  ,-1.42965112729599  ,0.753535413922574  ,15.378509836495    ,58.274785471927    ,93.5220157490771   ,270.333528234848   ,279.017323991985   ,78.9783598482273   ,0.0035599403580569 ,4.27188891144621   ,21.3513361439417   ,20.6252978746403   ,41065              ,jan                ,2014               
6.04386242979198   ,2.5373251987025    ,-765.539835285441  ,-1.85895314144557  ,1.0076932320477    ,7.18248559306229   ,61.8566062236125   ,90.2339215472608   ,269.647589033915   ,276.886406951731   ,74.1372783243825   ,0.00333032453939972,4.05241771282359   ,24.1798149912337   ,20.8800606480046   ,41059              ,feb                ,2014               
3.44060090828787   ,3.5801294276356    ,-1377.33792448997  ,-0.591231251044833 ,0.965379362635605  ,7.78695208838485   ,57.3397355541721   ,88.9837599272256   ,267.760726980634   ,275.328018901112   ,84.7733291650747   ,0.00298609489355921,4.32793145523324   ,23.5597819653782   ,20.7881946830483   ,41063              ,feb                ,2014               
10.9446061264749   ,1.39748961274753   ,187.081291834989   ,-2.70567037204173  ,1.03187649164463   ,10.3432183171562   ,62.901439096826    ,91.5727073092379   ,269.803387957896   ,277.106473038245   ,75.1388491080961   ,0.00342972443464905,4.50560051689263   ,22.5475257644033   ,20.4243859545723   ,41049              ,feb                ,2014               
3.42146457664971   ,3.99881601385725   ,-2513.06652855377  ,-0.650394455465362 ,0.951204681813034  ,4.52556919437506   ,59.8627284714364   ,90.1664959386122   ,268.215281206296   ,275.783968922449   ,86.4958550205937   ,0.00318924318602275,4.22221035124764   ,25.3731182891435   ,21.6676126224023   ,41061              ,feb                ,2014               
8.19585311731726   ,1.81707528579646   ,182.172393316167   ,-1.99713953483799  ,0.935154842300834  ,6.25263371206074   ,67.1499604479911   ,92.8383139571293   ,269.781729300606   ,276.763538427449   ,78.3570561454578   ,0.00351728561481114,4.46090194363735   ,24.3192338648465   ,21.6202963301304   ,41021              ,feb                ,2014               
5.97973707995518   ,2.10241617843782   ,182.702347972937   ,-2.22546572515607  ,0.898373540086281  ,3.6369146702694    ,68.3428173626873   ,94.7912826458414   ,269.379428991001   ,276.705598415289   ,78.3551660221422   ,0.00355256734516646,4.87641507878887   ,25.5563100963806   ,22.5517359108554   ,41055              ,feb                ,2014               
4.0258899121246    ,3.75835292314806   ,-1167.03654372895  ,-1.58945889957394  ,0.878123535033746  ,2.63308988744874   ,66.7474054572505   ,95.0512481283594   ,269.01656471504    ,276.425742649532   ,79.7277434066737   ,0.00351122306221021,4.72026184710847   ,26.8699516732416   ,23.204127881831    ,41065              ,feb                ,2014               
13.0866059074797   ,2.9657418797792    ,193.378257661619   ,-1.34889921212927  ,2.26290224159255   ,16.4121064826311   ,41.5395904380372   ,85.8834001689455   ,273.344472170029   ,284.988064288991   ,161.960133438257   ,0.00388728827812574,4.36406482079999   ,22.5194434436105   ,17.0945575367663   ,41059              ,mar                ,2014               
10.2982525260245   ,3.60377088488206   ,202.855126368013   ,0.985488126492931  ,2.03185390703886   ,14.9808899053729   ,42.2006630105303   ,81.5602792969628   ,271.375142191916   ,281.345321159612   ,167.771999227901   ,0.00333864993023222,4.39563857344333   ,23.0099065511404   ,16.6804261832535   ,41063              ,mar                ,2014               
16.915270269813    ,1.48644956319816   ,-2529.6577024397   ,-2.54410078559871  ,2.3326256748662    ,20.6100580027144   ,39.738253910182    ,88.5969807473898   ,273.298689832077   ,285.861821535894   ,164.33422402316    ,0.00400511825093204,4.59830770631876   ,20.4450926969954   ,16.6654457003054   ,41049              ,mar                ,2014               
10.4285228794384   ,3.88404423075812   ,181.905459462101   ,0.620789737465941  ,2.05860853867197   ,12.7075031851278   ,43.1598088799602   ,83.4154119214324   ,271.43467299303    ,281.887981895772   ,169.689022496268   ,0.00347693501656399,4.41168417252663   ,24.2203304846797   ,17.2681976133397   ,41061              ,mar                ,2014               
16.6423517849995   ,1.28850685343564   ,-2273.40984113194  ,-1.35619531762977  ,2.2877873867475    ,18.5799864915463   ,41.030341668786    ,89.4508666104729   ,274.060011509068   ,286.405148750559   ,166.661882471189   ,0.00424913000486861,4.53810529053276   ,21.5203542148971   ,17.0006449528772   ,41021              ,mar                ,2014               
14.6923688686337   ,1.34637081967308   ,211.554049124337   ,-1.44606998429196  ,2.26574403406246   ,15.8382072554096   ,42.7204719288712   ,91.4328529039119   ,274.245636349016   ,286.371073108465   ,171.427501296349   ,0.00440926069483882,4.73124355516261   ,22.5237994088787   ,17.6209683879729   ,41055              ,mar                ,2014               
9.41940913767606   ,2.78793376646429   ,-875.989514087069  ,-0.351127873072813 ,2.07118736239867   ,10.6603441964493   ,45.5757237088099   ,93.080539281713    ,273.344581527704   ,285.069770204312   ,167.656205675908   ,0.00431538816917912,4.49341300756234   ,25.1224337667529   ,19.0318857100917   ,41065              ,mar                ,2014               
21.4711639209562   ,1.67922212198484   ,-682.431179538626  ,-1.32379739621675  ,3.4282193608434    ,28.0091813672743   ,36.1493722145131   ,79.0645192624191   ,275.343166743735   ,288.38839696922    ,232.170959194764   ,0.00411149670704521,4.20800787903878   ,18.6471617974456   ,13.9331879772098   ,41059              ,apr                ,2014               
19.7823986297443   ,1.94111383930934   ,217.517989151294   ,1.34646202529247   ,3.12958013392412   ,28.2967108170921   ,34.9088923772732   ,75.875980245817    ,273.342421512559   ,285.390931517594   ,230.380051130459   ,0.00358673916838055,4.07034613731163   ,18.3175520437859   ,13.5991533526452   ,41063              ,apr                ,2014               
26.7658859198006   ,0.895484135586933  ,-1193.022447626    ,-2.76707637736519  ,3.59620009395985   ,33.3666544358144   ,32.7393936348627   ,79.9577646282123   ,275.642623656374   ,289.211474884992   ,235.654991310013   ,0.00409089063393175,4.36280239542481   ,16.848042452481    ,13.2075489519778   ,41049              ,apr                ,2014               
17.9561764524012   ,2.2525080290774    ,213.863237919749   ,0.920878912160511  ,3.0931078713421    ,23.8482765737121   ,37.796642770728    ,80.3167554830229   ,272.853704687048   ,285.251268318082   ,237.196519229088   ,0.00374202831883037,4.12914481708542   ,19.8014687093884   ,14.7398021850664   ,41061              ,apr                ,2014               
26.5915712579919   ,0.833869826497771  ,226.371522941258   ,-1.47135680618025  ,3.72067834432093   ,33.1021564061757   ,33.205034410791    ,79.6060074956296   ,276.829761918268   ,290.040700371233   ,243.258333152762   ,0.00434894779816217,4.3805278129811    ,16.9224887638139   ,13.2589308039111   ,41021              ,apr                ,2014               
25.8428571026228   ,0.916918815804562  ,229.540360845227   ,-1.47698767817276  ,3.75312683347605   ,30.808357388792    ,34.700424196195    ,81.6117471014547   ,276.976148496037   ,290.101567398874   ,251.385099808096   ,0.00453630115130651,4.57271113685      ,17.6138580863239   ,13.8271548613238   ,41055              ,apr                ,2014               
21.0230375760456   ,1.19051318442271   ,226.741961841242   ,-0.0652471380170779,3.45998059267579   ,24.960025401039    ,36.8890924741246   ,86.7513590755626   ,275.467104474166   ,289.110063455933   ,244.634848295151   ,0.00451903900054878,4.21994152588259   ,19.7779191184618   ,15.1704795324256   ,41065              ,apr                ,2014               
28.279144283544    ,0.971980699158624  ,-342.0546915168    ,-1.5232634578762   ,4.66506321375835   ,40.1177992047573   ,32.4465271383492   ,74.6169694818204   ,278.914656875633   ,293.416774087216   ,291.439754768865   ,0.00503671292360178,3.46455404146809   ,15.4413866371814   ,11.2429005105993   ,41059              ,may                ,2014               
20.7850501122121   ,1.25198448442333   ,-3407.5785776014   ,1.17383193430838   ,4.11330142876055   ,36.297138837318    ,34.3067317181077   ,73.5531038122523   ,277.14223773835    ,290.004218747109   ,280.302756296817   ,0.00472879819938051,3.06332655163293   ,15.8018062030277   ,11.595348478735    ,41063              ,may                ,2014               
36.9761893067523   ,0.523970236714877  ,-2042.95567838801  ,-3.0947860998685   ,4.90079342419484   ,46.6042037583589   ,29.3422347784566   ,76.2900324465354   ,279.272413885487   ,294.071414132514   ,295.393807315681   ,0.0049891667200271 ,3.86430431916754   ,13.7200140972392   ,10.6425809319852   ,41049              ,may                ,2014               
21.9360575131713   ,1.28426752798571   ,248.586636806474   ,0.838430958622305  ,4.10263399679981   ,33.4337490948488   ,36.2015267453788   ,78.0016434777737   ,276.391845460054   ,289.882721367779   ,288.787821182014   ,0.00485510245454767,3.25082590099541   ,16.8667019619594   ,12.3083836175303   ,41061              ,may                ,2014               
37.4199045480677   ,0.384437133602879  ,240.727362914885   ,-1.85031542811621  ,5.10252667269642   ,46.0413420159463   ,29.2963236158508   ,78.8780934948732   ,280.093281994879   ,294.950190042646   ,305.238243842271   ,0.0052804694694184 ,4.07827991122807   ,13.8136487868867   ,10.8708114509374   ,41021              ,may                ,2014               
36.2208741329634   ,0.452492081819334  ,238.949119990287   ,-1.68117671240608  ,5.15354844197488   ,42.9440594707159   ,30.8909730008134   ,81.2244950923981   ,280.113344173435   ,294.831258425868   ,314.720184922016   ,0.00547672703135193,4.30592422784668   ,14.5862829841278   ,11.414033775621    ,41055              ,may                ,2014               
28.5350792720825   ,0.75667274296917   ,-28.5048380463865  ,-0.0879973175109776,4.72016236600826   ,35.9411851341981   ,34.3901894997005   ,85.4800186738079   ,278.688918084092   ,293.46854218835    ,306.231261091794   ,0.00554040210673164,3.76959026585899   ,16.5411360028794   ,12.7119060022346   ,41065              ,may                ,2014               
32.277028319483    ,1.76817413674032   ,-656.290514231044  ,-2.26157476827876  ,5.14570298804747   ,48.5421370364183   ,32.191763561714    ,71.9512289266186   ,281.308958960527   ,295.868476975464   ,290.707517257589   ,0.00578623869522911,3.50593682327215   ,12.6206423047889   ,10.7502252215581   ,41059              ,jun                ,2014               
27.7431579618187   ,1.77296717875016   ,-706.513702775382  ,-0.0151303473213228,4.51608267365358   ,44.8454400541065   ,35.419575460474    ,70.2136931692804   ,279.779276519277   ,292.829593936769   ,274.591671146491   ,0.00559850671726967,2.96946367239341   ,13.2273732104224   ,11.1121747129447   ,41063              ,jun                ,2014               
40.884627850684    ,0.863140313568839  ,250.393419254429   ,-3.82246267192235  ,5.53198902091015   ,54.2681492180516   ,29.2314281515634   ,75.6843394941892   ,281.724388416816   ,296.706981187591   ,305.163849349629   ,0.00582907702200875,4.08095755892794   ,11.3179719135191   ,10.1824760928412   ,41049              ,jun                ,2014               
27.0454461085944   ,2.1373892816334    ,247.12593342785    ,0.00507823629018088,4.50104928394404   ,41.0575865152147   ,37.4649154666226   ,75.2851529993442   ,278.994484956215   ,292.449913261005   ,286.520139002231   ,0.00578645074502431,3.16102551973896   ,14.2091614813471   ,11.9937196984311   ,41061              ,jun                ,2014               
44.9442815024318   ,0.446335789070106  ,-1751.93654540486  ,-2.69331400574657  ,5.81668854152698   ,55.3916879455396   ,28.5169029734539   ,78.2508004917679   ,282.568812267961   ,297.711562662231   ,314.500109122086   ,0.00609583826897183,4.3591043260387    ,11.0843166139785   ,10.1715618571089   ,41021              ,jun                ,2014               
43.0297717609368   ,0.406731518570762  ,255.604931356568   ,-2.38972135222214  ,5.89909799008342   ,53.2928060330843   ,29.1595147657116   ,79.3083602540907   ,282.845053050021   ,297.677688206009   ,321.247370114986   ,0.00624426143969179,4.55816969992357   ,11.45339036276     ,10.364052194415    ,41055              ,jun                ,2014               
35.2926552919982   ,0.57983624255745   ,263.934535064934   ,-0.811817735971965 ,5.31649346000572   ,46.4124831959547   ,32.9450005481664   ,84.8557844914849   ,280.856875138479   ,296.292655567801   ,314.938809026853   ,0.00634820482519216,3.79620088494      ,13.077759954368    ,11.7298133246549   ,41065              ,jun                ,2014               
47.3704116963291   ,0.297995313945533  ,-636.834255037183  ,-2.08011475508008  ,6.58409937343341   ,63.9414007929089   ,20.5780203713232   ,55.9502532993008   ,287.043661937783   ,304.41967683632    ,310.883336581218   ,0.00628112364346038,3.12482644516646   ,10.5879095638188   ,7.53383972864583   ,41059              ,jul                ,2014               
45.0310288633527   ,0.301592943988851  ,229.12471723051    ,-0.458481432663386 ,6.2795267778596    ,63.6989779739113   ,21.2568871703611   ,50.3167975150568   ,286.681724393446   ,302.328655400396   ,311.198347751696   ,0.00619264231196832,2.88675048746153   ,10.6499130759475   ,7.11714981956512   ,41063              ,jul                ,2014               
50.9538256927552   ,0.217042449786894  ,245.583078699767   ,-3.70199881508998  ,6.85682681245672   ,66.3729603697653   ,19.7069215006652   ,59.5365690886219   ,287.448669141097   ,304.957478928336   ,315.338804726584   ,0.00642993533364492,3.38750281047124   ,9.83321777044005   ,7.64135200923771   ,41049              ,jul                ,2014               
41.2403088454562   ,0.358937686736343  ,223.448821319009   ,-0.0101756559190467,6.05297844663458   ,57.2488321610439   ,23.777890547392    ,60.6167418939856   ,284.893282693356   ,301.678677652557   ,308.957821194046   ,0.00674565977143211,2.95120103381061   ,11.8514951801642   ,8.29432007350185   ,41061              ,jul                ,2014               
53.2412942037092   ,0.233133085964609  ,251.451582957463   ,-2.76902373690883  ,7.13613658153492   ,66.9229551386899   ,19.7009268080335   ,62.0893750182158   ,288.559548166305   ,305.747618662766   ,317.05421317014    ,0.00675936204722255,3.62741846240729   ,9.63408806959007   ,7.79689279096077   ,41021              ,jul                ,2014               
52.7656617832957   ,0.255370289148435  ,255.446274026793   ,-2.44829893274846  ,7.19684360041256   ,64.7675541555897   ,20.8412782780248   ,65.2712221661956   ,288.791298532909   ,305.784727173197   ,319.089998482354   ,0.00714142512818393,3.79302331531437   ,9.98183376648318   ,8.18407019928387   ,41055              ,jul                ,2014               
42.8166582975381   ,0.435250440177006  ,253.468149443481   ,-1.11465346378042  ,6.4193566308379    ,57.108724136605    ,25.105298465065    ,71.0225670967472   ,286.486748637217   ,304.20133704488    ,316.909661385177   ,0.00759738304685047,3.03281031634469   ,11.4919179893004   ,9.4089406867952    ,41065              ,jul                ,2014               
39.7324285481736   ,0.944582027999322  ,230.549017381576   ,-1.9287832577997   ,5.27313418714085   ,57.3809606340853   ,26.5972974265241   ,75.7729725885585   ,284.799409986535   ,301.338960925882   ,260.557600318813   ,0.00717830458560752,3.1259529503097    ,10.4927861826768   ,10.5487963347016   ,41059              ,aug                ,2014               
35.7199991955704   ,1.24571012851513   ,225.687067182237   ,-0.87570803948067  ,4.79196571171647   ,57.5863552448471   ,27.2296540476306   ,68.7578661490745   ,283.879740628329   ,298.841820127185   ,253.378083807982   ,0.00661542044065728,2.68504544545344   ,10.3589195755516   ,10.1298574203566   ,41063              ,aug                ,2014               
43.6256598071701   ,0.818701437013367  ,234.170020217651   ,-3.23239801467167  ,5.56968177289017   ,58.4459910151162   ,26.7360630868919   ,76.5404470973956   ,285.724332218334   ,301.817213569052   ,265.784027956483   ,0.00746761488289303,3.54661443173694   ,10.2252999364353   ,10.454029619422    ,41049              ,aug                ,2014               
34.1422886933145   ,1.14158515407597   ,237.108442587114   ,-0.194419316343705 ,4.70901395063009   ,51.1551353731083   ,29.1992590070958   ,80.5455912255424   ,282.207823806453   ,298.384217602947   ,257.392588872085   ,0.00708999068113522,2.87440576822052   ,11.6352673353023   ,11.6906703942518   ,41061              ,aug                ,2014               
45.6747811467603   ,0.645392222359682  ,244.678737388324   ,-2.35473035185458  ,5.77856920537138   ,59.2591170750014   ,26.6167867163958   ,77.3670485240691   ,286.875816543749   ,302.814890725991   ,268.353183537739   ,0.00781446232841054,3.73519354161634   ,10.0966890856064   ,10.3570937387291   ,41021              ,aug                ,2014               
46.9525860532952   ,0.5256768999921    ,242.428886689908   ,-2.05226531851361  ,5.84402982632274   ,58.4700568029508   ,27.2677242834598   ,79.5419749091018   ,287.157857653465   ,303.125082770511   ,269.499355245639   ,0.00815097588659776,3.90676486587731   ,10.3022040183804   ,10.5587607008447   ,41055              ,aug                ,2014               
39.6774709253923   ,0.532675030911937  ,250.512295939885   ,-0.756869788128208 ,5.26936362027064   ,52.236343040799    ,30.856390351953    ,83.7206047610848   ,285.274402452327   ,301.6397735598     ,270.979687885285   ,0.00834928467538239,3.16916796287403   ,11.6356964659911   ,11.6002977593374   ,41065              ,aug                ,2014               
41.6254225675107   ,0.31960653290551   ,-1584.4456401585   ,-1.65368422960516  ,3.75371523874485   ,53.9461984299666   ,26.6205791188655   ,74.078837601028    ,281.058624212      ,296.645352871792   ,194.91800337322    ,0.00554076924648446,3.31070496042241   ,11.5487486209564   ,11.1156500799766   ,41059              ,sep                ,2014               
41.1665583582747   ,0.54893604956276   ,194.077061444618   ,-0.820181107067526 ,3.6757172073865    ,57.6225702910434   ,26.6926206159425   ,65.9570006317192   ,280.944164401501   ,294.672175564355   ,195.609979285838   ,0.00505244380005202,3.26681436099511   ,10.7274083747453   ,9.89209271797211   ,41063              ,sep                ,2014               
44.7625996290077   ,0.0905683071545957 ,206.508197151304   ,-2.6219644279936   ,3.91972717613658   ,54.175591431696    ,27.9213251467151   ,75.7392363809582   ,281.628700284309   ,296.804273568731   ,200.708591048422   ,0.00578259117639238,3.5865632769429    ,11.4101706647124   ,11.1983507400824   ,41049              ,sep                ,2014               
37.5726270513966   ,0.534243317975858  ,195.02070717894    ,-0.13127463253329  ,3.53904831318208   ,49.5016287254208   ,28.1320282350548   ,75.4828485511654   ,279.508103018553   ,294.495996651355   ,196.077412705912   ,0.00545497435745841,3.33232451845098   ,12.4710303323455   ,11.6063383989962   ,41061              ,sep                ,2014               
42.0428324121525   ,0.247724215393653  ,206.308395692052   ,-1.90029931696226  ,4.04574477347595   ,52.8404469198158   ,28.3955559846932   ,76.6013125148995   ,282.746660490166   ,297.672977921156   ,203.375347169831   ,0.00610344880114828,3.64859841152786   ,11.4595982785562   ,11.5574396347616   ,41021              ,sep                ,2014               
42.4521971209937   ,0.333708935566464  ,203.446336563289   ,-1.67505310176641  ,4.14257495542716   ,51.6439627749646   ,29.2048998871742   ,77.7000427104809   ,283.091212380095   ,297.805912748043   ,207.065053128546   ,0.00633292540614666,3.87625213200353   ,11.6637941493393   ,11.928171870583    ,41055              ,sep                ,2014               
39.0512050341152   ,0.368781933756929  ,199.681560545998   ,-0.592107590142472 ,3.78242557866683   ,47.7829567870708   ,31.5440220133315   ,81.5798580363821   ,281.567149728865   ,296.739600707249   ,209.291391686571   ,0.00645452339231835,3.47733077736631   ,12.6229627765605   ,12.7921652265362   ,41065              ,sep                ,2014               
24.9169623366891   ,1.27753901805629   ,187.954342897416   ,-1.98211942310496  ,2.23466573833553   ,36.3344135086443   ,39.0426262989179   ,85.6926384302215   ,279.006728635387   ,291.349768790392   ,118.400703934008   ,0.00570301823389878,3.79300972200171   ,14.3945239693455   ,15.5150122849815   ,41059              ,oct                ,2014               
25.6193051939486   ,1.51209925242524   ,-1025.33543188976  ,-1.22500011808345  ,2.31923922382509   ,39.7272878908665   ,35.8542595815099   ,78.7171026651945   ,277.451173074569   ,288.889532400312   ,125.728602267699   ,0.00484485261616739,4.06503438134441   ,13.5629792514623   ,14.1065327833179   ,41063              ,oct                ,2014               
27.5828357830057   ,0.766873975475507  ,206.746202836426   ,-2.84068537203117  ,2.21735952407741   ,37.3613503126831   ,40.4384790876592   ,87.2846781312362   ,279.441942240414   ,291.807684088051   ,121.152923510216   ,0.00593136718409462,3.66823422561483   ,14.0492275325738   ,15.5341030525368   ,41049              ,oct                ,2014               
23.2484065622127   ,1.40940587179285   ,-544.209615298582  ,-0.539435355393638 ,2.19641028853443   ,33.6925517806324   ,38.68381802636     ,84.5655146519438   ,276.853332309275   ,288.68389873497    ,123.154562535014   ,0.00515621821731715,4.23522837009149   ,15.1138411417087   ,15.5660326124804   ,41061              ,oct                ,2014               
22.2799210377428   ,0.840564966272136  ,-1085.86584732489  ,-1.97272778886845  ,2.18741241486285   ,34.0703573140585   ,42.6176356010721   ,88.5325289885336   ,280.193019262648   ,292.439807394595   ,121.568352160058   ,0.00631971483372129,3.62543960869677   ,14.671492340382    ,16.1651228024013   ,41021              ,oct                ,2014               
21.2176117651464   ,1.02362377212854   ,215.300693374516   ,-1.65100892164089  ,2.14416154038735   ,31.723166125897    ,45.4382233706044   ,90.0630842941794   ,280.248473798705   ,292.306272007658   ,122.835983370277   ,0.0065814603639774 ,3.80144146280994   ,15.3061812866231   ,16.9584140747904   ,41055              ,oct                ,2014               
17.0151971630498   ,2.03352843456156   ,-68.2301644984202  ,-0.753547329104197 ,1.90502962819642   ,26.648741583414    ,48.3744236841552   ,91.4964921662875   ,279.177322909746   ,290.982296337355   ,123.319118013704   ,0.00650187808620692,3.6007478291876    ,16.9637297514068   ,18.2936084321571   ,41065              ,oct                ,2014               
12.8351615835072   ,2.12442724437357   ,-717.857443862982  ,-2.11953385027563  ,0.944400583448764  ,14.8213761990276   ,54.6030345369385   ,92.3712227231883   ,270.509216652169   ,279.769497766558   ,69.7193263342312   ,0.00403436740475376,4.35941758156974   ,21.0365674012544   ,20.476153706978    ,41059              ,nov                ,2014               
12.377645305591    ,2.71756487641666   ,-752.148510538114  ,-1.35308140699018  ,0.864229347595038  ,16.6289371725814   ,54.1996186627653   ,89.4388820979423   ,268.934808652384   ,277.485629379166   ,70.8413076314059   ,0.00354655183164014,4.61160472966296   ,20.0433379877975   ,19.8813543310254   ,41063              ,nov                ,2014               
19.0995713938801   ,0.883344699360441  ,-1231.04927580036  ,-2.97452635604142  ,0.976328994747394  ,19.4019793291887   ,54.0581731233713   ,93.3741004464514   ,270.550013751551   ,280.24677275413    ,72.689673102963    ,0.00413831337096038,4.6297953479213    ,19.2883890323406   ,19.8270609605583   ,41049              ,nov                ,2014               
9.80383402978442   ,3.37278594427875   ,159.008729713189   ,-0.776664982628031 ,0.866098757953739  ,11.8903638867769   ,55.786699104623    ,91.8021748314375   ,268.572389065464   ,277.461577197416   ,72.5073642060394   ,0.00360692405660729,4.74537349338394   ,21.9118764130863   ,21.0671652896316   ,41061              ,nov                ,2014               
13.8911853464119   ,1.01005903354322   ,-1831.266567719    ,-1.92892142068572  ,0.913142635140803  ,16.408170086745    ,54.8027239292528   ,94.2466555728936   ,270.936036632968   ,280.536788528234   ,73.2672695208364   ,0.00424417186138374,4.53174295321827   ,20.177055170279    ,20.3634910943931   ,41021              ,nov                ,2014               
11.3831915302351   ,1.30078643527223   ,181.255974201106   ,-1.43629308773993  ,0.910250637904318  ,13.2739125039547   ,55.7136158365023   ,94.9973827120389   ,270.933639633446   ,280.602953801146   ,72.2348237154777   ,0.00431686891792033,4.90005214459482   ,21.4017645332084   ,21.0291829196566   ,41055              ,nov                ,2014               
10.2383017644182   ,2.21152477008365   ,-247.444711744609  ,-0.428064523941232 ,0.852546638078849  ,9.56835285130581   ,58.0974936656463   ,95.5762525565882   ,270.370609073002   ,279.752544384699   ,73.0476188602611   ,0.00423089796218174,5.03835383116875   ,23.4964636921975   ,21.7364855089017   ,41065              ,nov                ,2014               
6.4997159139539    ,3.25714646348835   ,-739.722946288254  ,-2.07409733766998  ,0.645240050510485  ,6.75574539362349   ,64.7937028482787   ,92.5486208359927   ,271.536123987328   ,278.32271438666    ,44.1393708537335   ,0.00392751362419594,3.83380701588611   ,24.4916936063872   ,21.7562075563877   ,41059              ,dec                ,2014               
6.90900660159635   ,3.51335103088829   ,161.980454983967   ,-1.03002804437639  ,0.687470098880135  ,8.16732937616088   ,62.0308122997239   ,89.264923216413    ,269.55481116555    ,276.169558024017   ,46.6452570406355   ,0.00341467844481547,4.15155084599287   ,24.0393882980991   ,20.8897585084666   ,41063              ,dec                ,2014               
9.19854012561302   ,1.63395809692674   ,-1240.17005911156  ,-3.06451316020959  ,0.538534836452552  ,9.51177381171781   ,66.9304646007678   ,95.2231871040704   ,271.50326916227    ,278.404940427078   ,44.7834296130359   ,0.00409227895979521,3.6255911782566    ,22.6657702884541   ,21.9357806730021   ,41049              ,dec                ,2014               
5.77399627052217   ,4.42877929943898   ,140.387767475269   ,-0.54735850872893  ,0.688534824794825  ,5.44385973518521   ,65.3892311535745   ,89.8780993961601   ,269.73897871355    ,276.060705295139   ,48.1788581072861   ,0.00352563621170882,4.71148500090764   ,25.4189070649795   ,21.538289092421    ,41061              ,dec                ,2014               
6.51674104005726   ,1.53434491033355   ,-498.72806603622   ,-1.91968261636101  ,0.460848887595712  ,6.7342590494391    ,69.8776980876332   ,96.4352192241759   ,271.697128946335   ,278.173028653321   ,44.3273941813792   ,0.00416367398010182,3.551719507383     ,23.61355280433     ,22.6581619945748   ,41021              ,dec                ,2014               
5.03862812388943   ,1.76296643994342   ,178.985530602676   ,-1.34326375593916  ,0.458484573486546  ,3.98012040001221   ,69.7791513238502   ,98.0913837075931   ,271.497424893444   ,278.234110371551   ,43.7196566016702   ,0.00418410671732595,3.84703645194367   ,24.9446972253959   ,23.3692173335055   ,41055              ,dec                ,2014               
4.15877602517651   ,2.79497627150603   ,172.04272806009    ,-0.384678510683358 ,0.49013986716911   ,2.8765215756023    ,69.9551025245388   ,97.6453870801474   ,270.931696375896   ,277.648999782227   ,45.4521501865443   ,0.00406356608290146,4.2694408111639    ,26.3282081812226   ,23.6178049810746   ,41065              ,dec                ,2014               
