bi,pr,th,pdsi,pet,erc,rmin,rmax,tmmn,tmmx,srad,sph,vs,fm1000,fm100,countyfips,month,year
12.344699162502     ,1.35250920254663    ,194.202562985612    ,-2.22137427311386   ,0.763479529200546   ,12.8061059450737    ,50.8426040404119    ,90.4230358814027    ,267.438690661467    ,276.343658483123    ,65.5127031794472    ,0.00269661402487464 ,3.31894055237929    ,23.3393859395714    ,20.0840890742703    ,41059               ,jan                 ,1991                
16.7461740155174    ,1.38153078956389    ,219.020022817553    ,-1.18461660464106   ,0.863627295164207   ,19.3809480821989    ,43.9563775675952    ,83.1928170302262    ,265.154238031595    ,274.718514506768    ,70.5516563009898    ,0.00222355906348217 ,3.77083613365357    ,21.0906261728172    ,17.6011616848081    ,41063               ,jan                 ,1991                
14.5630259756096    ,0.711128860124411   ,175.751065056207    ,-2.77249158957866   ,0.833881264971184   ,16.2313530267596    ,49.1969600671692    ,90.7904545749045    ,267.965845356397    ,277.380020097791    ,65.1194969740012    ,0.00278210327710949 ,3.37672421614769    ,21.5123738565269    ,19.5774387770902    ,41049               ,jan                 ,1991                
14.4094392447785    ,1.99966655309364    ,207.6555091924      ,-1.68043980505859   ,0.850108036180503   ,13.983785954446     ,44.0965161497495    ,86.4499566382405    ,265.069246137308    ,274.563738460685    ,72.0944657746182    ,0.00229786213988608 ,4.11098454091616    ,23.457551463502     ,19.0905033802426    ,41061               ,jan                 ,1991                
13.6485697854373    ,0.560508022755152   ,168.547524302558    ,-2.63931848450369   ,0.732170789624407   ,13.9473965623293    ,53.1774666553236    ,93.4670011884289    ,268.529131257029    ,277.807654951127    ,67.9806248271104    ,0.00303077974153392 ,3.24577268608927    ,22.2893114861917    ,20.3895185840317    ,41021               ,jan                 ,1991                
13.1381667215877    ,0.69528998480082    ,165.437817463176    ,-3.20184909205223   ,0.689776188403177   ,12.1631018902612    ,56.5159598066096    ,95.4352263055012    ,268.938862960174    ,278.013188593659    ,71.1127476610343    ,0.00323003403899284 ,3.55252407608426    ,22.8178399864446    ,21.0949929226032    ,41055               ,jan                 ,1991                
11.4037656918974    ,1.24520547511533    ,176.641643818182    ,-2.56186471106058   ,0.701213251820914   ,10.4356743476264    ,55.6315644421482    ,94.8411595124895    ,268.736502460021    ,277.781096094936    ,76.2264649426097    ,0.00323633675734897 ,3.87613643195022    ,24.0977028989372    ,21.2590127451293    ,41065               ,jan                 ,1991                
12.3197472310143    ,1.6459832330963     ,185.14227899044     ,-2.7363792595764    ,1.24749682341634    ,18.990241721696     ,47.9368130214505    ,89.226653214322     ,273.482620544217    ,283.395794190882    ,103.325465631462    ,0.00422903469124018 ,3.13238107662052    ,20.3173863521249    ,17.6305828206699    ,41059               ,feb                 ,1991                
15.4485796422099    ,1.22074365936179    ,214.001516911474    ,-1.81860662468802   ,1.33610272998145    ,24.9437535442789    ,42.6433142345626    ,85.811824275778     ,271.106437202934    ,281.243884264768    ,110.306395314671    ,0.00350971274414374 ,3.3942868602718     ,18.1821689970724    ,16.2344205138626    ,41063               ,feb                 ,1991                
14.655511440641     ,1.15601460841291    ,167.804756306134    ,-3.19072999036749   ,1.2407241453519     ,21.0254475779291    ,47.5391987565746    ,90.8870646639733    ,273.648624273227    ,284.148313656438    ,106.594685377162    ,0.00437264299857282 ,3.07663738953818    ,19.5162739750157    ,17.711832571315     ,41049               ,feb                 ,1991                
13.0755803539804    ,1.59959824203236    ,200.905482812155    ,-2.20589656658747   ,1.32952155279393    ,19.6741200137559    ,44.914802080067     ,88.0406631944041    ,271.044295478834    ,281.219399540008    ,112.359006132482    ,0.00368531529332357 ,3.6696697666479     ,20.0251324060733    ,17.2657906264855    ,41061               ,feb                 ,1991                
13.9475744225607    ,0.864319075553802   ,165.272155311898    ,-3.08824062997376   ,1.1465959621715     ,18.5520186775616    ,51.5726759429948    ,93.9482406498711    ,273.877530294976    ,284.366653642943    ,109.106565249074    ,0.00463054142881541 ,2.93975048810956    ,20.2669683015543    ,18.6488499252073    ,41021               ,feb                 ,1991                
14.2617890063639    ,0.701098002515167   ,159.466721362837    ,-3.65559816825227   ,1.1431269389869     ,17.1136119997591    ,54.0099635482731    ,94.7473808940291    ,274.193944046671    ,284.605913810762    ,111.144744343029    ,0.00481084642027144 ,3.099715808019      ,20.9143527934426    ,19.0742772047781    ,41055               ,feb                 ,1991                
12.2041978141187    ,1.36330418987494    ,173.948217967253    ,-3.1820146324346    ,1.20292140843419    ,14.6763737925107    ,52.1913997305261    ,93.8995036538982    ,273.631363895707    ,284.054242476121    ,112.813676885792    ,0.00468504848138947 ,3.50880902539908    ,22.1431533620233    ,19.303561577311     ,41065               ,feb                 ,1991                
9.26684980949714    ,2.1267696800579     ,219.116462276228    ,-2.74135719943035   ,1.89303673904718    ,15.1452408903343    ,43.5856714530827    ,92.0565726698476    ,271.715877416424    ,282.467350280736    ,161.825171381611    ,0.00361386468688275 ,3.56494109621289    ,21.6509769406489    ,18.4210893282191    ,41059               ,mar                 ,1991                
10.4487498403377    ,2.04499618960437    ,229.843072727015    ,-2.1639920532495    ,1.78113079952745    ,18.7354872100475    ,41.1544318374489    ,91.7694773748231    ,268.771041856349    ,279.434352500428    ,167.149400020275    ,0.00305921710084745 ,3.67039792361013    ,19.9642250329196    ,17.8086419178405    ,41063               ,mar                 ,1991                
11.4862229027895    ,1.48805555755742    ,208.298126026185    ,-3.00551213103023   ,1.95749534443814    ,17.4340915133408    ,43.0362739831969    ,92.815487490053     ,272.003534312829    ,283.125110297001    ,162.671268013276    ,0.0036820815919578  ,3.66987508575652    ,20.6909062713007    ,18.0162003224735    ,41049               ,mar                 ,1991                
9.03789894029362    ,2.70453020437383    ,229.445696874905    ,-2.45388596980169   ,1.7417952065898     ,13.6627303526771    ,43.6319221154763    ,95.1047633500367    ,268.870553317843    ,279.460831613362    ,169.029861866758    ,0.00324210691772407 ,3.89375851581601    ,21.9501024803001    ,19.3326564832115    ,41061               ,mar                 ,1991                
13.6222015458848    ,1.08837842107863    ,212.679517893071    ,-3.00601673229624   ,1.86878535332676    ,16.9299171617176    ,46.5539682122754    ,96.1255026713366    ,272.3301362288      ,283.409591396673    ,165.727399818273    ,0.00396813240584025 ,3.7009276228066     ,20.9640817937841    ,18.6817123408168    ,41021               ,mar                 ,1991                
14.3451362503497    ,1.11478867162412    ,212.539413275302    ,-3.63307800604354   ,1.82328117147602    ,15.817156899536     ,49.5839051298995    ,98.2220584831245    ,272.640942440958    ,283.374887515005    ,170.30751845981     ,0.00420516597742517 ,3.89169623630943    ,21.3183341122555    ,19.3209069243379    ,41055               ,mar                 ,1991                
9.70948562526315    ,1.90674200479236    ,222.799985935378    ,-3.13127830031486   ,1.70638521250831    ,12.8285229904984    ,50.1704893910317    ,98.3980645385485    ,271.628805356578    ,282.26578945622     ,168.969722958918    ,0.00408015487718683 ,3.69462059212229    ,22.3862132830354    ,19.7872109457966    ,41065               ,mar                 ,1991                
14.3994496740557    ,1.93573355873919    ,208.820681171407    ,-2.37908324502125   ,2.9770953876359     ,22.7518250150137    ,38.2312850665836    ,85.670629249977     ,274.336832390926    ,286.329258354136    ,210.383809066924    ,0.00404545777944013 ,4.28969856053262    ,19.8087997183894    ,15.245180818103     ,41059               ,apr                 ,1991                
9.28622607024591    ,2.16441234392841    ,206.93992492344     ,-2.01850041714855   ,2.60200396084633    ,20.2038831286441    ,36.6528150766324    ,89.8595325067605    ,271.142865272113    ,283.181685521942    ,208.491532242381    ,0.00363104753542907 ,4.05530456372283    ,19.7119748265593    ,16.0913651309925    ,41063               ,apr                 ,1991                
21.5638794466496    ,1.04945123416955    ,191.307784691856    ,-2.76627811363022   ,3.18063637649098    ,28.5057781406553    ,35.0293826370339    ,86.8856865227118    ,274.588113347398    ,287.200662854579    ,212.977898243876    ,0.0040129108629742  ,4.57320078777809    ,17.9915493577355    ,14.450791908642     ,41049               ,apr                 ,1991                
8.60216844175517    ,2.53487153304825    ,232.714601967824    ,-2.02592922287683   ,2.57729645678536    ,15.8166985026591    ,40.078606148551     ,90.9311781298477    ,271.202766623163    ,282.718607451513    ,216.852566751865    ,0.0037037847857585  ,4.45987634887421    ,21.6152316856384    ,16.941471628142     ,41061               ,apr                 ,1991                
21.0266337630059    ,0.671928353164497   ,203.260115060347    ,-2.99997054939672   ,3.16524937683913    ,27.3820602980688    ,36.486220379183     ,91.202331041433     ,274.853191336971    ,287.872553327861    ,218.174578147898    ,0.00430355509901777 ,4.57958087023011    ,18.0184206725053    ,15.1237671574991    ,41021               ,apr                 ,1991                
22.670406708939     ,0.467437174341135   ,203.872173739293    ,-3.67132442457634   ,3.16819437082283    ,26.9036864383876    ,38.0802071636416    ,91.9595879088136    ,275.148050801238    ,288.020126155385    ,219.164675642315    ,0.00449148245150365 ,4.75696625294741    ,18.2544417541162    ,15.2929586540653    ,41055               ,apr                 ,1991                
18.4987644836579    ,0.964044999989457   ,213.731575291443    ,-2.93563537110908   ,2.80086729574222    ,21.9321850038465    ,42.1822560844629    ,93.822567112055     ,273.825297816706    ,286.130547898892    ,209.870965775058    ,0.00442014024951137 ,4.59646840076995    ,19.9997226124506    ,16.5264101138482    ,41065               ,apr                 ,1991                
13.3344304005957    ,3.59857581805416    ,257.939203388341    ,-1.66048335221906   ,3.5863684118558     ,23.4480922974424    ,41.1919948741478    ,83.9928989222966    ,277.465558111349    ,289.257442183434    ,254.468491762679    ,0.00526455207984008 ,3.37628521092986    ,19.4098973622614    ,15.2109012881601    ,41059               ,may                 ,1991                
10.7329282647416    ,4.03622578411871    ,264.810031107079    ,-1.25157185834952   ,3.28883403033092    ,21.3663173136612    ,39.7964290988491    ,85.6663106575847    ,274.813335448819    ,286.739959467245    ,247.679981055713    ,0.00481973938044812 ,3.20554402685047    ,19.6246304511486    ,15.3972200585788    ,41063               ,may                 ,1991                
17.8206586051079    ,2.03120327624386    ,261.30818236526     ,-2.43337997346856   ,3.81709200346154    ,29.1794294367243    ,36.7765193159486    ,85.3955526656344    ,277.730207797906    ,290.099163760891    ,257.004325177979    ,0.00514959588815702 ,3.76999697119395    ,17.5321044480553    ,14.2992004558577    ,41049               ,may                 ,1991                
10.3472553015117    ,4.42562448892851    ,277.254499668488    ,-1.05195506921521   ,3.24280855824681    ,18.6744603090327    ,42.3894204198578    ,86.2827846103244    ,274.416503467507    ,286.120847813079    ,257.285469704176    ,0.00481177974224895 ,3.53755087856276    ,20.7584935199308    ,15.8563454962973    ,41061               ,may                 ,1991                
21.9019644474507    ,1.24858789743851    ,270.577619647391    ,-3.01884441541178   ,3.93476989154107    ,30.2579134140445    ,36.8038656953171    ,90.6500544506292    ,277.940671800695    ,290.965464244202    ,263.483499202872    ,0.00545693594985644 ,4.078901179947      ,17.0617853104747    ,14.5446853956483    ,41021               ,may                 ,1991                
25.7620271043667    ,0.820989647208014   ,268.100946997027    ,-3.90625272949769   ,3.97167910983755    ,31.8776345913241    ,38.0197533168696    ,93.0564717517846    ,278.033427617164    ,290.955106693851    ,270.974555488533    ,0.00565090747353359 ,4.30662386422111    ,16.4596559395545    ,14.5707117555457    ,41055               ,may                 ,1991                
19.2473166290296    ,1.32625336774745    ,281.822951006965    ,-3.06289947186629   ,3.51445252474595    ,25.9041069938309    ,43.3729585889533    ,94.2945529230108    ,276.547166314481    ,288.808734307783    ,267.547700423156    ,0.00553165924295162 ,3.93559647082422    ,18.1630475095667    ,15.7773123414223    ,41065               ,may                 ,1991                
16.8306454948456    ,1.52817470825896    ,218.061018655476    ,-0.651042150970853  ,4.54377973877699    ,29.5501739484322    ,37.8523152400853    ,84.4244704943356    ,279.986225232594    ,293.046490505463    ,295.766167737527    ,0.00614446868630955 ,3.22600797148664    ,17.4071843741482    ,13.3859522785046    ,41059               ,jun                 ,1991                
11.695362379418     ,1.79957777282662    ,225.226885262911    ,-0.190946783341841  ,4.04689804781011    ,26.4565666735311    ,37.7962222134317    ,84.7078830827922    ,277.446982232118    ,290.72897269598     ,276.195379876979    ,0.00572877977821392 ,2.75829690910858    ,17.785960140206     ,13.7691082186354    ,41063               ,jun                 ,1991                
25.1131782175502    ,0.99058617205858    ,227.03607102178     ,-1.9356155872449    ,4.85076440825512    ,36.2312615934675    ,33.9809689912912    ,86.8109872584984    ,280.174229620223    ,293.857946007747    ,303.442546965647    ,0.00607140492856134 ,3.73625202843136    ,15.5772724799045    ,12.8067959053978    ,41049               ,jun                 ,1991                
11.7022813521927    ,1.78931389505113    ,235.655162527529    ,0.243998425101302   ,4.08632498045517    ,24.7555286618221    ,39.141931974466     ,84.9568087655527    ,277.139041112578    ,290.239955397869    ,288.77707497114     ,0.0056688742672281  ,3.04571665560022    ,18.5038894166672    ,14.0248958801144    ,41061               ,jun                 ,1991                
26.3656821958222    ,1.19122102122103    ,232.228449879       ,-2.70824566125279   ,4.98334861854195    ,35.0836520881606    ,33.5743033281489    ,91.8456169518396    ,280.479397872301    ,294.93286251555     ,306.144469515719    ,0.00641955712682059 ,4.02657001647069    ,15.6705170343652    ,13.5816185565391    ,41021               ,jun                 ,1991                
27.3296293455969    ,1.13636973333521    ,229.529441451097    ,-3.71223614671309   ,4.93871444179068    ,34.6688516337969    ,35.0734523970249    ,93.288581049512     ,280.835855263158    ,294.814773735061    ,306.656952044838    ,0.00666346852581396 ,4.25092019172672    ,15.5976433453736    ,13.923423823325     ,41055               ,jun                 ,1991                
23.0638639390677    ,1.11276535129098    ,239.118794190113    ,-2.85194383771466   ,4.419876054191      ,30.624703567669     ,39.3140578050621    ,94.5065829059924    ,279.347396645476    ,293.12209093617     ,294.373497011056    ,0.00664944576315521 ,3.69697904970262    ,16.8888949506118    ,14.6737848440436    ,41065               ,jun                 ,1991                
33.5038943369665    ,0.273930501422804   ,239.079910448202    ,-0.301127472658031  ,5.88010462371108    ,49.300975886962     ,26.5001018665153    ,73.6139358501357    ,284.603329227205    ,301.653099542498    ,306.235178506774    ,0.00720505553863336 ,2.89517540263266    ,13.2536059591256    ,9.81291684801826    ,41059               ,jul                 ,1991                
30.8523155845678    ,0.277266110432436   ,229.235506132899    ,-0.0298643131891813 ,5.65749123757724    ,49.4729538655512    ,24.8221498318243    ,68.6069069151789    ,282.381608722497    ,299.839992220289    ,312.756433387548    ,0.00646396744501813 ,2.53423512975263    ,13.3489406191413    ,9.12981530123792    ,41063               ,jul                 ,1991                
40.0186817198426    ,0.192370341715429   ,242.000028837243    ,-1.73821710083913   ,6.24882244252913    ,52.5397820061193    ,24.9221944179996    ,77.3789618008444    ,285.067142388       ,302.470600676444    ,311.309579579296    ,0.0073733614223692  ,3.33605590930784    ,12.507239396136     ,9.94281075504498    ,41049               ,jul                 ,1991                
33.1902959712037    ,0.211777211153047   ,247.856971483085    ,0.614767965927735   ,5.55099800218865    ,47.404664574824     ,27.4366613923578    ,74.522551448067     ,281.959327394523    ,299.229227088068    ,309.477778912312    ,0.006913371974      ,2.80928322537303    ,13.8293412513915    ,9.99696384714401    ,41061               ,jul                 ,1991                
40.4006032519081    ,0.230209908502996   ,251.925130894266    ,-2.18036410400859   ,6.58920124029138    ,49.4644981962497    ,24.8412726665661    ,82.3229746440572    ,285.805037495158    ,303.702718154463    ,315.915858270911    ,0.00788387463330134 ,3.66945427923498    ,13.2128781640482    ,10.5756125867846    ,41021               ,jul                 ,1991                
37.358306400818     ,0.31599284070963    ,252.944949380325    ,-3.05688133388467   ,6.58638572313947    ,45.4743756006583    ,26.5992263640307    ,86.5164903947664    ,286.103391997433    ,303.50233162702     ,320.337075932029    ,0.00840744439856313 ,3.88527207180276    ,13.8176355583221    ,11.4669575387184    ,41055               ,jul                 ,1991                
30.7959463748728    ,0.402662752359081   ,257.594441611742    ,-2.33378823763794   ,6.0328260439797     ,41.2728218296182    ,29.7022459098419    ,88.3031308262839    ,284.232204860346    ,302.164444017916    ,318.549449862426    ,0.00859397141025069 ,3.25583642682184    ,14.7196779779603    ,12.1977044050743    ,41065               ,jul                 ,1991                
41.4088823867437    ,0.32069984279912    ,251.879483940504    ,-0.0561646754970614 ,5.42724972219708    ,58.0234332745769    ,23.6399572675388    ,72.7085815061746    ,284.95601590814     ,302.285036148564    ,271.261160462006    ,0.0069732499736445  ,2.92193304620487    ,10.9359225193371    ,9.54381732898909    ,41059               ,aug                 ,1991                
44.7256944649142    ,0.133122294839533   ,247.206672368672    ,-0.39752952129274   ,5.22534725049159    ,65.6431239447797    ,19.9533335209       ,65.656132245209     ,283.410889738923    ,301.154613748727    ,273.923715658551    ,0.00604568386611443 ,2.50600340982747    ,9.7500407718359     ,8.26954839976087    ,41063               ,aug                 ,1991                
42.6134105193199    ,0.232860258922769   ,251.876926313928    ,-1.4911068441252    ,5.63909671151986    ,57.3756879399987    ,24.3884403832034    ,76.2222222880805    ,285.463926592664    ,302.689885284264    ,276.182328134468    ,0.00738202433204348 ,3.25009978964127    ,10.8919375662746    ,9.95294949320236    ,41049               ,aug                 ,1991                
43.177444061323     ,0.232948709410151   ,270.430333618845    ,0.59428925252991    ,5.2592764526665     ,60.2140492927311    ,21.1693105610278    ,71.1860725664133    ,282.5508729583      ,300.405907907794    ,273.145690696166    ,0.00623232356082739 ,2.86427396201176    ,10.6961660856082    ,9.1662257449174     ,41061               ,aug                 ,1991                
43.4886146982687    ,0.181004253678119   ,262.82332702381     ,-1.98013351922289   ,5.86982889658027    ,54.1230863737451    ,25.4795180232223    ,82.23482086167      ,286.148987702035    ,303.836951641316    ,277.394830288597    ,0.00816408164063447 ,3.58734692243066    ,11.5816712333138    ,10.7818069783371    ,41021               ,aug                 ,1991                
40.0267292408139    ,0.162448942588199   ,264.438028007957    ,-2.69570135140744   ,5.82457554497779    ,48.9040257292544    ,27.7015245269771    ,87.7604698079686    ,286.339562459793    ,303.879996915197    ,274.867368191869    ,0.00894658239014584 ,3.83424077383011    ,12.5481879785362    ,11.8806897715518    ,41055               ,aug                 ,1991                
31.0374602643897    ,0.271694872595823   ,276.088673055501    ,-1.87981826034552   ,5.2222127636193     ,42.9829348450057    ,31.3103568813336    ,90.8836789477166    ,284.496982307414    ,302.117023963965    ,273.497335564042    ,0.00913398845379813 ,3.32077582614459    ,13.5906896289645    ,13.012842036466     ,41065               ,aug                 ,1991                
45.355726899001     ,0.10138083463802    ,184.35057691097     ,-0.362112291173693  ,3.94162704848559    ,62.9441151486327    ,21.1553726689442    ,68.526489118656     ,280.938509143215    ,298.365129021988    ,211.168363860848    ,0.0049217805282956  ,2.73728816689837    ,9.93139108500996    ,9.5755978669815     ,41059               ,sep                 ,1991                
48.3462067999258    ,0.10927002710097    ,211.796923527041    ,-1.11005753751558   ,3.7853986542889     ,69.052013836485     ,19.0369333383642    ,61.9068075771376    ,279.075681224014    ,296.509783998681    ,209.047083046386    ,0.00424282896224711 ,2.65420848482       ,8.81886190203798    ,8.52236347001194    ,41063               ,sep                 ,1991                
46.5691332606355    ,0.0399444014276093  ,166.849629054077    ,-1.67138223201817   ,4.12280628119464    ,59.942684753611     ,22.5268062547863    ,74.1228453547959    ,281.297659930218    ,299.025229341197    ,216.385452999494    ,0.00538685633643469 ,2.99689444920884    ,10.4472638722698    ,10.4776828770862    ,41049               ,sep                 ,1991                
45.3800075853472    ,0.139740093963627   ,214.099960420568    ,-0.0324361476939892 ,3.80128872502488    ,63.2949904579194    ,19.5560118438972    ,68.3678112406789    ,278.540665170175    ,296.27415055012     ,214.471994858102    ,0.00446725705787041 ,2.79309317863527    ,9.82017915651141    ,9.61867412104037    ,41061               ,sep                 ,1991                
44.6333620001392    ,0.00395924769517362 ,162.026941858833    ,-2.13043151144054   ,4.26602567304318    ,54.6129097566286    ,23.643958808646     ,81.4142401015744    ,281.863479793884    ,300.429397182157    ,218.014100507999    ,0.00608581122812438 ,3.16460139704903    ,11.4788208038538    ,11.7164680788508    ,41021               ,sep                 ,1991                
43.6875046176055    ,0.000166226595233523,158.877243169102    ,-2.70855408988269   ,4.39457435847258    ,50.853629468059     ,25.233944401174     ,83.9105999334978    ,282.293584214595    ,300.839912869637    ,221.092786745068    ,0.00659344809372196 ,3.44869318573098    ,12.3211362858265    ,12.3424104892255    ,41055               ,sep                 ,1991                
39.2173423530541    ,0.0254681362995549  ,169.016156053256    ,-1.89191168175016   ,4.22954848613865    ,46.8772246539361    ,26.0596366741163    ,85.6082498359236    ,281.011849644801    ,300.046502979578    ,224.513256804519    ,0.00658808870466459 ,3.2730199599229     ,13.2800008286222    ,12.8582371366422    ,41065               ,sep                 ,1991                
33.7498999266067    ,1.04368897939379    ,200.3563591212      ,-1.11524632293937   ,2.04632027105732    ,50.787289575605     ,34.0444041087927    ,76.224349419191     ,274.746533573756    ,288.188725941509    ,123.265957598349    ,0.00383192122537568 ,3.06001933602804    ,11.1358044033146    ,13.3464555186967    ,41059               ,oct                 ,1991                
39.0212375399691    ,1.03383832478242    ,226.184452690494    ,-1.9174286761866    ,2.12947049667395    ,57.7021244038127    ,28.5726994508657    ,71.664357207092     ,272.502014746172    ,286.579330754985    ,127.456336839458    ,0.00314414756155628 ,3.10416095413918    ,9.83746587264734    ,11.9587769000653    ,41063               ,oct                 ,1991                
32.9585168356819    ,0.693495442542479   ,179.545363731132    ,-2.16595110948641   ,2.09341083696526    ,48.1479614808579    ,34.6458006273993    ,79.9836186260977    ,274.897050068641    ,289.090178440882    ,128.172105376371    ,0.00409772955179455 ,3.21698003975881    ,11.667117670045     ,13.7419455064307    ,41049               ,oct                 ,1991                
35.3316103127327    ,1.18483412744561    ,226.833981561253    ,-1.01152764462517   ,2.05336167363354    ,51.5732375272951    ,32.3170961996418    ,75.20139801469      ,272.420833058663    ,286.146424386265    ,129.32740773452     ,0.00340436592112822 ,3.25188817450697    ,11.0281433924125    ,13.1653928239808    ,41061               ,oct                 ,1991                
32.1387166972721    ,0.727450212454579   ,177.594210744762    ,-2.50210710396111   ,2.12068385116837    ,43.7158996515358    ,35.6371446244793    ,84.5209354842534    ,275.099871025081    ,290.285183419025    ,130.263950335549    ,0.00447642883834075 ,3.27512435132057    ,12.8437625946423    ,14.7387411018572    ,41021               ,oct                 ,1991                
32.1262088447747    ,0.879376087044685   ,172.559472871038    ,-2.96987170015859   ,2.18257618659938    ,40.8286866432899    ,37.7398111761302    ,85.9454696830141    ,275.69240814019     ,290.427515775072    ,131.447430343319    ,0.0047194329406655  ,3.56369935263667    ,13.5657940135769    ,15.3109036738682    ,41055               ,oct                 ,1991                
28.4096467300182    ,1.29113362341194    ,174.568508503383    ,-2.36288135580389   ,2.09653118914393    ,37.922878488028     ,40.2711001624648    ,86.3679097347201    ,275.027434189792    ,289.569695774832    ,133.149983091259    ,0.00473835998790179 ,3.38231714457639    ,14.2335371695763    ,15.8941802327745    ,41065               ,oct                 ,1991                
4.35775988529504    ,4.55207883390962    ,211.312882760739    ,-0.607126859610872  ,0.743354137464289   ,8.11483611712879    ,58.7008907672848    ,95.398857398591     ,272.559213682937    ,279.702100116317    ,60.8642213772991    ,0.00421206532246007 ,3.93236664103356    ,23.407725454482     ,22.8518115217323    ,41059               ,nov                 ,1991                
5.14664394292407    ,4.27445210698636    ,228.005048431821    ,-1.52093831689416   ,0.731270339578772   ,10.2547586463225    ,53.5509022999477    ,95.162841510995     ,269.226824521685    ,277.059077228644    ,64.9152953086199    ,0.00353946954189389 ,4.13144869669612    ,22.0450153620927    ,22.4262892153991    ,41063               ,nov                 ,1991                
5.81477275365414    ,2.49096996276583    ,208.292285129745    ,-1.66698296832971   ,0.811419740183698   ,10.833699151914     ,57.0166222239456    ,95.7795570588237    ,273.249184570845    ,280.96523653999     ,62.2419340257661    ,0.00439069643211356 ,3.94587584646064    ,21.650326830596     ,21.8696207400184    ,41049               ,nov                 ,1991                
3.36094185933593    ,5.47544681839982    ,224.698916338658    ,-0.515258032255212  ,0.708812354980611   ,6.47075559946003    ,58.2344113240811    ,95.3492989537745    ,269.66671764986     ,276.884173754782    ,64.8855044145937    ,0.00368482896376405 ,4.54954788151592    ,23.9963909426246    ,23.4269553625633    ,41061               ,nov                 ,1991                
6.23080464420746    ,2.04793121126726    ,207.089240160898    ,-2.01720195469508   ,0.77342006080545    ,10.7540409910826    ,58.5242664029902    ,96.7072076128613    ,273.953933180723    ,281.686656015011    ,63.3393452351273    ,0.00464800933894991 ,3.77975482654468    ,21.5635460132117    ,21.8329966282756    ,41021               ,nov                 ,1991                
6.98009848409781    ,1.93761777200139    ,207.264609493382    ,-2.43420775928925   ,0.710560785743751   ,10.270373416019     ,61.3982849336739    ,97.4374748884353    ,274.125105871606    ,281.70544107597     ,63.8517774697168    ,0.00484532307900151 ,3.99755379425155    ,21.8544259681107    ,22.1710763081705    ,41055               ,nov                 ,1991                
4.90398472842139    ,2.98639015023131    ,213.421220062422    ,-2.06552313324411   ,0.634227391603029   ,6.99564970992285    ,63.1900770581593    ,98.2462044343155    ,273.407586904672    ,280.617367565567    ,64.3640416881884    ,0.00476468232252817 ,4.15942948864427    ,23.8242771099034    ,23.1971788731674    ,41065               ,nov                 ,1991                
10.8632245849481    ,1.34512327953055    ,182.057621350703    ,0.595794126342069   ,0.671300988115995   ,10.1651661475233    ,57.6132263077279    ,91.3753781741818    ,271.511352630009    ,278.215397398151    ,53.9560701412344    ,0.00355238000076304 ,3.6945083416949     ,24.6742763019292    ,19.9555093535261    ,41059               ,dec                 ,1991                
12.6243924487252    ,1.45391362850708    ,207.480015679562    ,-0.299095945436039  ,0.734395007733559   ,12.3357444365255    ,50.358573895012     ,88.7940054893494    ,268.348887532908    ,276.278991319527    ,56.4045780384179    ,0.00291440955518638 ,4.05592388531197    ,23.953394334633     ,19.0750414110842    ,41063               ,dec                 ,1991                
12.9042136305933    ,0.668113217926722   ,175.309888771327    ,-0.780838651709376  ,0.626741619797563   ,12.0187869174381    ,58.533584530649     ,93.4082058069386    ,271.94682085926     ,278.915211208537    ,54.9441329598219    ,0.00372173674840417 ,3.49036609588701    ,23.2790391833786    ,20.2325413409328    ,41049               ,dec                 ,1991                
12.1808842767622    ,1.64458391175103    ,194.212428428116    ,0.914970949397963   ,0.777448845237739   ,9.8446207062211     ,52.5204142594828    ,89.4223987215144    ,268.731780516071    ,276.194190179016    ,58.2943038828187    ,0.00300527001520304 ,4.56803139488393    ,25.3649218951724    ,19.5590093135441    ,41061               ,dec                 ,1991                
12.556335538695     ,0.623380884402599   ,172.426730826944    ,-1.2822653303913    ,0.555695124983307   ,10.5200913551132    ,62.4389233117653    ,95.546946635004     ,272.2298535126      ,278.758840203078    ,54.2189431921996    ,0.00384114978823735 ,3.4092026835776     ,23.6905321201575    ,21.0928466677518    ,41021               ,dec                 ,1991                
11.905788392151     ,0.711834818301958   ,167.165555343479    ,-1.80152857652185   ,0.526203668983127   ,9.03909090102172    ,65.412752229196     ,96.0228930631344    ,272.416995625933    ,278.434304657875    ,53.1649326450876    ,0.00390692408519777 ,3.66020309950641    ,24.2630900712041    ,21.49324984504      ,41055               ,dec                 ,1991                
7.92123688479195    ,1.38783566278594    ,180.260976467414    ,-1.56092903237911   ,0.464409108009412   ,6.34648039255173    ,65.1527809202347    ,96.1206271742885    ,271.625219181182    ,277.900883872766    ,55.6150811965278    ,0.00382701747954144 ,3.4566829429084     ,25.9568798240063    ,21.9841844990722    ,41065               ,dec                 ,1991                
