bi,pr,th,pdsi,pet,erc,rmin,rmax,tmmn,tmmx,srad,sph,vs,fm1000,fm100,countyfips,month,year
4.78545641690158   ,2.10565767707966   ,170.254567084102   ,-0.131931880900172 ,0.522957867325782  ,4.33690790531298   ,60.1375324437313   ,95.4547821267806   ,264.195676376157   ,272.712677774509   ,63.8493732419999   ,0.00235985317262752,2.86883758227652   ,26.5136989470451   ,22.57865636009     ,41059              ,jan                ,1993               
8.23086352688011   ,2.0080465176762    ,187.27934644002    ,-1.47767288037652  ,0.632685542819669  ,10.2815277717717   ,50.0364126127567   ,87.6268679209872   ,262.993680509519   ,272.393305334689   ,69.2598668855064   ,0.0020383697606553 ,3.15055406781511   ,24.4735105570675   ,19.6084039834077   ,41063              ,jan                ,1993               
5.96655567913542   ,1.55071850289833   ,150.910689670861   ,0.907311864444307  ,0.505508567361494  ,5.28424384657217   ,62.3967098674346   ,96.2859366864213   ,264.751207534978   ,272.866550897187   ,63.3383226691016   ,0.00247701828279846,2.8518358971889    ,25.2652446773885   ,22.5377371827808   ,41049              ,jan                ,1993               
4.57690548701701   ,2.76219846679589   ,180.473452376237   ,-1.0384930467348   ,0.597611017739426  ,3.28430609366319   ,53.6147969243252   ,92.960677908104    ,262.662589623965   ,271.597352125501   ,69.3833091520874   ,0.00209938909774364,3.76245276166689   ,27.8505538655581   ,22.0663090988062   ,41061              ,jan                ,1993               
6.61567229115742   ,1.27838417551062   ,143.858636299131   ,0.369943024131009  ,0.529563072000723  ,8.35448447647229   ,62.9402033211959   ,91.7834540574238   ,265.858891754388   ,272.938729855837   ,67.1561243542379   ,0.00247472461833256,2.79850155278631   ,23.6901611587043   ,20.7481114255651   ,41021              ,jan                ,1993               
6.24175160364048   ,1.36848019572661   ,139.446709426163   ,-0.425497107403843 ,0.539085449224664  ,8.14454100839091   ,64.9368120257168   ,89.6523504546848   ,266.006375318382   ,272.739220910467   ,70.7389083872019   ,0.00246078083364341,3.16686852215889   ,23.8483094082444   ,20.2629352598185   ,41055              ,jan                ,1993               
5.48410218555569   ,2.02745974930101   ,151.086113921      ,-1.0102043469994   ,0.562676388021026  ,4.66543029891641   ,63.6322041412647   ,91.8832702576482   ,265.457043282402   ,272.920088051118   ,73.7273975463817   ,0.00248154794144329,3.77887003540464   ,26.8195257272942   ,21.5018400154183   ,41065              ,jan                ,1993               
11.3333356801301   ,1.09528118912767   ,173.021017223713   ,0.0592422775316302 ,0.839957576840693  ,13.6782014643537   ,51.978518696923    ,90.7869562615509   ,266.101306406416   ,275.246577972946   ,101.556656061757   ,0.00258128284978787,2.6507899369692    ,22.663889023078    ,18.8404506493427   ,41059              ,feb                ,1993               
12.126171051503    ,1.2827311201779    ,189.070348229791   ,-1.33538477216079  ,0.913893923942152  ,17.4005055394315   ,46.5933394957256   ,90.4563250734613   ,264.309464142635   ,274.62328992857    ,106.260377630249   ,0.0023399815117546 ,2.86913093086611   ,20.9203852419848   ,18.2256715251849   ,41063              ,feb                ,1993               
10.9038566217719   ,0.902091913750382  ,144.658414860927   ,1.23110113330641   ,0.806223478304778  ,13.7595843934278   ,54.7033625027985   ,91.8426986657245   ,266.726576795842   ,275.489429428226   ,105.648426306096   ,0.00269789198736169,2.48894983893379   ,22.3216457169896   ,19.19449562668     ,41049              ,feb                ,1993               
11.7830355299663   ,1.39777458763758   ,197.674437158338   ,-0.757306930674202 ,0.935819175976084  ,13.1595178699694   ,47.8934164560241   ,91.0834250372764   ,264.000787247888   ,274.086649684469   ,106.919031511875   ,0.00233099778009619,3.62048036110254   ,22.9529455894726   ,18.7723263000475   ,41061              ,feb                ,1993               
10.5096963845577   ,0.905708687733805  ,142.455357867229   ,0.588820729230425  ,0.780062407850665  ,13.9776368741415   ,58.8455687175706   ,91.8517576228794   ,267.277094180066   ,275.352361590952   ,110.060315146829   ,0.00276289113594587,2.55583219189618   ,21.7036478001579   ,19.4378332099697   ,41021              ,feb                ,1993               
10.7735671047404   ,1.12890354793502   ,137.377355200854   ,-0.0896584321554118,0.795284433908132  ,13.5334595814518   ,59.6272550461784   ,91.8413705260134   ,267.376122145625   ,275.307303301971   ,112.589595126628   ,0.00276436886889043,2.99304732490477   ,21.8377484030393   ,19.4892995197173   ,41055              ,feb                ,1993               
10.2329945917103   ,1.11952464721949   ,143.252612669429   ,-0.772550348169433 ,0.849837571891137  ,12.1160604142467   ,56.6088999174374   ,92.6499101887772   ,266.943924369393   ,275.455144843458   ,111.534978852445   ,0.00273128931854757,3.33887111682654   ,22.8616310740327   ,19.387350544388    ,41065              ,feb                ,1993               
8.67661734898352   ,2.27310718516467   ,186.052806298907   ,0.206009695077573  ,1.66970818753051   ,12.6730624525586   ,52.0735228719224   ,94.170587943268    ,272.861422825002   ,282.904895781656   ,149.301517920116   ,0.00427457936931376,3.15335820781461   ,22.5585366343617   ,19.210342581673    ,41059              ,mar                ,1993               
10.2424698518791   ,2.30740115316003   ,200.737677609973   ,-1.38012520431043  ,1.81490414417035   ,18.7751787865069   ,42.9230518471218   ,89.1863692409697   ,271.07432071592    ,281.4124764783     ,160.448080054261   ,0.00361263020247495,3.26013532326301   ,20.3018421814831   ,17.1353803967989   ,41063              ,mar                ,1993               
9.68874961194892   ,1.69475957754455   ,176.983421403489   ,1.48541851893041   ,1.67978564843226   ,13.8162231723637   ,52.0025969269992   ,96.0042254309903   ,273.142630612039   ,283.527825468759   ,148.818234673184   ,0.00441156929130217,3.09608325745745   ,21.9433868281283   ,19.2735679525718   ,41049              ,mar                ,1993               
8.02957572761529   ,2.83188541634098   ,209.525042095644   ,-0.771126303248445 ,1.69392010110253   ,12.3848598786083   ,47.6973340018913   ,93.8676343224334   ,270.644913886468   ,280.804630403811   ,159.308147063383   ,0.00381189605207893,3.73692066476716   ,22.652118988979    ,18.9569371399296   ,41061              ,mar                ,1993               
9.80873411327367   ,1.47779423477385   ,173.890078744295   ,1.05088981709996   ,1.74410267215879   ,14.6145485571169   ,51.2619880859708   ,95.2991190730904   ,273.89717833792    ,284.257071585975   ,150.782649845911   ,0.00450063345989337,3.05147370460909   ,21.5854202377552   ,18.9562829283305   ,41021              ,mar                ,1993               
9.66343072346032   ,1.40046081897316   ,166.772794529124   ,0.566429888223231  ,1.76847601234294   ,13.8028362485173   ,52.6078516142118   ,95.5037963865748   ,274.208185978508   ,284.190727474239   ,154.553374350375   ,0.00457204506141597,3.2897827830141    ,21.8632597994341   ,19.1119745706437   ,41055              ,mar                ,1993               
7.13500911688144   ,2.25429871108676   ,177.610839637924   ,-0.358021975265528 ,1.68502856572639   ,11.0332753812942   ,53.1851470385631   ,96.1862044596513   ,273.743661244997   ,283.480496962525   ,150.307214052966   ,0.00456705404811013,3.35311741161207   ,22.9363876272211   ,19.7049830558471   ,41065              ,mar                ,1993               
5.23562253740006   ,2.86582460342661   ,231.239263365285   ,1.38594191539498   ,2.618541147726     ,11.3807983267362   ,45.9064944210431   ,93.3654219831589   ,275.242059631011   ,286.027762266921   ,200.097019806919   ,0.00479767639256775,3.72093788758414   ,23.1192574936823   ,18.3821335835173   ,41059              ,apr                ,1993               
3.97093987487873   ,2.83902399194243   ,246.575016313388   ,-0.55469386984262  ,2.34206801646656   ,12.3280969717386   ,43.2385997724422   ,96.516714583577    ,271.914757150148   ,283.156868677206   ,199.870578839006   ,0.00421865001531282,3.43881756124588   ,22.0309368193566   ,18.5881823916535   ,41063              ,apr                ,1993               
6.92253792997828   ,1.77879148431807   ,227.69300879833    ,2.54054716744348   ,2.76478313214908   ,14.5504579397923   ,42.0967242399852   ,94.6210099328459   ,275.525885774037   ,286.909124561463   ,198.556097902095   ,0.00476966149950389,3.9088057907672    ,21.7352277952131   ,17.5622141707422   ,41049              ,apr                ,1993               
3.67453825555795   ,3.31892724966442   ,243.338952816308   ,0.602121130533424  ,2.29850299456483   ,8.38560976775325   ,47.4401570302076   ,96.445800222389    ,272.081445803544   ,282.660378729424   ,206.893214400178   ,0.00432534835566747,3.7566356993948    ,24.0235233149901   ,19.3820843271562   ,41061              ,apr                ,1993               
10.4481833175568   ,1.24013106421904   ,231.861498275979   ,2.08780455076432   ,2.90077704059738   ,18.4024783149528   ,39.9702136778329   ,92.8080372324663   ,276.456790026886   ,287.891905511149   ,194.034392629857   ,0.0048032174526386 ,3.93902664044976   ,20.5328029584117   ,16.4974931558564   ,41021              ,apr                ,1993               
14.0298807056931   ,0.839264695308957  ,231.985355615964   ,1.53886576444927   ,2.89717336407414   ,20.782072840053    ,40.3912555703875   ,92.4113639712566   ,276.575095508717   ,287.817553374828   ,192.21833519666    ,0.00482322769216852,4.13682462951826   ,19.8347159856941   ,16.010614166111    ,41055              ,apr                ,1993               
9.79215114091341   ,1.25166030590023   ,229.960677102303   ,0.779588749978138  ,2.50750335382461   ,15.509709430596    ,45.0281086046564   ,96.2441610862418   ,275.11546311812    ,285.957984534251   ,184.775477716287   ,0.00479961540622357,3.8776513377918    ,21.7203115004574   ,17.6796545063143   ,41065              ,apr                ,1993               
14.7760494237659   ,2.48149815736121   ,199.87119024327    ,2.19522721950318   ,4.61035038699861   ,25.5364718010078   ,37.0415301338217   ,80.5807306623388   ,280.965924796577   ,294.463365063813   ,279.034523637752   ,0.00633648839240072,3.37735141930583   ,19.3868386622704   ,13.5991151683785   ,41059              ,may                ,1993               
12.9247972735739   ,2.30939359107927   ,192.212862882822   ,0.539503364217463  ,4.40601608680867   ,24.6679862779776   ,34.1867213141641   ,80.481470585945    ,278.36495722042    ,292.546073442868   ,275.43714651017    ,0.00561953095766803,3.23894908757006   ,19.6043962260925   ,13.4995768172946   ,41063              ,may                ,1993               
17.4315125071848   ,1.80229208013471   ,201.33261965304    ,3.01998813333312   ,4.78683561856753   ,28.7416869682854   ,33.7750492273926   ,85.1526353422441   ,281.171560600911   ,295.290462274202   ,280.107436006968   ,0.00642713744093947,3.66659616426406   ,17.9447970941972   ,13.586879050484    ,41049              ,may                ,1993               
12.3393506272689   ,2.64921942704984   ,203.954871199892   ,1.60587396254771   ,4.36521330044024   ,22.6260565717733   ,36.6894182573605   ,81.3203414494656   ,278.359759233445   ,291.894551712942   ,281.61232333865    ,0.0057668725840806 ,3.47483653421186   ,20.2032678323835   ,13.9467761369019   ,41061              ,may                ,1993               
19.9682428831451   ,1.50161372113087   ,203.552076109594   ,2.3830529305313    ,5.13665281844262   ,32.3289114007105   ,31.113252554913    ,85.882263115662    ,281.941445525051   ,296.639364159984   ,286.486450761181   ,0.00645669964130417,3.8477653962829    ,16.6086295330063   ,13.2181752949456   ,41021              ,may                ,1993               
22.2475915368258   ,1.40146061461496   ,200.687950196165   ,1.81940515728969   ,5.24971348021395   ,34.2643316710947   ,31.5115335522407   ,85.7189239044276   ,281.895307439068   ,296.4294876303     ,293.7358422775     ,0.00643693211396541,4.10085828587416   ,15.9117413933514   ,13.0423468474374   ,41055              ,may                ,1993               
15.2987947698163   ,2.20766674291036   ,204.982047113483   ,1.43121953743046   ,4.59588312302705   ,26.2352404275028   ,36.1664239555133   ,90.5465849371492   ,280.002339487085   ,294.499606613755   ,287.68313989138    ,0.00650462437014842,3.43831406445313   ,18.3005720296025   ,14.9271782512853   ,41065              ,may                ,1993               
16.9732906279903   ,1.6365671682392    ,228.832556674298   ,2.40173400954958   ,4.68957836695065   ,26.8216931633734   ,38.8958038209027   ,83.2344368675687   ,281.104287081417   ,294.552689863462   ,285.494242459733   ,0.0065970705272414 ,3.65061336518584   ,18.6363733551623   ,14.1019556070269   ,41059              ,jun                ,1993               
8.89360716167019   ,3.4218698555664    ,234.0635238208     ,1.10839186918689   ,4.1642297569341    ,20.3122928229514   ,38.0676723623609   ,81.7702803805158   ,278.411071297172   ,291.17059785625    ,269.669183131754   ,0.00579886504346917,3.29312600527818   ,20.0726774319624   ,15.0722554500009   ,41063              ,jun                ,1993               
21.1213948476249   ,1.20055416382276   ,236.338169355313   ,3.35682622778894   ,4.97341325838528   ,29.4415193152339   ,35.9515797283845   ,86.6109872145594   ,281.37487747432    ,295.386091878735   ,294.53927217387    ,0.0066038493602882 ,4.06213717765417   ,17.918582509159    ,13.8694347849691   ,41049              ,jun                ,1993               
10.112608353929    ,2.66964279505568   ,247.122673019759   ,1.8950955342693    ,4.18296880125509   ,20.2092034527733   ,40.7324178205105   ,84.4744373877254   ,278.122517341017   ,291.04532799238    ,283.242394836803   ,0.00607615721630461,3.59762837336878   ,20.2296427032094   ,15.3576443912365   ,41061              ,jun                ,1993               
26.7390131651276   ,0.84274609188649   ,252.225234801581   ,2.64980039199182   ,5.38550973782013   ,34.5583650359138   ,32.4578266436873   ,85.2386243517662   ,282.1501543747     ,296.574279762467   ,303.775167236423   ,0.00649171732498801,4.32709292272727   ,16.5952673587066   ,12.8184222853612   ,41021              ,jun                ,1993               
29.2935582713556   ,0.755587725740173  ,256.433580270683   ,2.24570634808177   ,5.49088717973255   ,36.7220195262753   ,32.4145042378535   ,83.8329543494806   ,282.370239665308   ,296.380191896673   ,310.874704722354   ,0.00647050583608935,4.52008449265599   ,16.0358805906471   ,12.3581038479219   ,41055              ,jun                ,1993               
22.7403861632994   ,1.27678454906405   ,259.656453215875   ,2.61928321139796   ,4.78756188681261   ,28.060100380951    ,38.3719123040046   ,89.27626150438     ,280.596419877865   ,294.570710450879   ,302.502696171711   ,0.00675108889633429,3.71597557954762   ,18.9469096927747   ,14.1871140388527   ,41065              ,jun                ,1993               
21.0876303205365   ,1.05954654834871   ,236.498511922172   ,2.79204661693531   ,4.67129040914223   ,35.2742104630164   ,35.3019177524026   ,86.3556263397403   ,282.020754036091   ,295.71529937203    ,271.613074639037   ,0.00690273335845168,3.30354834092501   ,15.4940176698749   ,13.3091716048198   ,41059              ,jul                ,1993               
12.2740297259801   ,2.06153934098693   ,247.661211816893   ,1.91498026548143   ,4.22033876444856   ,27.4877125255792   ,36.1749537704278   ,85.4780167769611   ,278.889984323616   ,292.433174492999   ,274.414980443261   ,0.00612106349808148,2.75808058420275   ,17.3818519882389   ,14.1559874636041   ,41063              ,jul                ,1993               
23.5752382963256   ,0.822553457916622  ,239.103106020059   ,3.76454770939512   ,4.95957141518694   ,36.152063328679    ,33.4905145043881   ,89.7165303596712   ,282.116139421429   ,296.442495543537   ,282.243325580558   ,0.00701292888010891,3.92059660535208   ,15.1661612219231   ,13.4107262660595   ,41049              ,jul                ,1993               
14.9410084587547   ,1.47274195457312   ,264.062787728877   ,2.47151605234225   ,4.14470490832957   ,27.7295383089142   ,38.278982980258    ,89.811764228757    ,278.593761331975   ,292.145738208669   ,277.005849320971   ,0.00646226400103715,3.10220631554705   ,17.3409166822582   ,14.5878697609531   ,41061              ,jul                ,1993               
29.7491462008852   ,0.794694113699379  ,247.556452964761   ,2.85003777817261   ,5.33789714750218   ,40.2145417913686   ,30.7500004014718   ,88.7452807748385   ,282.687272655205   ,297.502037808626   ,287.670469338723   ,0.0068514477540592 ,4.30094105017415   ,14.2599984952508   ,12.8492201028475   ,41021              ,jul                ,1993               
30.3234625710112   ,0.529262466745219  ,244.475326335266   ,2.30404112530876   ,5.43740926713589   ,42.4920176477438   ,31.1212340556233   ,88.1549336872918   ,283.046960700797   ,297.512490183829   ,290.430876495298   ,0.00689318125974932,4.56687054256744   ,13.3039074450523   ,12.3762268452482   ,41055              ,jul                ,1993               
23.2946714870856   ,0.646647241429524  ,259.489682845833   ,3.06183839250695   ,4.73750953481057   ,34.3024903102265   ,38.2671748948049   ,93.2378450348212   ,281.410662325713   ,295.575355443159   ,295.133439838855   ,0.00732870749001818,3.70820974895798   ,15.4246752420057   ,14.201420668579    ,41065              ,jul                ,1993               
36.7663142974559   ,1.52922960813452   ,222.041615096767   ,3.64164278286182   ,4.92141272708586   ,48.2296050276366   ,28.1599764548365   ,76.0835789161166   ,282.380218471632   ,298.545777697157   ,262.432244119316   ,0.00637522954720573,3.17969544756504   ,13.3501766022391   ,10.9053854276624   ,41059              ,aug                ,1993               
25.3886261391846   ,1.377673673176     ,226.440290859771   ,2.91018612734921   ,4.54915334228842   ,38.9817112856623   ,28.1395877700021   ,76.7074887714347   ,280.478270152286   ,296.22657158626    ,263.337534413767   ,0.0060377106592431 ,2.80226886360836   ,15.4705999934213   ,11.7101592951425   ,41063              ,aug                ,1993               
36.7162173246021   ,0.55641042861389   ,211.716955310956   ,4.24050565321408   ,5.13299643940024   ,46.3587933753596   ,28.6701291744984   ,83.1447862381267   ,282.773483166842   ,299.313230523868   ,268.0970670194     ,0.00691945183065424,3.60509768276878   ,13.4326961007478   ,11.8530528134862   ,41049              ,aug                ,1993               
28.3806992275475   ,1.59974361666815   ,236.903895180176   ,3.40015905639272   ,4.57354621861571   ,40.1144250288659   ,28.8586143293878   ,79.2905234956305   ,279.864697658185   ,295.780791633512   ,265.353801641916   ,0.00608152119690951,3.14481737456536   ,15.114792968077    ,11.9192763869575   ,41061              ,aug                ,1993               
41.1261773800969   ,0.39958822412325   ,214.686276153304   ,3.21617891322106   ,5.45586075821659   ,48.6047057830997   ,27.4690625352787   ,84.4054479613866   ,283.706799919878   ,300.535516336562   ,272.448308145304   ,0.00709675542645256,3.85925838049259   ,12.9185574836104   ,11.8439610697752   ,41021              ,aug                ,1993               
43.6854627602689   ,0.257236462875103  ,215.120849808098   ,2.48523200903048   ,5.61696027992042   ,49.7311939053481   ,27.8199495985876   ,83.9367257168418   ,284.286885354906   ,300.778930384851   ,275.050544527202   ,0.00726839726700482,4.12468286220408   ,12.5479404736051   ,11.8107577741112   ,41055              ,aug                ,1993               
35.2837846923784   ,0.240600854680472  ,224.301626627638   ,3.34914797650131   ,5.03111902394056   ,42.4468462546971   ,32.6718738152036   ,88.5742154118889   ,282.709365666885   ,299.20020238026    ,276.503228961816   ,0.00775112710855408,3.63619810391641   ,14.175872057952    ,13.0506899761467   ,41065              ,aug                ,1993               
39.343936967878    ,0.0508509284846106 ,198.131219284628   ,4.02431860085881   ,3.69809151413557   ,52.5201584600192   ,25.6284001415139   ,77.873336048842    ,279.812764748411   ,296.877524046235   ,209.324825232129   ,0.00529664286078729,2.83764189721864   ,12.030527960491    ,11.3264009712811   ,41059              ,sep                ,1993               
41.3072578853746   ,0.0668396674632068 ,230.834363406721   ,2.98654677067603   ,3.70821895606312   ,57.4638894546838   ,20.3614383619704   ,64.696398685362    ,277.645667904407   ,294.700860175997   ,210.535685285599   ,0.00403679353488926,2.83657228699549   ,11.6113060116212   ,9.13458260089367   ,41063              ,sep                ,1993               
40.3293037630438   ,0.0087381802202301 ,180.42648558316    ,3.95657386059952   ,3.83637140489998   ,50.6118086650109   ,25.5357714574791   ,81.2227955789882   ,279.945835972332   ,297.643156275991   ,214.503477801578   ,0.00549539502233268,2.97774309074899   ,12.5260741174741   ,11.8974364528689   ,41049              ,sep                ,1993               
39.0122877574087   ,0.0749669756570434 ,233.992366759068   ,3.71366839919071   ,3.67215958281309   ,51.9533074214135   ,22.7366189140351   ,73.854540361789    ,277.10088267762    ,294.535381771135   ,212.668444311197   ,0.00451730626389967,3.0326233572332    ,12.4690067188436   ,10.7281561609158   ,41061              ,sep                ,1993               
41.8574396632352   ,0.00929085382640066,183.234680571329   ,2.83733256287928   ,4.06801618888623   ,51.5656761228521   ,24.3839550352156   ,81.3192477437791   ,280.72624681513    ,298.892176077652   ,216.631680149896   ,0.00558471990490443,3.10513262515507   ,12.3619882815242   ,11.7131754938998   ,41021              ,sep                ,1993               
44.1367570113749   ,0.00858570558471028,181.590530341457   ,2.12028820920903   ,4.27503438462988   ,53.1664910552562   ,24.4379216855962   ,79.6305515620211   ,281.418649904723   ,299.504045503553   ,219.296306526824   ,0.00573722837832312,3.32373481019315   ,12.0045144392501   ,11.3415995760968   ,41055              ,sep                ,1993               
38.0808606200611   ,0.0073814646492147 ,187.424485782596   ,2.95576258121809   ,3.95115424744733   ,47.6378639464241   ,26.8291219704635   ,83.5618417725048   ,280.187290151932   ,298.577190498168   ,221.096172436504   ,0.00598626597809787,2.98147969548797   ,13.1807264468053   ,12.3722086019079   ,41065              ,sep                ,1993               
24.5069101100607   ,0.557831141657474  ,206.277881024045   ,3.19622022867466   ,1.90258009798938   ,37.8194197606032   ,35.3180981622601   ,88.0129389928921   ,276.482740130442   ,289.557304499674   ,124.292620058677   ,0.00490410176646317,2.80684853313163   ,14.05736683424     ,15.3115721610183   ,41059              ,oct                ,1993               
22.4150774435169   ,1.06063338512166   ,221.508965706459   ,2.3307122942451    ,1.8294956783392    ,39.5976762008161   ,33.5856651084675   ,82.8685815654327   ,274.627603451285   ,287.192007961054   ,131.900471783695   ,0.0042858026995372 ,2.67799909192352   ,13.516355669286    ,14.5845170836133   ,41063              ,oct                ,1993               
26.8352890894375   ,0.344215352924452  ,190.212773730401   ,3.06916644305875   ,1.95393887648679   ,36.6842656297431   ,36.1276328776701   ,91.28448958591     ,276.653681081969   ,290.31336937988    ,128.435589072149   ,0.0052236638499665 ,3.00013617631391   ,14.5023795012948   ,15.9619531028477   ,41049              ,oct                ,1993               
21.6761768026597   ,0.906001800336819  ,231.865048559289   ,3.03645525626194   ,1.81751203473846   ,36.1162369926723   ,35.3230618721838   ,85.9864310815675   ,274.232839946375   ,286.81029314522    ,130.63267196631    ,0.00441049745290424,2.9544886420847    ,14.3883999270018   ,15.3514126176048   ,41061              ,oct                ,1993               
30.354057817289    ,0.211245096982562  ,190.223636835602   ,1.93400738723438   ,2.06210387494656   ,38.2846991734219   ,35.6344688709212   ,92.1119640980254   ,277.240687296993   ,291.411321235398   ,132.278574360176   ,0.00542988202675392,3.15257172998957   ,14.1687084854557   ,15.8993455075091   ,41021              ,oct                ,1993               
32.3070682455949   ,0.116441981990113  ,187.420498800826   ,1.27406595725762   ,2.18823629499629   ,39.5842416848221   ,35.8841982783742   ,91.4666259285639   ,277.828204753871   ,291.963661108933   ,134.34767226223    ,0.00558334876695963,3.45061279367533   ,13.7395253800329   ,15.6464029811189   ,41055              ,oct                ,1993               
25.7057987292647   ,0.344668091808563  ,200.85815694326    ,2.14347471109799   ,1.9297139057204    ,33.8717568687446   ,40.2033310541758   ,92.9441689195037   ,276.843682335377   ,290.661959720918   ,135.816400800023   ,0.00575383780502601,3.11558909042051   ,15.0797041691428   ,16.6480979317426   ,41065              ,oct                ,1993               
21.5406379675894   ,1.39401049793625   ,211.247409435062   ,2.01369863584078   ,1.03689043371759   ,31.0859000924276   ,38.234195315601    ,84.8679981844315   ,267.586700673556   ,278.852202158206   ,75.4579434527467   ,0.00266297937193323,3.46838764887607   ,15.9796533494069   ,16.1429908109816   ,41059              ,nov                ,1993               
20.0796439787458   ,1.7040150560672    ,239.380554298539   ,1.41429097065594   ,1.04069250114306   ,33.4177270140125   ,37.0546762989395   ,78.1869125780804   ,266.238250932493   ,276.749847463683   ,76.2967865610456   ,0.00226377598323938,3.57420803097648   ,15.2845346439691   ,14.7513412550335   ,41063              ,nov                ,1993               
21.6526372418253   ,0.666150927903004  ,183.517329147375   ,1.70879855325501   ,1.02256722851847   ,29.4657126264006   ,39.2074067078752   ,88.4945508757187   ,267.64280594631    ,279.366691754459   ,79.2211543282913   ,0.00280970563287916,3.4481199903846    ,16.4952917841717   ,16.9243056915609   ,41049              ,nov                ,1993               
23.5365248665217   ,2.20984187598444   ,235.666117459923   ,2.05173417656019   ,1.07016777913757   ,32.7640620914114   ,35.9743747418408   ,79.8801560872082   ,265.794031152921   ,276.757811025612   ,78.605183567314    ,0.00227895686822826,3.95590786115132   ,15.7547793601472   ,15.1975333326049   ,41061              ,nov                ,1993               
20.5341196249494   ,0.491804828226585  ,183.365665004924   ,0.543207549620443  ,0.967352267168231  ,26.6467203524033   ,43.2810724612949   ,92.715508389857    ,267.702859416711   ,279.642594336754   ,82.0360841825549   ,0.00297008105150489,3.41180553084708   ,17.0442709276963   ,18.2489879819097   ,41021              ,nov                ,1993               
23.3732338759699   ,0.41832702236221   ,176.243671533053   ,-0.274210810370845 ,1.01558846304698   ,27.9478275178193   ,45.7566577662269   ,92.0147042123895   ,268.04220631025    ,279.883103675173   ,83.3466999620954   ,0.00300551110891749,3.66327802303009   ,16.5838083600905   ,18.1309795069183   ,41055              ,nov                ,1993               
19.1106298444482   ,0.994666159851151  ,183.519412656996   ,0.733479990038468  ,0.893030712800426  ,24.8667921230848   ,47.8451645657733   ,91.8787087542008   ,267.629577772471   ,279.290242349407   ,85.354888422654    ,0.00302171936332304,3.5817402906027    ,17.5194704822727   ,18.5677970179311   ,41065              ,nov                ,1993               
11.693774197235    ,1.17509037045691   ,180.046855428788   ,1.08905725797873   ,0.680850094731971  ,15.3015446745402   ,58.1130499367156   ,91.3156695622745   ,270.167110084382   ,276.804809994729   ,55.193067128453    ,0.00324855833994733,3.62196604047653   ,20.7953245988218   ,19.9568244515139   ,41059              ,dec                ,1993               
15.5539810919022   ,1.17739292099678   ,217.775984564958   ,0.302729433986124  ,0.75535021163914   ,20.3367394860287   ,51.1443061999786   ,87.7922949668689   ,267.628342833441   ,275.334427689061   ,58.0601699361156   ,0.00271702559516545,4.00577355730749   ,19.153553063386    ,18.4520903209984   ,41063              ,dec                ,1993               
12.7239287290755   ,0.683655775489243  ,162.31620403406    ,0.748980184188064  ,0.603984736333265  ,15.689332875338    ,60.7932125005006   ,93.7188264623778   ,270.571205024653   ,277.274167712946   ,55.9010974872383   ,0.00344253815615056,3.16497532013303   ,20.5301189683911   ,20.4591743375618   ,41049              ,dec                ,1993               
13.3092652102249   ,1.33180515733731   ,208.083473859324   ,1.37827641967293   ,0.714023006692713  ,15.9775474946783   ,53.3712202434775   ,90.8447842096399   ,267.587389181004   ,275.110395856944   ,59.3479501141835   ,0.00285145990445601,4.59386612776621   ,20.738238952464    ,19.6949204702731   ,41061              ,dec                ,1993               
12.9335793003762   ,0.510661246829413  ,156.489482920468   ,-0.348597089209521 ,0.577857607037586  ,15.2982751105798   ,63.1727362700111   ,93.4308098713852   ,271.073024979489   ,277.271531223453   ,55.2366921891658   ,0.00347894597276376,3.00831388770574   ,20.6648092378619   ,20.4499665689291   ,41021              ,dec                ,1993               
12.6015254085115   ,0.532985765279904  ,153.322364663892   ,-1.49556674777764  ,0.5392939427617    ,14.2048634642702   ,65.5837787498043   ,94.4106072334751   ,271.219816247297   ,277.044129012853   ,54.4876967314856   ,0.00353077564108935,3.09345316082297   ,20.9553879382782   ,20.9214249061562   ,41055              ,dec                ,1993               
10.8954202741668   ,1.26918062595568   ,173.034800474025   ,-0.870575773827124 ,0.570834498940775  ,11.0221813062254   ,63.3376331736899   ,94.6304914701235   ,270.627779930844   ,277.003502422057   ,56.5890170750177   ,0.00346840744972534,3.62858415790186   ,22.8931325092182   ,21.3996109543054   ,41065              ,dec                ,1993               
