bi,pr,th,pdsi,pet,erc,rmin,rmax,tmmn,tmmx,srad,sph,vs,fm1000,fm100,countyfips,month,year
5.79537167849371   ,2.90373045387219   ,159.563524186739   ,-0.440990692271828 ,0.63370173799001   ,6.65613077797408   ,62.337406592908    ,94.2923072286458   ,270.894113041503   ,277.944753205565   ,56.4236755362944   ,0.00370406905942635,3.3168137392948    ,24.8592575689942   ,21.6512689755478   ,41059              ,jan                ,1995               
7.00153695548533   ,3.30125350025287   ,184.13953641379    ,-1.30307509419009  ,0.695798259739823  ,9.58528532819065   ,54.9770038735105   ,91.5701805580934   ,268.826321654144   ,276.737094622715   ,62.3171025207235   ,0.0032891743245907 ,3.76439302005739   ,23.967781325374    ,20.480098613304    ,41063              ,jan                ,1995               
6.56284417515037   ,2.22604802227047   ,143.673311037533   ,-0.935907221944144 ,0.568519024018892  ,8.16468582693327   ,63.9772909270249   ,96.1107663298112   ,270.850721143102   ,277.850447537629   ,56.3058397993408   ,0.00375884709510868,2.93706416220021   ,23.4911669112806   ,21.9545426969491   ,41049              ,jan                ,1995               
6.86622209258278   ,3.64414572805724   ,172.02959517673    ,-0.86053047047721  ,0.688873329635803  ,7.20119678442674   ,58.1106907221294   ,91.7885484093074   ,269.073744656811   ,276.537249162766   ,62.2608332616881   ,0.00345757699690051,4.46340788501233   ,25.2054716986805   ,21.0251825363025   ,41061              ,jan                ,1995               
6.67567109625013   ,2.51090494143072   ,136.711126332775   ,-2.04887464166131  ,0.517667152687133  ,7.64344730487648   ,67.0157149187137   ,95.9493904703883   ,271.252031583611   ,277.381255324016   ,59.7499954245591   ,0.00372256560150518,2.76654738861103   ,23.6619397944606   ,22.33935268172     ,41021              ,jan                ,1995               
5.90839741909399   ,3.20821273818331   ,130.968781935226   ,-2.35341348785174  ,0.493332994600396  ,5.99462595074665   ,69.8021047268695   ,96.7849400089813   ,271.0173904773     ,276.879091505689   ,61.2579992404413   ,0.00367139666262844,3.02719822907151   ,24.5349256202109   ,23.0787608242557   ,41055              ,jan                ,1995               
6.32994029020915   ,4.31512548901265   ,148.949545605217   ,-1.63763763247855  ,0.596267734269996  ,5.94276691530392   ,67.3751854657392   ,95.4943299050062   ,271.02447428647    ,277.014523509105   ,63.1270454207958   ,0.00367510669206577,3.87140408712936   ,25.3489498266359   ,22.7136959679656   ,41065              ,jan                ,1995               
10.8657011367671   ,1.40631692846939   ,198.711245503375   ,1.12197361564136   ,1.18369726677379   ,10.9083785717913   ,50.327224108557    ,90.7922935422683   ,271.277964213939   ,281.649322343752   ,98.3219277319642   ,0.00384239382773977,3.16214792560627   ,24.741950898996    ,19.3927547778853   ,41059              ,feb                ,1995               
11.7742482026462   ,1.40622537669696   ,211.451174046386   ,-0.384713294687909 ,1.19925488760373   ,13.1739412473895   ,46.5899910266464   ,90.4779260870698   ,269.207502857669   ,279.669585685273   ,107.697121787024   ,0.00340091846221337,3.37072648598508   ,23.5690621475835   ,18.9421950112749   ,41063              ,feb                ,1995               
12.6983193032321   ,0.952725382208809  ,168.084727215277   ,1.06443413020637   ,1.20940854865013   ,12.0945215426556   ,49.7528991997019   ,92.9376337736867   ,271.753385560942   ,282.444647328927   ,100.78505529373    ,0.00402176959406959,3.36773434697066   ,23.9753117873407   ,19.5253534821672   ,41049              ,feb                ,1995               
9.96244935230479   ,1.76437456004624   ,230.427052318327   ,0.124802178707848  ,1.16694994421784   ,9.46308339370866   ,48.6321191173802   ,92.6620550283469   ,269.07397282111    ,279.733426440204   ,107.690034104907   ,0.00352979421745875,3.38516340877539   ,25.238197217837    ,19.9163948678045   ,41061              ,feb                ,1995               
11.3579252811604   ,1.0457607049655    ,170.252186010038   ,-0.573555934938799 ,1.22866827733241   ,10.6606171171663   ,51.3618579488198   ,90.9963391735018   ,272.620600902458   ,282.814883168809   ,105.54834336723    ,0.00408723711049933,3.25093422100478   ,24.6213251271909   ,19.3675693120339   ,41021              ,feb                ,1995               
10.1276111436327   ,1.17673722654082   ,158.867930304399   ,-0.66708276332238  ,1.27254346444419   ,8.77274906576324   ,52.904045027101    ,89.6410244509092   ,272.862275154668   ,282.933153080761   ,108.501822117078   ,0.00410204623853955,3.53096720669652   ,25.5775934811324   ,19.4062292723229   ,41055              ,feb                ,1995               
9.09442906628906   ,1.99751578193506   ,165.842681631972   ,-0.228771994754429 ,1.24057707883842   ,7.56556311791286   ,52.0813059721079   ,91.7081761936565   ,271.928548418439   ,282.582748653172   ,110.49420289663    ,0.00405683549774972,3.75143738128208   ,26.6840152212512   ,20.1693726707767   ,41065              ,feb                ,1995               
10.0074737532857   ,2.48426787827552   ,179.43416603658    ,1.4093882210931    ,2.07911945462443   ,16.1254958319062   ,40.6000945400514   ,89.741298949558    ,272.69074963963    ,284.159528755525   ,156.702979594514   ,0.00383140616002841,3.84909770977889   ,21.9134401979673   ,17.4200434873206   ,41059              ,mar                ,1995               
6.4080484848391    ,3.26013235420128   ,195.647353801183   ,0.364222042072599  ,1.7914886590343    ,11.6996214125161   ,42.800849702916    ,93.435863577053    ,269.910308957503   ,280.645718276568   ,159.217033079669   ,0.00350546808315123,4.01543881344306   ,23.1961830281899   ,19.0588006708118   ,41063              ,mar                ,1995               
13.7240829625448   ,1.42897745588797   ,177.799828422651   ,1.44992934889688   ,2.18083375569051   ,20.6969746988272   ,37.853295378499    ,88.8215305667897   ,273.128874983785   ,284.971860659161   ,158.36892009929    ,0.00383039775304772,3.70370497175154   ,20.2067802711388   ,16.3499220940052   ,41049              ,mar                ,1995               
6.67302722637844   ,3.42688375046552   ,197.000624655092   ,0.723094671314636  ,1.84887475168406   ,10.0412707667344   ,43.7587178991782   ,93.6934596553546   ,269.980088138314   ,280.866900724702   ,162.014307532392   ,0.00356351760876161,4.46024204873317   ,24.0754762596364   ,19.3746820093958   ,41061              ,mar                ,1995               
16.0491884220193   ,1.00989851543461   ,176.692819904403   ,0.260759178299487  ,2.24445716403259   ,22.8958094353041   ,38.4754207100796   ,86.1763144009461   ,274.046719246537   ,285.403970385587   ,162.639350972082   ,0.00388119849891796,3.65952379126488   ,19.6834046001528   ,15.5615236159065   ,41021              ,mar                ,1995               
16.1988066872791   ,0.874070182854741  ,176.547414895162   ,0.432149631877159  ,2.30210753812068   ,22.6575853323131   ,39.2074212106843   ,86.6798487985118   ,274.042084764971   ,285.391505067426   ,168.366485939681   ,0.00389373073661115,3.79557321505532   ,19.7421975219459   ,15.499633814429    ,41055              ,mar                ,1995               
13.27663079574     ,1.5359301090628    ,184.254078712739   ,0.453415418375159  ,2.19093747063771   ,17.6562363467167   ,40.3687789427068   ,89.3786984904116   ,272.925679660128   ,284.17074896126    ,166.733381246837   ,0.00378336737224105,4.03241891019353   ,21.7677718309614   ,16.8857959632148   ,41065              ,mar                ,1995               
10.1117662048842   ,2.96150670837195   ,216.726092108503   ,1.93877379224527   ,2.72285539479577   ,19.7721194865554   ,41.6458606316817   ,88.722714700762    ,274.408687643763   ,286.105987971561   ,209.283743452026   ,0.00439416551990763,3.51207594051464   ,19.9806072257212   ,16.2919230870064   ,41059              ,apr                ,1995               
10.0171974161287   ,3.05411716040667   ,231.721687690894   ,1.71387720281705   ,2.51642428036684   ,17.9606424411668   ,40.3088882690821   ,91.8522076333319   ,271.654317645093   ,283.52366418016    ,207.736985148806   ,0.00398045701008954,3.48575810832091   ,20.8416549534787   ,16.7180425448018   ,41063              ,apr                ,1995               
11.8134804026589   ,2.20432704486741   ,204.370066260626   ,1.88382094255917   ,2.87225741559922   ,22.8726644296401   ,38.969321915991    ,90.4258567803401   ,274.707334590998   ,286.990574045498   ,215.933769385186   ,0.00446484914051741,3.64093877043816   ,18.600698366964    ,15.9692436014378   ,41049              ,apr                ,1995               
9.21821962426603   ,3.43969700135116   ,229.424254691597   ,1.67311814047182   ,2.50630808698788   ,15.525547615615    ,42.5775591989211   ,92.0491123783441   ,271.671364488641   ,283.148598376616   ,216.01695795381    ,0.00401776820688543,3.78220877186997   ,21.812187798818    ,17.1996778683996   ,41061              ,apr                ,1995               
13.0492046321037   ,1.84899713614293   ,206.20730113978    ,1.23134716196722   ,2.98886596844837   ,25.1231548405048   ,38.8314572835353   ,90.2624788712096   ,275.619401128644   ,287.696892826501   ,221.20324896868    ,0.00460576981551601,3.72966021396118   ,17.6902565216929   ,15.5878668670465   ,41021              ,apr                ,1995               
13.7243792167079   ,1.82108709568495   ,201.615588762769   ,1.75225233171883   ,3.05677191069019   ,25.770420436413    ,38.7681752245793   ,89.5891671480026   ,275.840793789572   ,287.817908181828   ,223.925176380299   ,0.00461990035320115,3.9153438002394    ,17.469980425026    ,15.3906160083198   ,41055              ,apr                ,1995               
12.5714690184786   ,2.26513561114909   ,204.073612541349   ,0.812635634606813  ,2.87556368142667   ,22.3401362518197   ,40.0839894648939   ,91.1315985441764   ,274.367674483008   ,286.68213422015    ,219.251986281151   ,0.00444416308231187,3.63690858097528   ,19.0103898049883   ,16.0929684135464   ,41065              ,apr                ,1995               
17.4925362854177   ,1.68856540584412   ,194.265487424865   ,2.7391844960238    ,4.30259897235978   ,24.1782007703266   ,38.452468840288    ,80.3109884315055   ,278.879940294552   ,292.644265826608   ,283.783478086765   ,0.00563738109543223,3.23508930368967   ,20.5686429646045   ,14.3120089310709   ,41059              ,may                ,1995               
13.0194568517173   ,2.06223527187044   ,195.274514530968   ,2.59000410747417   ,3.86449815013219   ,21.0799276247002   ,39.0593013039513   ,82.6924941640338   ,276.475770413781   ,289.671161474344   ,272.915965060039   ,0.00525981205446864,3.14443469945045   ,21.0128518590372   ,14.7457076183647   ,41063              ,may                ,1995               
18.1048959804751   ,1.43001228486407   ,175.667769573111   ,2.81963458912119   ,4.53886977676161   ,25.9429128430721   ,35.1601586192871   ,81.1089191328853   ,279.568007515725   ,293.416649465202   ,288.7143357845     ,0.00557636304613702,3.45499413550212   ,19.6897272370269   ,14.0729288990847   ,41049              ,may                ,1995               
13.4001608086577   ,2.01045140921799   ,228.796876373388   ,2.38363743853667   ,3.84944548349084   ,18.8386999556778   ,41.517673127749    ,84.2742043372503   ,276.300021673436   ,289.29474214822    ,281.126197601646   ,0.00539532070081905,3.44632881893099   ,22.0138097889534   ,15.4353168607945   ,41061              ,may                ,1995               
19.9624618707332   ,1.11085804265444   ,195.944266399795   ,2.55229247768572   ,4.86759255278066   ,28.6550121494509   ,33.7672032695806   ,81.0801101491983   ,280.72924635796    ,294.581506811696   ,303.182203105062   ,0.00573220000320753,3.57550359934493   ,18.7071307813368   ,13.61645004729     ,41021              ,may                ,1995               
22.4629443612072   ,0.816697101853823  ,194.422805998525   ,3.06084148414418   ,5.10272178911214   ,31.1075025927096   ,33.1738448420958   ,81.308314495594    ,280.900408724843   ,294.972118398554   ,317.403363873882   ,0.0057847103802092 ,3.71083440103299   ,17.9015972354776   ,13.1531331065105   ,41055              ,may                ,1995               
21.3772573209979   ,0.795564496013431  ,209.896404794966   ,2.22432308800941   ,4.80422367239475   ,29.0714928362861   ,34.5915485042604   ,83.4364468059429   ,279.176503711611   ,293.681997082199   ,312.714998649255   ,0.00565424070565609,3.50943103142453   ,18.6856428235355   ,13.564410657271    ,41065              ,may                ,1995               
16.5686264931974   ,2.23309836420229   ,235.132658697178   ,2.89911618289305   ,4.59946615163722   ,29.1822536345086   ,38.5541139157403   ,84.0504386331335   ,281.070941738103   ,294.509106605311   ,282.09525789004    ,0.00662358652278123,3.23026294043456   ,17.3063647789145   ,14.0281277224454   ,41059              ,jun                ,1995               
13.9035201974926   ,2.56131182097603   ,212.020046472483   ,2.62407952929154   ,4.09581368636418   ,26.5046728452047   ,39.8750273928498   ,86.8386473495643   ,278.448267451644   ,291.803002539326   ,271.600242265732   ,0.00641632497661784,2.88818428502841   ,17.9201908968267   ,14.5916229152179   ,41063              ,jun                ,1995               
18.1541065950565   ,1.72863515273      ,226.865975719383   ,3.14387934983921   ,4.89532937063181   ,30.7794085306647   ,35.7959270177711   ,85.1769110739543   ,281.738346648424   ,295.317599347499   ,288.188270060221   ,0.00661213204837981,3.63220511969784   ,16.8709729290341   ,13.7587559000568   ,41049              ,jun                ,1995               
14.4739313057642   ,2.42955637074807   ,254.748740769874   ,2.42509386048886   ,4.1561263754829    ,26.1185219322801   ,40.9015424109879   ,86.2438155503136   ,278.46727441356    ,291.537683038908   ,280.561373718638   ,0.0063706221836025 ,3.20854498074869   ,18.0737329261686   ,14.5312168303046   ,41061              ,jun                ,1995               
24.0610381766099   ,1.18778724382888   ,227.243373143508   ,2.79900740277221   ,5.27049503719349   ,36.7872616951055   ,33.6442744738403   ,82.8604878686765   ,282.855643171006   ,296.475771345968   ,294.72555373427    ,0.00663303302071845,3.92128245601571   ,15.2987069122262   ,12.6525123080061   ,41021              ,jun                ,1995               
26.2623466115659   ,1.1464255557505    ,221.368028836682   ,3.39106789713482   ,5.43138603515792   ,38.6395918002138   ,33.0117607828702   ,82.0913867433633   ,283.056233813191   ,296.630059490241   ,297.699573385971   ,0.00660340027047637,4.16920398742135   ,14.6822245719605   ,12.3601310471113   ,41055              ,jun                ,1995               
22.4151635732473   ,1.40648195725264   ,233.236487742194   ,2.48133344134343   ,4.96656103902022   ,35.5177383149791   ,35.4477132360789   ,83.8904329554833   ,281.338035183946   ,295.329235280236   ,286.545469192469   ,0.00651669769729513,3.70185762491445   ,15.4311301811962   ,13.0362795575793   ,41065              ,jun                ,1995               
33.0242932672046   ,0.364979651009597  ,247.508361524731   ,3.42284266121077   ,5.66385969721438   ,45.632007153924    ,29.8760837667189   ,81.7685426470816   ,284.108750867935   ,300.662147725706   ,297.934923833314   ,0.00766936312724065,3.30905736644753   ,13.6578722840011   ,10.9616859160894   ,41059              ,jul                ,1995               
20.1435536227133   ,1.27362809864391   ,234.433114029592   ,3.07216947708097   ,5.21498187817087   ,36.1784376530139   ,31.3412281586466   ,79.6501009466953   ,281.765261757866   ,297.796995957657   ,294.881233035913   ,0.00708400315683677,2.98445167317701   ,15.7376025548348   ,11.8012996232727   ,41063              ,jul                ,1995               
35.7987072926255   ,0.265020933009941  ,245.643238219593   ,3.59397193586639   ,5.94641801510041   ,46.6962533101019   ,28.7240354423285   ,83.7217734598908   ,284.701309979797   ,301.156381687911   ,304.897546474725   ,0.00774399673903927,3.6854424916813    ,13.3220549835746   ,11.0056923727916   ,41049              ,jul                ,1995               
27.8793057641101   ,0.561977578700911  ,260.736337757302   ,2.79076519767934   ,5.19220063544896   ,40.667838193999    ,31.7739175385567   ,83.441705419646    ,281.454797947867   ,297.714850055265   ,297.397358643453   ,0.00734067274424815,3.19092796493555   ,14.7204765385529   ,11.6883227752813   ,41061              ,jul                ,1995               
33.1345706513279   ,0.493602941537975  ,249.713954345544   ,3.19883122704138   ,6.16372218442515   ,45.1927636449951   ,28.7259056303109   ,84.5638289711775   ,285.740765687902   ,301.789127372269   ,306.055001113952   ,0.00798123840946561,4.00326399709384   ,13.2031345745402   ,11.3994164723603   ,41021              ,jul                ,1995               
33.9060708639      ,0.825581887061396  ,243.073491028714   ,4.0587559055399    ,6.170526377414     ,42.9175626757999   ,29.8566386853045   ,85.2145682419275   ,286.098260389816   ,301.591555011248   ,307.386071696459   ,0.00820779531915321,4.20437865685886   ,13.9200444527334   ,11.9429978561545   ,41055              ,jul                ,1995               
29.9042351109188   ,1.03735262147539   ,263.044213140712   ,3.1561330778245    ,5.58975666548509   ,38.4152467698834   ,33.8661963250352   ,88.6281955530253   ,284.319665220539   ,300.2094997478     ,304.810525456589   ,0.00845290858459468,3.47858814363041   ,15.1597045979757   ,13.086794002261    ,41065              ,jul                ,1995               
34.3332975155308   ,0.470099966094468  ,237.126120233999   ,3.47343792570611   ,5.01545743577069   ,49.6776519022393   ,26.5476792353744   ,79.9592895888793   ,281.718293188169   ,299.144169180548   ,267.775543300088   ,0.00626082286608533,3.25360195515401   ,12.322962787869    ,11.2095389609102   ,41059              ,aug                ,1995               
25.2289593230208   ,1.11821897398827   ,224.329808768976   ,3.45773292706285   ,4.74093334093445   ,44.7377315579756   ,25.3674554771853   ,75.7032367696403   ,280.361281565557   ,297.746546791984   ,269.19046020852    ,0.00586197278151419,2.74656916197794   ,13.3394156356119   ,11.1298955521894   ,41063              ,aug                ,1995               
40.3244302412179   ,0.150911088105206  ,231.472905584745   ,3.37301458228529   ,5.18803461667876   ,52.086320493415    ,26.9159619133731   ,82.4387488557648   ,282.174592005081   ,299.466040664258   ,269.777706696443   ,0.00650964088584134,3.64908323520403   ,11.7626908334037   ,11.163205185063    ,41049              ,aug                ,1995               
29.1645260961013   ,0.855186493988445  ,245.726232668234   ,3.01557969585858   ,4.74295916167069   ,45.5196562031359   ,25.8650499596058   ,80.7466583189666   ,279.499932957341   ,297.189850305628   ,272.857814052617   ,0.00590084668056767,2.98697441000712   ,13.242780170228    ,11.6688849132026   ,41061              ,aug                ,1995               
43.076891336426    ,0.0869884702231037 ,237.106508642825   ,3.0157530108349    ,5.31118808741592   ,52.0337568542228   ,27.3836483832443   ,84.1585721547604   ,283.257513748683   ,300.189338540442   ,267.813016157497   ,0.00685471082396049,3.84017787469721   ,11.8450466953231   ,11.3530447951666   ,41021              ,aug                ,1995               
43.3191294126808   ,0.0790410681336576 ,235.077873542272   ,3.96914749187336   ,5.32134543587815   ,50.1337654115209   ,28.4087986817474   ,85.9018519037603   ,283.62795750507    ,300.285013022906   ,265.58542883196    ,0.00712417815688072,4.00195406239295   ,12.2966544986603   ,11.7165645115602   ,41055              ,aug                ,1995               
35.1848672920036   ,0.163670313428252  ,235.567693724194   ,3.14950396362533   ,4.80849906600268   ,44.3386486452749   ,32.1411458438604   ,89.2477162448129   ,281.913694992542   ,298.878831409764   ,268.44983721285    ,0.00730719626033825,3.36158799254739   ,13.5316657239454   ,12.8320007437521   ,41065              ,aug                ,1995               
27.9880805083708   ,0.850003796934755  ,206.124607807715   ,3.23159050230948   ,3.3168457257695    ,43.5762646377218   ,32.0381676152316   ,84.5832008616551   ,281.312227017569   ,296.752245169128   ,191.921981688156   ,0.00686595047252031,2.79428590062438   ,13.0573387442309   ,13.3945495984149   ,41059              ,sep                ,1995               
31.8531925517897   ,0.644465521128174  ,225.333687061744   ,3.18622281133156   ,3.30046767714001   ,49.8386908545639   ,26.8790552728104   ,77.2649533396279   ,279.052147672782   ,294.733968612031   ,195.57802141652    ,0.00554915594022112,2.58239739080131   ,12.0916871162283   ,11.5906897670461   ,41063              ,sep                ,1995               
29.4526236270063   ,0.593270436740167  ,196.455303746081   ,3.03422217354517   ,3.48784006640549   ,43.2427474674338   ,32.2945072908052   ,86.575001206656    ,281.670066659072   ,297.309204158816   ,195.271170023307   ,0.00706764523711553,3.14862016769188   ,12.9986326204337   ,13.6252408435415   ,41049              ,sep                ,1995               
28.7847745014196   ,0.751193498946466  ,237.445881653501   ,2.74916821605384   ,3.2483995824439    ,44.8682048694783   ,29.3649900699741   ,83.1000829888175   ,278.661532136894   ,294.398099808556   ,197.761140994162   ,0.00603207275705458,2.80284897648749   ,12.8933572022709   ,12.9404651227409   ,41061              ,sep                ,1995               
27.161773515075    ,0.781156091765925  ,207.046170139512   ,2.86349240155911   ,3.62889253465364   ,41.1820029376903   ,32.1102305121581   ,86.69527072032     ,282.714729611611   ,298.086516235427   ,196.198757406327   ,0.00730067557169706,3.31703815146302   ,13.5367564511565   ,13.7949489446378   ,41021              ,sep                ,1995               
29.1218514034653   ,0.75176996194202   ,211.06979993307    ,3.77108974972664   ,3.80448628077846   ,41.4137486050701   ,31.380038000315    ,86.6824398226673   ,283.127131156103   ,298.480718414128   ,196.582959746943   ,0.0072977138323742 ,3.58752029462632   ,13.6386730753655   ,13.6692371466006   ,41055              ,sep                ,1995               
25.6102842171813   ,0.930832762767365  ,206.520255543939   ,2.96725777238492   ,3.49213730088018   ,37.7928283019314   ,33.6940699429501   ,88.1733759744462   ,281.775022732869   ,297.146660033658   ,197.915033624407   ,0.00718792343720947,3.19323006892908   ,14.5533469689939   ,14.3636715764488   ,41065              ,sep                ,1995               
14.8743610189175   ,1.60692693053835   ,200.571284509172   ,3.25071728413731   ,1.69069477705664   ,22.4470572056003   ,40.3908865563357   ,94.0676236526499   ,274.559444521207   ,286.428644965485   ,115.866760212956   ,0.00475657285057867,3.70205624700166   ,18.4445724937045   ,18.5399022379942   ,41059              ,oct                ,1995               
13.54310453389     ,2.03249552918738   ,220.194560028487   ,3.10116374041095   ,1.64248214175006   ,24.6555147049539   ,38.8363405353405   ,90.6412491220775   ,272.138667745351   ,283.831727045749   ,118.783701542885   ,0.00404751667095259,3.65359601464829   ,17.2712346901346   ,17.7049812737851   ,41063              ,oct                ,1995               
18.4207328928925   ,0.830858606759209  ,187.175505118442   ,2.86370917244523   ,1.79953523660215   ,25.6934797914019   ,38.4630874050084   ,94.756269219638    ,274.972272275368   ,287.527662108746   ,118.305715194809   ,0.00488461333502788,3.85951403382863   ,17.3863243903286   ,18.0375703167944   ,41049              ,oct                ,1995               
14.7810545310773   ,1.94850781404147   ,227.542238239082   ,2.71657291263219   ,1.60692900702185   ,22.9187241624143   ,40.3498403219529   ,91.889795853597    ,271.941127407328   ,283.4612763387     ,120.250370541401   ,0.00414755228578719,3.87573822802255   ,18.0779334558618   ,18.224408695262    ,41061              ,oct                ,1995               
20.3653639493123   ,0.596557839690013  ,189.034579742611   ,2.77736321006713   ,1.81542209811113   ,26.3752466812024   ,38.9221995477554   ,95.5312061705511   ,275.805244951743   ,288.523194918373   ,120.097024490571   ,0.00520489976308826,3.80815543510785   ,17.301331934018    ,18.0262650089422   ,41021              ,oct                ,1995               
20.5236964845425   ,0.550743966247119  ,188.493781700919   ,3.55992010067313   ,1.83083868906579   ,25.9565677403549   ,40.2549816954475   ,96.1426152054981   ,276.124169635179   ,288.817557489798   ,121.746824455585   ,0.0054148364474551 ,4.05797032091308   ,17.2996158641232   ,18.2386864216187   ,41055              ,oct                ,1995               
17.0241752125458   ,1.23189562738268   ,193.046686792205   ,2.92095736162368   ,1.66880540749983   ,21.9408918238218   ,42.5396609238569   ,96.376773909094    ,275.169495147515   ,287.561683843526   ,123.041274330402   ,0.005313895510708  ,3.86071139505478   ,18.804786115403    ,18.9675745958672   ,41065              ,oct                ,1995               
7.43670725866694   ,4.08133732235532   ,212.424179615801   ,3.07990204156366   ,1.07759599167294   ,12.9030620562544   ,51.4888707404105   ,92.0958077900194   ,275.53709642524    ,283.754705130133   ,58.3135269461878   ,0.00498522722651096,4.64631054828696   ,21.8583176310226   ,20.3550691366196   ,41059              ,nov                ,1995               
7.75904387329913   ,4.23657997997536   ,227.013837036275   ,3.16935274501642   ,1.04753381228053   ,13.6718538726197   ,50.4766779811788   ,89.1905662782264   ,273.070909965177   ,280.999329283743   ,64.1164991092015   ,0.00425843190348062,4.79014127067961   ,21.4705748738665   ,19.734997786981    ,41063              ,nov                ,1995               
8.66088507229598   ,1.92767947970034   ,202.550397219344   ,2.48964335635486   ,1.09219324051372   ,15.5087818246612   ,51.8447332493714   ,93.4297813751727   ,275.94215087358    ,284.466917171778   ,59.1357674104381   ,0.00519379676346274,4.87055584487699   ,20.2096615085635   ,19.8760991810504   ,41049              ,nov                ,1995               
6.78916906357153   ,5.75728775577      ,220.016603698004   ,2.79061986968351   ,1.05027054062596   ,11.0338517277265   ,51.9260598086918   ,89.4943221130685   ,273.279605228126   ,281.140387667432   ,62.3246784522602   ,0.00437764752615021,4.85344841770674   ,22.8303924257569   ,20.5747831477648   ,41061              ,nov                ,1995               
8.30037435257162   ,1.88861757023275   ,198.663752758134   ,2.40354128309342   ,0.976419123095983  ,14.25570758774     ,54.5214720623201   ,95.0022215709663   ,276.409956662392   ,284.777341637972   ,59.6292967851868   ,0.00545582642224519,4.49757767891352   ,20.5414461831917   ,20.532625206932    ,41021              ,nov                ,1995               
7.9033864933554    ,2.3922673992838    ,200.43023385983    ,3.21516638982598   ,0.937248597763203  ,12.1138755086118   ,56.6350066188716   ,96.0265053479527   ,276.487020644993   ,285.068555692855   ,59.6740257629409   ,0.0056594783356268 ,4.7613071071358    ,21.4763482130991   ,21.2661855048836   ,41055              ,nov                ,1995               
5.7351470863647    ,4.10970470749327   ,204.038794293882   ,2.69468458836266   ,0.978704905704463  ,9.69884961908757   ,58.197231368159    ,94.9851685975259   ,276.053571979372   ,284.202163129568   ,59.7738655779467   ,0.00547268166700298,5.22889945371353   ,23.0527149236008   ,21.792798606425    ,41065              ,nov                ,1995               
6.3091932458764    ,2.38403953316055   ,192.080244194274   ,3.26093373580879   ,0.50288091612914   ,5.46757212338843   ,65.3156782483949   ,96.1816025352899   ,269.46930218964    ,276.459821669892   ,54.9222241282726   ,0.00343072284303429,3.47535675040736   ,25.8468007365599   ,22.6405932269086   ,41059              ,dec                ,1995               
6.76413667290168   ,2.97549724419245   ,207.195909058874   ,3.5292352676079    ,0.568256472654007  ,6.84551364347945   ,57.0264825829815   ,93.2383589044317   ,266.913243323551   ,275.008061763345   ,57.8842899740437   ,0.00292039542647007,3.89896923946195   ,25.5567186447846   ,21.4631996271494   ,41063              ,dec                ,1995               
6.77640022857785   ,1.59538533842651   ,171.465759170357   ,2.42024655179828   ,0.472338877773858  ,6.86370467838688   ,68.5062712700995   ,96.8321199806573   ,269.960106260822   ,276.787540478398   ,55.7826892717971   ,0.0035951424287884 ,3.23052987806616   ,24.1388434918555   ,22.6626155475463   ,41049              ,dec                ,1995               
6.14793004806759   ,3.4180654273511    ,196.544154000233   ,3.38178609226957   ,0.554990850056027  ,4.06294800507978   ,60.9130215904644   ,95.9350688011264   ,267.330155452524   ,274.974179516702   ,58.741760459476    ,0.00311738889436372,4.44888716369009   ,27.1484458701993   ,22.5933148295399   ,41061              ,dec                ,1995               
5.24602591429951   ,1.56910003561239   ,154.275586825395   ,2.47041292682456   ,0.406498635593626  ,4.62879306162832   ,74.6600928877366   ,97.4876130923019   ,270.501856143767   ,276.588621411329   ,56.0495383411535   ,0.00373661711101121,3.12674668000681   ,25.0732061330566   ,23.5863699718036   ,41021              ,dec                ,1995               
3.85344279747208   ,1.86421077309061   ,140.902647188718   ,3.35859574107399   ,0.354481390333457  ,2.39686047611186   ,78.9935115130092   ,98.6355477011459   ,270.514001979419   ,276.462698617084   ,54.7105440057974   ,0.00388160170805704,3.42340117988066   ,26.446447680847    ,24.5874617162039   ,41055              ,dec                ,1995               
3.05156692808598   ,3.10508620854353   ,161.927834491463   ,2.87863998938274   ,0.368534915243927  ,1.60338853820475   ,76.4203389736137   ,98.9314454343213   ,270.087794092707   ,276.258166607054   ,55.7866248418309   ,0.00380878984570292,3.89256465967626   ,28.5758324818733   ,24.9590196490936   ,41065              ,dec                ,1995               
