bi,pr,th,pdsi,pet,erc,rmin,rmax,tmmn,tmmx,srad,sph,vs,fm1000,fm100,countyfips,month,year
11.6300615861205   ,0.817314472653511  ,167.064178338731   ,-0.597297646532917 ,0.735809207067237  ,11.3307324442483   ,61.0811104924219   ,92.4620172881184   ,269.927788434337   ,278.101313774567   ,62.8997382118365   ,0.00341461426758892,3.282462591453     ,23.1382587696084   ,20.441730068525    ,41059              ,jan                ,2005               
14.7870272331876   ,1.04278164765779   ,195.821188608555   ,-1.26923171692204  ,0.800011582845709  ,17.8806181298306   ,54.7181492199243   ,86.2172601873224   ,268.516987632581   ,276.930363405324   ,70.4683367809646   ,0.00304580544187781,3.55502524199844   ,20.7394270950694   ,18.1405754648426   ,41063              ,jan                ,2005               
12.6935234983078   ,0.426457621167236  ,153.472152534298   ,-0.579427963125976 ,0.729563481138075  ,11.9448906699335   ,62.3171026904405   ,93.0189216018146   ,270.060036986367   ,278.097012690406   ,61.5061562969322   ,0.00342959583638511,3.39394058632682   ,22.6906569151837   ,20.5349153856272   ,41049              ,jan                ,2005               
12.2418522285407   ,1.41526147295094   ,182.284993860314   ,-0.544978520200576 ,0.763102340114895  ,11.2661983884186   ,60.5023275358655   ,90.2479939447461   ,268.224848458531   ,276.357910145312   ,71.4500360184293   ,0.00315828999051118,4.03176577956683   ,23.3793670205375   ,20.0465212500651   ,41061              ,jan                ,2005               
13.0049447506996   ,0.38862326991924   ,152.700226588535   ,-1.14808520569456  ,0.643241914504044  ,11.4655030734952   ,63.6215004047797   ,94.7976984430494   ,270.391347462217   ,278.115174102875   ,63.4712495376115   ,0.00354914339669143,3.31857963619879   ,22.8277504562202   ,21.0589550683104   ,41021              ,jan                ,2005               
13.0179722215478   ,0.454039599522288  ,152.52423290144    ,-1.24292662658422  ,0.582251099752952  ,9.96430282393276   ,65.8952995434142   ,96.8327112692614   ,270.077407511647   ,277.893308295909   ,64.5428530017153   ,0.00364277951048739,3.70479108382792   ,23.3485932415824   ,21.8211936100634   ,41055              ,jan                ,2005               
10.8694124457872   ,0.79137110266325   ,163.254931242146   ,-1.72530391703489  ,0.685386638586701  ,9.45559495974214   ,64.496295369185    ,94.1366409977555   ,270.268399314958   ,278.028188403544   ,68.7171819987212   ,0.00357997482280654,3.80694984803478   ,23.6921497663794   ,21.2919621377594   ,41065              ,jan                ,2005               
17.4915652758869   ,0.619240879839817  ,162.216277081526   ,-2.15272908248254  ,1.31476107932268   ,23.3115306169274   ,42.0208475385619   ,89.0345541201567   ,268.671369922533   ,281.894534866203   ,113.529228945554   ,0.00307471571425766,2.77557570975743   ,19.3229039084156   ,17.0794649124146   ,41059              ,feb                ,2005               
22.3984776004369   ,0.677166352901686  ,189.432336065565   ,-2.21658099420143  ,1.38013939948736   ,32.3710972668527   ,35.5323224738761   ,77.0819485535274   ,267.480041045647   ,280.025271358547   ,120.656262873889   ,0.00249959247225711,2.89000568359152   ,16.921322620832    ,14.1046092076735   ,41063              ,feb                ,2005               
18.7741978425298   ,0.460841517104149  ,145.439087522034   ,-1.96554972941339  ,1.35010107627268   ,24.1329691406052   ,42.4239770767844   ,89.937047510247    ,269.193891676487   ,282.291278911867   ,118.650861176788   ,0.00317739033989717,2.80867981574398   ,19.0241101990017   ,17.1180288707844   ,41049              ,feb                ,2005               
18.4346713595846   ,0.947952897870351  ,174.574691364753   ,-1.86417098120162  ,1.3608077311274    ,23.7485453696268   ,40.1315613625542   ,84.7175869605318   ,267.303941730049   ,279.8950989994     ,121.025565535934   ,0.00276351091000757,3.30124189795325   ,19.4324292499973   ,16.2978252880577   ,41061              ,feb                ,2005               
18.1408175400507   ,0.465118067381598  ,142.07968345476    ,-2.09144735048252  ,1.326264316043     ,22.3221049781056   ,44.7371403812666   ,91.4983751759906   ,270.008073591008   ,282.464844059957   ,122.929653621897   ,0.00333510050436655,2.84454864783849   ,19.6407767374086   ,17.6160287946953   ,41021              ,feb                ,2005               
17.6061676158764   ,0.351953807493101  ,138.028928452367   ,-2.07634582923867  ,1.36151350246013   ,20.2441392842192   ,45.4733258405126   ,93.5946734666625   ,270.186441171339   ,282.613434876814   ,126.864522568863   ,0.00343056472897846,3.17303708087382   ,20.3785889664589   ,18.1963231879269   ,41055              ,feb                ,2005               
16.9811425839537   ,0.605774342417072  ,148.319719410324   ,-2.62277667445551  ,1.31925736063278   ,19.8135780515748   ,46.3039539038162   ,92.2033327439607   ,269.714756219021   ,281.59595472353    ,129.09034737102    ,0.0033332343394047 ,3.32233894354615   ,20.4866068237748   ,18.0614309958764   ,41065              ,feb                ,2005               
16.5698363015366   ,1.60438574565492   ,232.465346409722   ,-3.15244922903726  ,2.27116130356082   ,26.3534400805065   ,38.7325955230796   ,88.0233835863318   ,273.305255282768   ,285.73319590242    ,152.566665949309   ,0.00396502506134564,4.29523706152204   ,17.6454885852971   ,15.9213252625285   ,41059              ,mar                ,2005               
18.757242265186    ,2.18386723158031   ,243.057449989265   ,-2.99680870583841  ,2.10421892853205   ,30.6538429899385   ,37.5617103399715   ,84.6566143982464   ,271.061930905339   ,282.447589309765   ,158.721577811827   ,0.00335526772393813,4.31106976589103   ,16.0495666751414   ,15.2827465893478   ,41063              ,mar                ,2005               
20.1317767120308   ,0.736853170958127  ,208.910707524201   ,-2.94019284745578  ,2.42580774616972   ,29.1409221149703   ,36.5855061099892   ,87.5556590322344   ,273.774009780613   ,286.607111481955   ,153.096510362553   ,0.00400829823648782,4.39326501232389   ,16.9175537658934   ,15.1338315374886   ,41049              ,mar                ,2005               
15.5268121681611   ,2.2163319504496    ,246.488945901589   ,-2.71262237378109  ,2.03632214428988   ,25.348903930605    ,39.8677151783678   ,88.4509601143336   ,270.789230182607   ,282.528063058188   ,158.748394587314   ,0.00353625497318232,4.54060003990103   ,17.7572279708312   ,16.3843209126897   ,41061              ,mar                ,2005               
22.7527486911687   ,0.681341281433888  ,206.246231805514   ,-3.01929513081594  ,2.41523580973076   ,28.6629793702563   ,38.2413811918671   ,88.734790022274    ,274.622063862418   ,287.173700541469   ,155.570159706713   ,0.00425861975417291,4.29121520548848   ,17.344850484066    ,15.4765510692887   ,41021              ,mar                ,2005               
23.9119994324512   ,0.763616011002068  ,203.824395162271   ,-3.07668719793621  ,2.42465737468228   ,27.0249005286025   ,39.3354557017924   ,91.4460642842881   ,274.665501748362   ,287.177429682802   ,160.573756621483   ,0.00438909169250122,4.46480926772914   ,17.9124309066286   ,16.2389021356968   ,41055              ,mar                ,2005               
18.0047428924766   ,1.65294224052951   ,195.102345805327   ,-3.42953108972418  ,2.23776269135408   ,24.208151393139    ,40.7922561721377   ,91.0249541836472   ,273.71368659361    ,285.699980688952   ,159.608928008352   ,0.00416612779420736,4.3113893730805    ,18.5846504181594   ,16.841791521473    ,41065              ,mar                ,2005               
14.2176754167265   ,1.62430573363869   ,218.848084203016   ,-3.30054890767365  ,3.05954705957677   ,22.4319996431914   ,40.3076914310455   ,87.2070348524889   ,275.74470381242    ,287.951000193413   ,203.433377453297   ,0.00462741948783431,3.67357082934701   ,19.4980646813942   ,15.6809508103672   ,41059              ,apr                ,2005               
11.7002104688584   ,2.17643856848905   ,200.175144756797   ,-2.82611111716513  ,2.87939402328018   ,20.7340578240262   ,39.8777685934569   ,86.4744034662669   ,273.077326318879   ,285.072458457502   ,208.55662547625    ,0.00405273103806606,3.82557169733903   ,19.7903325811133   ,15.906703119428    ,41063              ,apr                ,2005               
16.9606502669337   ,1.29824346006697   ,210.884918060617   ,-3.19101138784831  ,3.12313589876027   ,26.7579997794166   ,37.454135408285    ,89.2588348654968   ,276.019431475361   ,288.465266414463   ,203.977922366677   ,0.00463019948395621,3.65733029773722   ,17.6465390059752   ,15.3292244413136   ,41049              ,apr                ,2005               
11.4302415580736   ,2.21373618697801   ,233.876956562903   ,-2.69009105207498  ,2.82252086049735   ,17.5610779940052   ,42.1679975836169   ,88.5781476109509   ,273.123012493118   ,284.592141078117   ,209.72556038311    ,0.00417939302708892,4.22432571830573   ,20.9845540574156   ,16.6699204608933   ,41061              ,apr                ,2005               
15.9542853433922   ,1.11461744247168   ,222.683520186317   ,-3.27435480085891  ,3.08919489736007   ,25.1109626319181   ,39.4112178698496   ,92.4913250553268   ,276.533160890109   ,288.891396368658   ,206.603704429825   ,0.00492733998457547,3.70607903984178   ,17.9270741193859   ,15.9690558715972   ,41021              ,apr                ,2005               
16.5436709675675   ,0.962369808958404  ,220.498652644464   ,-3.4030353279374   ,3.06418616284869   ,24.3199509358545   ,40.9519192426061   ,93.7101120151274   ,276.511775261059   ,288.851387779429   ,208.102443005002   ,0.00506474941063011,3.87508694836271   ,18.218224596466    ,16.2123052202935   ,41055              ,apr                ,2005               
11.4047045581254   ,1.37656376210288   ,223.393432607351   ,-3.48522216521591  ,2.75026882616883   ,18.9678967940328   ,43.5255071487367   ,94.5339056511488   ,275.217385126809   ,287.127942132839   ,197.627455897061   ,0.0048620399337775 ,3.6201103941405    ,20.1044150377672   ,17.1127506292413   ,41065              ,apr                ,2005               
10.2953035236426   ,2.98335217796401   ,215.666022300504   ,-2.79373481297335  ,3.96974704765886   ,19.5234963818955   ,42.4822780081055   ,86.6416201248202   ,280.1686443271     ,292.385120420368   ,257.33571365363    ,0.00652728212285147,3.45479561292674   ,20.4632770067809   ,16.0263584599844   ,41059              ,may                ,2005               
9.38079225702601   ,3.70488023971469   ,222.460371124033   ,-2.08123584084716  ,3.61666203405689   ,20.2840314800995   ,41.5396120445523   ,84.099062586702    ,277.761795568004   ,289.147598844873   ,250.276077590192   ,0.00566503955934725,3.2923732718939    ,20.0245193212102   ,15.5078558640262   ,41063              ,may                ,2005               
14.1681103814793   ,2.05717815456384   ,218.732105503944   ,-2.59038007212559  ,4.21164330058939   ,23.4121078900594   ,38.9037688061547   ,87.5179221090927   ,280.730016948363   ,293.008262774727   ,262.202728507286   ,0.00647672574953855,3.71647387785779   ,19.2465555967863   ,15.2948153318535   ,41049              ,may                ,2005               
8.97133136267382   ,3.7128408200935    ,228.792856406938   ,-2.00772672047831  ,3.54751899851028   ,16.5936957189936   ,45.0120751368387   ,88.1817257360461   ,277.43531782666    ,288.929423409313   ,259.733393417474   ,0.00604262527674422,3.61333108656628   ,21.4267815455836   ,16.5364442649091   ,41061              ,may                ,2005               
15.6588773530156   ,1.75771734842523   ,224.897580477528   ,-2.65788363760436  ,4.37379700302835   ,23.2396577592948   ,38.6190873713413   ,89.6554170419364   ,281.382160952086   ,293.788508060125   ,269.785299392409   ,0.00674560543532   ,3.8719315076063    ,19.3526731876035   ,15.4099854379696   ,41021              ,may                ,2005               
16.8968009804245   ,1.92796884590984   ,223.081743524606   ,-2.72382487446709  ,4.4210235500781    ,21.8427089102154   ,39.4382085721013   ,91.6300605618488   ,281.288299232401   ,293.631627521612   ,275.594873977773   ,0.00681296574816929,4.10877790269571   ,19.9468828801995   ,15.8908859981363   ,41055              ,may                ,2005               
11.9772054993586   ,2.53921766658369   ,232.279437438484   ,-2.7852644678596   ,3.96567546062357   ,17.1922882369465   ,43.0742011641423   ,93.042569318439    ,279.679326897376   ,291.651918611613   ,266.917998608131   ,0.00655887949710982,3.77094140906326   ,21.52185908446     ,16.8904416422905   ,41065              ,may                ,2005               
24.3690770507428   ,0.887846586363139  ,236.799172814272   ,-2.67356118092737  ,5.08884442580851   ,37.3850501233642   ,32.8681055129495   ,79.8980607335931   ,280.856191339556   ,295.700078576027   ,294.926194642764   ,0.00611347622599424,3.44489900187546   ,15.7158042040882   ,11.6619447148662   ,41059              ,jun                ,2005               
17.9212092543686   ,1.79742046498144   ,245.543201321516   ,-1.78537453895126  ,4.48150215264245   ,32.3526001219427   ,36.4442785777134   ,77.3121896459228   ,278.939777616132   ,292.513176388507   ,280.805683717972   ,0.00581907452016147,2.92473521186061   ,16.6135275800467   ,12.4007627277663   ,41063              ,jun                ,2005               
31.8369895604284   ,0.550270708655552  ,230.539076651172   ,-2.52690059690367  ,5.48105105692179   ,42.6005726479319   ,29.6880753269162   ,81.819582729273    ,281.369533492216   ,296.480821540926   ,309.013999001601   ,0.00603681878092492,3.99085638064365   ,14.524523125061    ,11.1928071347415   ,41049              ,jun                ,2005               
19.959398212838    ,1.46337458535845   ,255.830710213243   ,-1.82496566350568  ,4.52027901166751   ,32.33037640238     ,36.0587168094651   ,80.6702913047257   ,278.315934212139   ,292.426452300146   ,289.225179870982   ,0.00585027289239559,3.16104281037923   ,16.8017753825168   ,12.590319601734    ,41061              ,jun                ,2005               
34.7104690232083   ,0.388420880566521  ,242.034405166745   ,-2.56865273414196  ,5.68012327619054   ,42.7624835029706   ,29.8507689162849   ,85.495826761371    ,281.739646229041   ,297.185692884783   ,320.98431953468    ,0.00633210100212205,4.23986289696918   ,14.4616085187801   ,11.5264758359101   ,41021              ,jun                ,2005               
35.1080336788059   ,0.30457587387362   ,243.596769689026   ,-2.54339480841601  ,5.66434943236803   ,40.9114167321263   ,31.4539785173204   ,87.8854710030509   ,281.692629728261   ,296.76258987516    ,328.508027471204   ,0.00652081380275098,4.48288956806209   ,14.8149172885144   ,11.9660177231764   ,41055              ,jun                ,2005               
25.2023557870938   ,0.648506403475328  ,258.42967862321    ,-2.54116674014183  ,5.0487257572645    ,33.5760269349735   ,35.6066550388944   ,89.3491778970228   ,280.122564157813   ,294.84074009656    ,318.387902675531   ,0.00646410608174252,3.74358570183907   ,16.6617091119984   ,13.1554743274016   ,41065              ,jun                ,2005               
42.9991757886143   ,0.270455611900332  ,244.74485233782    ,-2.78751916147226  ,6.26156737876483   ,57.5503430251407   ,22.4887562796388   ,64.5144727361989   ,285.010312284728   ,302.890770638149   ,307.525937776947   ,0.00630500425901803,3.07098356355996   ,11.8382509260752   ,8.70361692307979   ,41059              ,jul                ,2005               
40.9042739893852   ,0.46147178143041   ,251.038229682535   ,-1.78810701031229  ,6.04769142271567   ,57.9656181321466   ,20.8551233931317   ,53.6185591198805   ,283.436883506887   ,301.222817503355   ,311.231969879842   ,0.00543675234830641,2.7015544378022    ,12.1285360604625   ,7.70232830790077   ,41063              ,jul                ,2005               
46.4281396073343   ,0.254586336940774  ,241.249558892333   ,-2.60819718153273  ,6.57440498405323   ,59.1134711846047   ,21.2326793148799   ,67.5666564568699   ,285.553757909624   ,303.485506637256   ,313.309299525045   ,0.00644727426641956,3.37274009993986   ,11.3899756648858   ,8.81174363012431   ,41049              ,jul                ,2005               
38.9577909065459   ,0.362761065519364  ,259.867806001167   ,-1.86319761300774  ,5.91028348161423   ,54.6111672175448   ,23.0677984090689   ,61.8112923350575   ,282.647045425664   ,300.487451552281   ,309.925084597862   ,0.00593061052949499,2.88267549500908   ,12.5403706042807   ,8.59983966659142   ,41061              ,jul                ,2005               
45.8211408756999   ,0.197525834609084  ,249.244867355464   ,-2.6206510360947   ,6.83231672252564   ,57.9335452973064   ,21.0356183939521   ,71.323052716807    ,286.182478235357   ,304.147754528751   ,315.602463300115   ,0.00675062118146163,3.64674070877042   ,11.4660385130749   ,9.06697497063081   ,41021              ,jul                ,2005               
45.1696591664742   ,0.123310556247693  ,240.297780913624   ,-2.65940844129633  ,6.85142166691891   ,56.1436249262161   ,21.9887736203917   ,75.3224884836297   ,286.138213645015   ,303.787352257732   ,318.546444216982   ,0.00699600212735758,3.84943354044337   ,11.6913055693557   ,9.44349141346691   ,41055              ,jul                ,2005               
38.5365918969184   ,0.137378025031626  ,244.223484840686   ,-2.50420801470052  ,6.22534758773583   ,51.3858923909538   ,24.9047722873835   ,77.0546868884552   ,284.216887321676   ,302.240271966075   ,317.70520336261    ,0.00705987410895421,3.19794958082749   ,12.7929404621438   ,10.0192579277943   ,41065              ,jul                ,2005               
58.3416498390339   ,0.021837656057319  ,236.753861176339   ,-2.97734654193156  ,5.74385991865079   ,76.3672317797443   ,17.5801046258286   ,59.3535500879701   ,283.785729453697   ,302.343276314184   ,278.729787760121   ,0.00510601571120079,3.05811136783672   ,7.90777207513417   ,7.13555237496162   ,41059              ,aug                ,2005               
55.7293159798318   ,0.0987558352162008 ,233.107020399347   ,-2.17730822120652  ,5.43177188788019   ,78.7411807731664   ,16.5150921264083   ,50.0235418089082   ,282.284904592709   ,300.587645401837   ,278.667468308703   ,0.00446711938841019,2.75734017255235   ,7.52542590449579   ,6.33116651332973   ,41063              ,aug                ,2005               
60.6588682625878   ,0.00708440880863233,232.265770951039   ,-2.67899230835117  ,6.02826641542528   ,75.7777436895359   ,18.01321820463     ,61.2151126762516   ,284.719486828652   ,302.994881016442   ,283.360774903699   ,0.00545258399990482,3.32076891676394   ,7.98211086164796   ,7.32644233093977   ,41049              ,aug                ,2005               
57.6486957433796   ,0.0151286101125237 ,247.251164465528   ,-2.15997106871978  ,5.45763472362801   ,75.6620810962587   ,17.2743948719597   ,57.3252795339058   ,281.613880031378   ,300.023270866245   ,280.471147462031   ,0.00470529917146519,3.00061995846871   ,8.11770171044311   ,7.05260282462928   ,41061              ,aug                ,2005               
61.1088542646695   ,0.00629144128613484,238.089593008684   ,-2.65351283830929  ,6.32447343044736   ,73.4971060292557   ,18.3835808228126   ,65.6786364325375   ,285.495383798197   ,304.223452283404   ,284.704693957218   ,0.0059219909402908 ,3.57093423198261   ,8.32865801433934   ,7.79631286348452   ,41021              ,aug                ,2005               
59.980878969374    ,0.00144225242025019,238.88854133817    ,-2.68903991597438  ,6.36312846371957   ,69.4430162382675   ,19.6766630645699   ,70.557458588097    ,285.58755840308    ,304.111239088052   ,284.945830951972   ,0.0063233874022551 ,3.79889568838842   ,8.97201279450578   ,8.55078879636856   ,41055              ,aug                ,2005               
52.3452566279251   ,0.0113450790139121 ,232.759167732704   ,-2.47992805584327  ,5.76892835680314   ,65.5034560348335   ,21.860758913846    ,71.5766842723995   ,283.623878265021   ,302.425711026756   ,287.041983881735   ,0.00624495112590749,3.21255906012392   ,9.64734750464856   ,9.08690841720197   ,41065              ,aug                ,2005               
45.3370171617456   ,0.808662963451336  ,248.762538036125   ,-3.20410227893994  ,3.67932556066621   ,61.9014527126127   ,24.312919683909    ,73.3383236017711   ,279.152258998037   ,294.814950868047   ,193.224271409033   ,0.00482780892402191,3.4340295346499    ,9.38936443568329   ,10.4062314345347   ,41059              ,sep                ,2005               
43.0026474852606   ,1.12554661482659   ,251.181118035323   ,-2.65170990039175  ,3.53729812199975   ,67.1730629623631   ,22.0473052271318   ,63.6945407751835   ,277.930507199303   ,293.090746472765   ,192.294341724013   ,0.00412823137774844,3.09057748293752   ,8.29093366672387   ,9.09750986910644   ,41063              ,sep                ,2005               
48.2638378210571   ,0.633066081796589  ,236.794895738238   ,-2.8828616806974   ,3.82785196279876   ,61.5897956864788   ,24.6837287845412   ,75.2292171494915   ,279.695192445552   ,295.347102121616   ,198.526869013255   ,0.00503849585062741,3.71615258355935   ,9.48885566780496   ,10.6383170770309   ,41049              ,sep                ,2005               
44.8460217702968   ,0.927603051050455  ,257.383497987151   ,-2.61083631436398  ,3.50675001986233   ,62.7458411307786   ,23.5474201329157   ,71.6773783486763   ,277.039097572609   ,292.61698256002    ,195.431240362787   ,0.0043546593517981 ,3.32333425571889   ,9.21237877578892   ,10.1957166760841   ,41061              ,sep                ,2005               
46.9376241921404   ,0.535991061313593  ,242.167309192536   ,-2.83445766616193  ,3.9324795677944    ,57.3460385840178   ,25.0892045579435   ,81.8648160922631   ,280.088898941664   ,296.562385965605   ,202.294613410401   ,0.00546146717988292,3.8001299982842    ,10.2796729737203   ,11.7364458921969   ,41021              ,sep                ,2005               
44.5138404134098   ,0.733319259712338  ,238.6339190903     ,-2.787539489088    ,3.94171968546876   ,53.6260896959732   ,26.6632691473524   ,84.7011789013303   ,280.383870909693   ,296.483086102283   ,205.911595794053   ,0.00573185159335526,4.0193356607044    ,10.943160424595    ,12.4217013729943   ,41055              ,sep                ,2005               
38.9067243321281   ,0.991641168364649  ,249.33786084908    ,-2.56861121798543  ,3.53937880607335   ,49.5808406869107   ,28.927199276418    ,87.4876971392272   ,278.542200423139   ,294.877586865073   ,206.606382176444   ,0.00560562786999504,3.47635544234222   ,11.7097337999173   ,13.3011999984258   ,41065              ,sep                ,2005               
19.7120783682139   ,1.07653428037639   ,215.820112618797   ,-2.95741337018034  ,1.87177034572986   ,30.0825780631894   ,38.9593263345762   ,95.0262450723662   ,276.492298655112   ,289.357369808987   ,115.989123923023   ,0.00546457339825524,3.38327285512419   ,15.3530816708434   ,17.7188145296871   ,41059              ,oct                ,2005               
24.1755271660436   ,1.13470050169606   ,222.666902272266   ,-2.44391193972785  ,1.91716053083408   ,35.530060268352    ,36.1942941231946   ,88.2981312844491   ,274.963034064673   ,287.215430898428   ,120.737553558849   ,0.00463648450613075,3.37995573030875   ,14.234803972894    ,16.0733210078594   ,41063              ,oct                ,2005               
21.740664494605    ,0.659761460848735  ,223.574761753891   ,-2.56637749247526  ,1.98446155895536   ,31.6275847020574   ,38.7861917465447   ,93.9068264256577   ,277.36447134535    ,289.93213566202    ,120.241902737939   ,0.00556976979013397,3.63010706486905   ,15.0485509070889   ,17.2343746939738   ,41049              ,oct                ,2005               
21.1339632192728   ,1.1723966198654    ,219.336563497025   ,-2.4585466285309   ,1.84529874593743   ,31.0352754926738   ,38.1089810597379   ,92.2848319343436   ,274.577011028185   ,286.857027771652   ,121.604321580596   ,0.00486694051874286,3.54836450086462   ,15.2499556588538   ,17.191128872021    ,41061              ,oct                ,2005               
21.19735425502     ,0.777763544548214  ,229.196434657184   ,-2.4559713167772   ,1.95532063594831   ,28.9050641026424   ,41.1302107474632   ,96.0941501717614   ,277.836226370341   ,290.586988316207   ,121.795209732769   ,0.00597109092155563,3.68675400307602   ,15.8737155902527   ,17.9738804919783   ,41021              ,oct                ,2005               
21.547137171967    ,1.01983069329245   ,227.789139107586   ,-2.19566294684512  ,1.84264268655414   ,26.3317997888267   ,44.8116320516676   ,97.0733621191065   ,277.832063486027   ,290.117145488676   ,122.102158213085   ,0.00622946881110063,3.92591457979968   ,16.7768386194243   ,18.6169754389749   ,41055              ,oct                ,2005               
15.7410104899755   ,1.27960279680292   ,219.756093562711   ,-1.99820438456065  ,1.62894703309104   ,22.9647168955688   ,47.4229487153729   ,97.0489849632992   ,276.892933931644   ,288.567966632426   ,121.896874249022   ,0.00602407610318469,3.51077526293264   ,17.6829314287448   ,19.0256865988173   ,41065              ,oct                ,2005               
10.12193609619     ,1.80332717679063   ,185.257085948817   ,-2.72111311357542  ,0.928358124088389  ,14.6286093298724   ,51.5207759984545   ,91.9484824643756   ,271.347419649507   ,279.953292051741   ,69.9510879691337   ,0.00360513709447111,3.98734095063694   ,21.1522369966865   ,19.8948208967845   ,41059              ,nov                ,2005               
12.0266841707164   ,2.11857883759399   ,212.295062284238   ,-1.99411904664183  ,0.878882695993274  ,16.4777357784514   ,50.4345914164901   ,90.408531236982    ,268.872734882559   ,278.121185838037   ,71.5842571569767   ,0.0031794998650089 ,4.06511536198549   ,20.6037007094541   ,19.3507649189664   ,41063              ,nov                ,2005               
10.3082243480739   ,1.26887660475015   ,174.055910411297   ,-2.35235379670095  ,0.885915829500681  ,16.2738816656159   ,53.0464165025149   ,93.4224157003832   ,271.749879130685   ,280.080539801899   ,73.2857788558614   ,0.0037329397958063 ,3.96029764524617   ,20.0580346999576   ,19.9249419027598   ,41049              ,nov                ,2005               
9.70091406400656   ,2.4993324023338    ,200.198167750374   ,-2.18111867234638  ,0.944135814318932  ,13.7851946329592   ,51.5271009591185   ,89.7025500177454   ,269.149367921931   ,278.046313710154   ,71.6930972344983   ,0.00322034522720494,4.50628942456756   ,21.5343277260894   ,19.669141787737    ,41061              ,nov                ,2005               
9.87330575597679   ,1.275360880024     ,170.719902924401   ,-2.05060291895931  ,0.768607636619142  ,13.1365675654738   ,57.1515346063853   ,96.0741977715285   ,272.02192604982    ,279.768941466604   ,74.833994021528    ,0.00388219222815043,3.82865655620893   ,21.3080172421764   ,21.074108754717    ,41021              ,nov                ,2005               
10.7732660254204   ,1.30887752342352   ,164.901030215139   ,-1.62788024318149  ,0.712204452193765  ,11.2991298801326   ,58.9594355469791   ,97.5035183525457   ,271.878122644257   ,279.703740411056   ,75.5307623720076   ,0.00397601240996696,4.01375659029154   ,22.2934661060281   ,21.7459434512995   ,41055              ,nov                ,2005               
9.17361303402781   ,2.32793465781995   ,176.369780057182   ,-1.61274839826102  ,0.695095345153305  ,9.41540387714659   ,59.1824668159574   ,97.5738640077557   ,271.203092361367   ,279.196115886507   ,76.2946782913149   ,0.00389130067053304,4.20474706101343   ,23.3090144181122   ,22.1627839078807   ,41065              ,nov                ,2005               
10.0639015362067   ,2.93328318898186   ,177.810169930286   ,-2.88550485256097  ,0.70476437552645   ,13.130256042553    ,58.965917781594    ,89.2624861868802   ,268.216621514293   ,275.742390633893   ,53.8925667914334   ,0.00289862906442345,3.55546711658931   ,21.9048103691463   ,20.0207013372291   ,41059              ,dec                ,2005               
11.0833084805114   ,3.10652255964463   ,206.424240499846   ,-2.20560959169081  ,0.720604009689472  ,16.8285264243009   ,53.5543869424811   ,86.1319772008971   ,266.434042035616   ,274.571991406065   ,56.4336858142506   ,0.0025971050035615 ,3.90653319826007   ,20.5146603839937   ,18.8234006413769   ,41063              ,dec                ,2005               
10.906371611771    ,2.18696134805445   ,165.584211062969   ,-2.35904597268679  ,0.640085944866869  ,14.2974080583604   ,61.3571834099854   ,89.6538411243632   ,268.70666500977    ,275.877873901048   ,56.1174218787781   ,0.00300195505762315,3.19771255992262   ,21.2680676972887   ,19.9578763510336   ,41049              ,dec                ,2005               
10.6735351357206   ,3.71980485805023   ,191.767659262326   ,-2.42200801183044  ,0.788061155597737  ,14.0510837153569   ,55.4016019281144   ,86.093664297724    ,266.442678753888   ,274.367031502429   ,57.8692658035059   ,0.00261848636519129,4.65075443865586   ,21.7186172033239   ,19.3808339122882   ,41061              ,dec                ,2005               
10.5060271794297   ,2.52487467131318   ,159.898970678925   ,-2.01061680392262  ,0.537801234512284  ,11.2879859164514   ,66.1295009345961   ,92.3542521376297   ,268.715974745815   ,275.436746548602   ,56.6444757326828   ,0.00307982263467309,3.13787519935855   ,22.4573443369056   ,21.1026580341391   ,41021              ,dec                ,2005               
8.20466927126391   ,3.27910781927973   ,155.361314815945   ,-1.59279997638094  ,0.467551276171997  ,6.90451738561048   ,68.2617104071158   ,96.9099862661975   ,268.464711890862   ,275.232851604737   ,55.7255707097565   ,0.00315036805345247,3.39233227411674   ,24.3805052716365   ,23.1183806268792   ,41055              ,dec                ,2005               
7.63821049947002   ,4.8790685864109    ,168.539881136997   ,-1.64194869431113  ,0.558196511701988  ,6.3435770812846    ,65.8993203156478   ,94.7382597397906   ,268.28706773878    ,275.25658818551    ,57.9290794988334   ,0.0030847056394397 ,4.1035990152974    ,25.2890111656456   ,22.6818460359255   ,41065              ,dec                ,2005               
