bi,pr,th,pdsi,pet,erc,rmin,rmax,tmmn,tmmx,srad,sph,vs,fm1000,fm100,countyfips,month,year
12.6452562641134   ,1.89713063661205   ,163.900437836126   ,-1.55035338019664  ,0.829756160517186  ,12.3895302745356   ,62.9891450253849   ,89.1663916263283   ,272.589723837628   ,279.227338259965   ,59.558724811153    ,0.0038679495334124 ,3.53787074854673   ,22.3850452727269   ,19.9514706485726   ,41059              ,jan                ,2010               
18.1057732283477   ,1.7041009040238    ,191.14332602934    ,-1.34378570289837  ,0.876076853665391  ,19.7337466531539   ,57.4398895155461   ,83.5289385202048   ,270.541275153492   ,277.093361598763   ,68.8722170987464   ,0.0032424805783569 ,3.97710873167092   ,20.0033423353097   ,17.7375653199625   ,41063              ,jan                ,2010               
12.1438017190056   ,1.35973603540835   ,150.89617966055    ,-1.84648819826218  ,0.680130300139595  ,11.2620225950968   ,66.6232137488385   ,93.4174678152104   ,272.736934493712   ,279.630735857667   ,55.4138436648435   ,0.0042249877593299 ,3.01059203665515   ,22.4752507660764   ,21.1630832594888   ,41049              ,jan                ,2010               
17.2683394788319   ,2.17466866456927   ,181.498201073522   ,-1.57790401511722  ,0.876595470470672  ,15.5225037798088   ,63.0570784967955   ,85.0357071595855   ,270.886100465812   ,276.535517776957   ,68.8361708952867   ,0.0033764946008248 ,4.80733083899588   ,21.3507191648525   ,18.7447894891673   ,41061              ,jan                ,2010               
10.8316618313262   ,1.41924310228289   ,147.341274963979   ,-2.18539946037893  ,0.63107895650821   ,9.09423256687739   ,69.5180596551645   ,94.2697566595419   ,273.201487314188   ,279.596346696771   ,56.562466340523    ,0.00436930361228475,3.02704775622172   ,23.2035582181375   ,21.8199685416157   ,41021              ,jan                ,2010               
8.11777624018438   ,1.64325678278389   ,140.933299900034   ,-2.235009582332    ,0.551653114657507  ,5.68922526896608   ,72.582855491228    ,96.542255500199    ,272.946266075009   ,279.190065336056   ,57.4460414680664   ,0.00445581632881947,3.29794535504672   ,24.4875343907804   ,22.9652288469632   ,41055              ,jan                ,2010               
6.74499828899809   ,2.27791255933495   ,158.998158159227   ,-1.74152319603917  ,0.626597610876582  ,5.05618840623418   ,70.2964662737896   ,95.0399266440973   ,272.745491388678   ,278.825377306173   ,59.5192899052133   ,0.00429510778366678,3.62296051682005   ,25.3142376260136   ,22.6404705569658   ,41065              ,jan                ,2010               
14.8296024607056   ,0.802388198663031  ,153.566680746288   ,-1.69827242622758  ,1.19245599398818   ,16.237162496474    ,51.7741085409329   ,90.5049010457695   ,272.271113156596   ,281.71527836925    ,101.554933271886   ,0.00386698841905329,2.98156912280855   ,21.9859957801021   ,18.4984760922199   ,41059              ,feb                ,2010               
20.3192275264463   ,0.665266523638121  ,172.408982744553   ,-1.75740108478788  ,1.1298545714492    ,22.8508567877768   ,49.8682170999157   ,86.1798396239152   ,269.654184390019   ,278.301838398456   ,111.32467768802    ,0.00316393276309234,3.14785191618822   ,19.7341697305352   ,17.1244970629742   ,41063              ,feb                ,2010               
16.5215070534528   ,0.394574237784347  ,148.533035162544   ,-1.58429530689864  ,1.13145642391028   ,16.0989375472574   ,53.9918881837521   ,93.1455479217449   ,272.803948424517   ,282.378375815917   ,101.918151483308   ,0.00420009272012007,2.74617387659753   ,22.0877272667239   ,19.0285444338106   ,41049              ,feb                ,2010               
17.285816812305    ,1.03027112329168   ,171.222640516434   ,-2.0463354044981   ,1.14606917137559   ,17.9822731238351   ,52.9489718225267   ,88.5011937651054   ,269.904949302606   ,278.402326602028   ,111.945982963824   ,0.00333607931504547,3.68206204291059   ,21.2362382781989   ,18.1699221952462   ,41061              ,feb                ,2010               
12.9396908234012   ,0.626548348225248  ,141.993566916176   ,-1.72990114271613  ,1.07906277222926   ,12.7758499029718   ,56.7527822398532   ,94.1429436094129   ,273.408140161224   ,282.532341813763   ,105.307571187528   ,0.00436791911616684,2.70134172175501   ,23.1763397834431   ,19.7748079003645   ,41021              ,feb                ,2010               
10.3984661895592   ,0.876988571199823  ,133.808272895583   ,-1.71595257684066  ,1.06235505801096   ,10.0001841945326   ,58.6124538809634   ,94.7247155686668   ,273.535836783069   ,282.338591853678   ,106.666632953841   ,0.00443942232211408,2.96328817815858   ,24.2127908116694   ,20.3928584810486   ,41055              ,feb                ,2010               
10.3348790782563   ,1.13452084988012   ,155.037591389742   ,-1.58382037533671  ,1.10736011238871   ,9.69864152113256   ,57.2964555805141   ,94.0613967709409   ,272.785467994479   ,281.447493725604   ,109.262395562945   ,0.00420592284590875,3.26964630456992   ,24.4796101214129   ,20.288637645952    ,41065              ,feb                ,2010               
20.7998514619553   ,1.28810188525895   ,213.445676383612   ,-2.22656259966179  ,2.1958427339302    ,24.3979875729382   ,40.5235858826371   ,90.1543160234601   ,272.022987991591   ,284.477733026124   ,168.496313497262   ,0.00372200616773733,4.04574173147723   ,19.1285637893933   ,16.6603103447511   ,41059              ,mar                ,2010               
20.9946462847217   ,1.64024838488582   ,221.107743821696   ,-2.38143476295027  ,2.05508742601641   ,28.9263500384625   ,39.4089232152616   ,83.9031734602085   ,270.278340505526   ,281.166038780806   ,176.349704259894   ,0.00313337907067751,3.99989993442014   ,17.4506669571027   ,15.2827293767688   ,41063              ,mar                ,2010               
27.1603346977498   ,0.504451334209547  ,208.786043887539   ,-2.02160938432599  ,2.27133685270137   ,28.3941358938106   ,37.7810353847034   ,90.4820826496149   ,272.234317250599   ,285.310497194383   ,168.201227271221   ,0.00374890563947535,4.05120736656509   ,18.2167728853234   ,15.9283895196594   ,41049              ,mar                ,2010               
20.9630643823336   ,1.6630454134893    ,223.976993911279   ,-2.67431042027572  ,2.03947681714604   ,24.1415351299972   ,42.1651065537009   ,88.3711835196558   ,269.977870408533   ,281.196123791159   ,175.435091034021   ,0.00330938554007474,4.44872719761576   ,19.0103118995992   ,16.660343564359    ,41061              ,mar                ,2010               
23.7727338911204   ,0.569374407274703  ,211.026418522717   ,-1.91826727926556  ,2.21142573596934   ,25.4736984359631   ,39.6757249716646   ,92.3971205273468   ,272.794300614108   ,285.606697544547   ,170.87726330943    ,0.003963387090104  ,4.03081062247047   ,18.922010852902    ,16.5754167707951   ,41021              ,mar                ,2010               
20.5032693209501   ,0.689156080627839  ,209.217970902595   ,-1.76649469267904  ,2.18114067682386   ,22.6317898610519   ,41.6298291689044   ,93.3400378152573   ,273.06624885218    ,285.30275432858    ,176.734735137358   ,0.00406780258839898,4.2259230605163    ,19.7015621622111   ,17.0541469901041   ,41055              ,mar                ,2010               
18.4734102165675   ,1.35614321721311   ,205.031526180916   ,-1.82088404025509  ,2.04648577169741   ,20.3101897069933   ,43.9477035189869   ,93.4498848232777   ,272.250993106336   ,283.889217585242   ,172.305616234647   ,0.00392408400276757,4.24446618003911   ,20.5451191990293   ,17.6502146251184   ,41065              ,mar                ,2010               
23.1421724964714   ,2.05967732691647   ,212.97084768549    ,-2.58415141639199  ,3.06602266326908   ,27.8937679511986   ,40.6984194774501   ,84.8078423803216   ,274.678103255383   ,286.722797885583   ,214.624388656448   ,0.00428157045059297,4.78874578755554   ,18.1308693254231   ,14.869830665841    ,41059              ,apr                ,2010               
18.6964205424547   ,2.25193703324211   ,216.132841466134   ,-2.6041430302989   ,2.80369994349274   ,28.3112695067044   ,39.582313701823    ,80.7345462474512   ,272.456607357994   ,283.574833640074   ,214.405727815295   ,0.00366811667039685,4.64437035357619   ,17.6804099988826   ,14.4827481149516   ,41063              ,apr                ,2010               
33.9546066885843   ,0.898600201343451  ,209.297234798685   ,-2.57349511019058  ,3.19666378551129   ,34.7198956790811   ,37.7863684382114   ,86.1671758005964   ,275.051751844796   ,287.316158120254   ,219.618783812331   ,0.00429652320786077,4.93566919726955   ,16.1881085772373   ,14.0526167924075   ,41049              ,apr                ,2010               
17.8389713602105   ,2.95075623224705   ,225.552361559848   ,-2.86907450289393  ,2.77668667677008   ,23.5003493683451   ,42.3797716406834   ,84.2180691032253   ,272.24101910752    ,283.434265451941   ,222.395879915025   ,0.00381290606122441,4.91027154369609   ,19.3429701244684   ,15.6420846124735   ,41061              ,apr                ,2010               
30.5578414254029   ,0.853413685017727  ,214.755401961659   ,-2.12395978327569  ,3.16812595162988   ,30.9190294015216   ,39.4690159540046   ,88.0820581580331   ,275.746437265616   ,287.671803864168   ,223.640637069948   ,0.00453319385058629,4.9313304727627    ,17.1796608117729   ,14.6536418758804   ,41021              ,apr                ,2010               
27.8929827710574   ,1.00642948384366   ,211.211653389475   ,-1.69762862384951  ,3.14903480479127   ,27.5332968200624   ,40.7938818927862   ,88.4619969321506   ,275.830349329898   ,287.428561413265   ,227.553686005144   ,0.00458289410314862,5.13091020288988   ,18.2201801181072   ,15.0929894303253   ,41055              ,apr                ,2010               
19.6716920745215   ,1.41852110298044   ,218.490484411863   ,-1.60011586862965  ,2.82661363108731   ,21.763826337226    ,43.4912327252902   ,92.2271823302108   ,274.26008783087    ,285.951189246544   ,220.394176699824   ,0.00444776993348005,4.82086035298023   ,19.9887230404792   ,16.4683473026465   ,41065              ,apr                ,2010               
17.2713015370327   ,2.88549707144728   ,237.199311657712   ,-2.27676285847725  ,3.61073176605124   ,27.5458527281928   ,42.1116157822873   ,80.1279710738278   ,277.232057588932   ,288.850102322551   ,248.939189072324   ,0.00494474730339935,3.77211360068332   ,18.0142755455962   ,14.5090404041708   ,41059              ,may                ,2010               
14.8843500967518   ,2.56123183361951   ,235.102856080116   ,-2.40687183452236  ,3.38101676771341   ,28.6921110124962   ,39.4365289828698   ,73.5823750116205   ,275.012827916471   ,285.622818564551   ,243.664700007509   ,0.00412759315232087,3.73215462775645   ,17.4833958075274   ,13.5197375244786   ,41063              ,may                ,2010               
25.4050052844477   ,1.54625102441894   ,235.643989895913   ,-2.67699507433319  ,3.76048256573373   ,35.6838520229155   ,38.6543283377159   ,82.3033113333044   ,277.693782564797   ,289.734547160683   ,251.419171010053   ,0.00498113991565492,3.98962574033012   ,15.4405786331552   ,13.3016764133932   ,41049              ,may                ,2010               
13.9508600434759   ,3.09810120997412   ,240.278920605581   ,-2.42986110257514  ,3.23255645385163   ,23.0572014493042   ,44.1231748030984   ,78.6758407685444   ,274.733576817666   ,285.261611507025   ,246.046835984352   ,0.0044235693352584 ,3.81987756706243   ,19.4356707105785   ,15.0392723821065   ,41061              ,may                ,2010               
23.8219912565931   ,1.4564946123298    ,242.130200703076   ,-1.94523716380426  ,3.93996671547291   ,34.0065636388374   ,37.2829315895971   ,83.1897357556871   ,278.459646630965   ,290.706250819389   ,256.542220733566   ,0.00514265880380844,4.14541328990469   ,15.810646478214    ,13.3701410934013   ,41021              ,may                ,2010               
22.9662662120028   ,1.33306572440919   ,247.702538820825   ,-1.3760749612255   ,4.01755143522969   ,33.2203281733972   ,36.9857858813634   ,83.2249311199955   ,278.434353785073   ,290.738952371899   ,262.316486520557   ,0.00512941950207256,4.35563231998739   ,15.9408011748597   ,13.3081461936657   ,41055              ,may                ,2010               
18.1613010540162   ,1.5144524161615    ,255.35301082449    ,-1.22404873788284  ,3.66178614830234   ,28.8902286098709   ,39.5341069094354   ,85.3491163643171   ,276.908158033609   ,289.254544714266   ,255.682431900893   ,0.00498671840970846,3.8467411898439    ,17.3806162757868   ,14.1476596171035   ,41065              ,may                ,2010               
18.6506105169818   ,2.32560718426785   ,237.39562407552    ,-0.721934254546434 ,4.56671630950032   ,24.4676115118873   ,42.703393659739    ,86.4315790176392   ,280.860342294386   ,293.836960219495   ,289.003268360618   ,0.00679114245601198,3.58497353829032   ,20.0017044994215   ,14.8343527774937   ,41059              ,jun                ,2010               
15.4793825585803   ,3.82804045747876   ,240.850854196349   ,-1.32533628538702  ,4.24226044198294   ,25.419875876866    ,41.09252026459     ,76.9469395824246   ,279.336749264911   ,291.338013869955   ,273.705580317446   ,0.00595988217979509,3.20140742624487   ,19.2735401709874   ,14.0819578247748   ,41063              ,jun                ,2010               
24.192935010484    ,1.98735119264442   ,236.558251717638   ,-1.68113575489577  ,4.84205407443055   ,29.1098713201757   ,39.9673051360598   ,89.002740240846    ,281.460767433739   ,294.682129988745   ,298.532763192541   ,0.00689993892320112,3.9886682953666    ,18.1429683349103   ,14.6825023226713   ,41049              ,jun                ,2010               
17.487676823149    ,3.12217919433967   ,248.920838930949   ,-1.11214462216989  ,4.24492438708804   ,22.7634407385049   ,43.6375966554807   ,83.1219725852935   ,278.725237813565   ,291.159944917655   ,287.752816071687   ,0.00626768027984158,3.53638504054075   ,20.6429164388052   ,14.878033855501    ,41061              ,jun                ,2010               
27.9244901872183   ,1.26761900625743   ,246.221289383183   ,-0.876011276610722 ,5.06446683694143   ,31.5247177291241   ,38.2760150115286   ,90.0352354817822   ,281.948033321716   ,295.621324070738   ,305.219773635959   ,0.00702189898584038,4.22260170859623   ,17.4058340148855   ,14.2488437900756   ,41021              ,jun                ,2010               
29.3111499581885   ,1.20107579062529   ,244.038433854761   ,0.0598366652664385 ,5.05958363513733   ,31.8821729036335   ,38.3026121977942   ,89.8499722397118   ,281.846916555661   ,295.267534978023   ,306.777108603286   ,0.00690401448059435,4.44743631024342   ,17.278941105495    ,14.1470795931639   ,41055              ,jun                ,2010               
23.6454688706505   ,1.60677352982137   ,257.581654649125   ,0.165197788719623  ,4.57723679282263   ,28.1804112090315   ,40.8461516057973   ,91.8329731624814   ,280.056322873463   ,293.873359916112   ,295.907623448998   ,0.00673454439702785,3.72529620562956   ,18.5129130288623   ,14.900907061502    ,41065              ,jun                ,2010               
44.3332277131727   ,0.0764061125685536 ,220.487745620143   ,0.0694446375235816 ,5.98424162713923   ,55.6342308512612   ,25.8546110960796   ,70.1369762773112   ,283.907240214243   ,301.240727650154   ,313.822303597577   ,0.00650477036209532,3.1661385572592    ,12.5551993675758   ,8.83383477212934   ,41059              ,jul                ,2010               
41.5641191086381   ,0.408770360779745  ,214.131321400129   ,-0.440750531949801 ,5.72184473444209   ,57.2996936314482   ,24.105787125931    ,56.0958586473807   ,283.214366571214   ,298.553952253029   ,313.992148213265   ,0.00554840397358633,2.91788010516857   ,12.1968971619938   ,7.87816551175097   ,41063              ,jul                ,2010               
48.4610753293739   ,0.0481459252477155 ,230.80037796522    ,-1.06373173735685  ,6.34528309816526   ,57.0190832996223   ,24.1124064170153   ,70.9932964892227   ,284.681859091636   ,301.889237697494   ,321.529267431413   ,0.00647708496143024,3.54309740855351   ,12.330033811277    ,8.77392371029814   ,41049              ,jul                ,2010               
40.4931954070516   ,0.220572081705359  ,224.722185154826   ,-0.408962596640175 ,5.55469719193837   ,53.3101462548399   ,27.1875080281071   ,67.6781203725337   ,281.960914074022   ,298.299641327913   ,313.847157188546   ,0.00623566114795455,2.98872972658458   ,12.9430091296948   ,8.98972504517796   ,41061              ,jul                ,2010               
51.8408936808072   ,0.0245349772772368 ,244.468848229448   ,-0.540929260428261 ,6.76003108040036   ,59.0072823057988   ,22.6276322330613   ,71.8420389058536   ,285.844710019184   ,303.148088653963   ,327.638253428465   ,0.00665272272741198,3.86688562392802   ,11.7828973336591   ,8.65446518236305   ,41021              ,jul                ,2010               
53.1126227307783   ,0.00747940365988968,245.123310230569   ,0.608286214264411  ,6.86800392985996   ,58.5503388293125   ,22.9865244847607   ,73.8552549614409   ,285.987715598256   ,303.173292743285   ,334.08693999467    ,0.00679874506521105,4.13767988690564   ,11.7613946559901   ,8.89730969520588   ,41055              ,jul                ,2010               
45.6759888594272   ,0.021022164731634  ,252.410963839927   ,0.845365834613721  ,6.28142623928617   ,54.4480305788651   ,26.1233969517817   ,76.3572706376998   ,284.024077266524   ,301.747946566734   ,333.835026115213   ,0.00693354990604823,3.40204710777617   ,12.5959997950877   ,9.61049615357081   ,41065              ,jul                ,2010               
44.6577438106142   ,0.569961516383762  ,239.17538840425    ,-0.0222175344578083,5.16099267642204   ,60.473581056874    ,25.5686347702838   ,75.1111178638537   ,282.811077648441   ,299.781561854965   ,266.445576644356   ,0.00635421573639249,3.22510586989038   ,10.1593404394061   ,9.85797651698767   ,41059              ,aug                ,2010               
39.3572398575547   ,0.910073043689611  ,225.200898999947   ,-0.418219235020968 ,4.9340847062118    ,61.0761009352809   ,23.8998442595682   ,61.7257874805288   ,282.367226979922   ,297.550094268028   ,265.936307991436   ,0.00540279824539698,2.89089016228773   ,10.05853451538     ,8.75222763988575   ,41063              ,aug                ,2010               
50.946694043254    ,0.161271936559253  ,234.209440168678   ,-1.19206735498904  ,5.39016327590601   ,63.2178041016486   ,25.6206123777749   ,74.6369250367932   ,283.897483439124   ,300.15609904339    ,268.971711454309   ,0.00654463409462302,3.62455507234592   ,9.71994029515258   ,9.49162049016484   ,41049              ,aug                ,2010               
39.0741649974062   ,0.871192693477443  ,245.601135944161   ,-0.374497105917077 ,4.82944361442876   ,55.6930089530504   ,26.5847706266439   ,75.1540282773193   ,280.763893265384   ,297.131168788726   ,269.081410183255   ,0.00600696325828612,3.09103494827038   ,11.041311741331    ,10.3794327615125   ,41061              ,aug                ,2010               
54.6784489196272   ,0.0341728860800317 ,235.698641831923   ,-0.803283776284704 ,5.65853435809642   ,63.9131594467026   ,25.419718279257    ,76.3973141530818   ,284.859073871759   ,301.230092376295   ,271.831102914441   ,0.00685733243499618,3.92049272398623   ,9.54890494704575   ,9.60803302873423   ,41021              ,aug                ,2010               
55.0316013990315   ,0.0130978980117633 ,233.83290258877    ,0.21916582482571   ,5.71040160868263   ,61.699315661373    ,26.5579964613109   ,78.7738026851214   ,285.075447527244   ,301.206708809133   ,273.959324403341   ,0.00713279564381616,4.21007632246739   ,9.86437583774739   ,10.1142022219767   ,41055              ,aug                ,2010               
47.8592455297657   ,0.0572232533948089 ,236.663737487215   ,0.588558765853341  ,5.23260316915804   ,57.1715948774775   ,29.5858913059924   ,82.2508606929709   ,283.311492209704   ,299.946053559228   ,275.77190851432    ,0.00724076727217231,3.58953649821663   ,10.6968059444779   ,11.0393802499366   ,41065              ,aug                ,2010               
27.5030471728074   ,0.888425368302006  ,223.715002972901   ,0.20987405700128   ,3.14452812243705   ,37.7773154956089   ,37.7352539045132   ,90.9671813558532   ,280.997521342768   ,295.401794866431   ,187.590598075648   ,0.00719638741313054,2.99424035920213   ,14.3431890508723   ,15.6297740716282   ,41059              ,sep                ,2010               
35.5942944337716   ,0.618343175751633  ,237.244337185488   ,-0.384516759154697 ,3.39819305630483   ,50.8508061143902   ,29.6929121986969   ,73.2674565144074   ,280.421634017838   ,294.123564693033   ,197.22644857371    ,0.00556539836474521,2.92814660532908   ,11.8713067185073   ,11.7801156155157   ,41063              ,sep                ,2010               
31.6655694825071   ,0.910435231091588  ,211.81513068263    ,-0.933846992661975 ,3.19795634431365   ,39.8952685605793   ,39.1574154224695   ,91.8047469302206   ,281.843625654184   ,295.69528863584    ,191.097326625871   ,0.00755196237923613,3.21356763552101   ,13.7707825243369   ,15.6520790298156   ,41049              ,sep                ,2010               
31.4524085138266   ,0.527230040927125  ,234.482184602637   ,-0.293982487941475 ,3.21149005859477   ,42.0641537703604   ,33.2974661678346   ,84.7315925445871   ,279.165351738321   ,293.695926797498   ,196.560362193104   ,0.00616110793487341,2.99313330568404   ,13.7103627790443   ,14.1294381441108   ,41061              ,sep                ,2010               
31.6772754042861   ,1.11530589056976   ,219.109104665165   ,-0.615064023058259 ,3.27790952312311   ,38.8812437514833   ,39.3485751342301   ,93.7580638214263   ,282.566258861821   ,296.730431325314   ,192.766451173142   ,0.00798856628414756,3.27644586038708   ,13.9760893172934   ,16.092802972569    ,41021              ,sep                ,2010               
30.907179558068    ,1.23598038604882   ,214.704488764276   ,0.329542426541302  ,3.26035169446677   ,36.9154594361898   ,40.487054246118    ,95.2465709946541   ,282.642841581527   ,296.778132885195   ,194.072916671872   ,0.00822611051374687,3.46852228611882   ,14.3815815114138   ,16.5334829308136   ,41055              ,sep                ,2010               
26.7883239769806   ,1.1784668822144    ,208.953430149122   ,0.588196275531435  ,3.01375838918749   ,33.3546650424333   ,42.372306124888    ,96.9815664286936   ,281.032892514387   ,295.547407607617   ,195.479235286757   ,0.00805493637931366,2.97231318541247   ,15.4054745756385   ,17.3089332888084   ,41065              ,sep                ,2010               
17.2979520909986   ,2.07990140102088   ,192.473418364303   ,0.855267805594203  ,1.75990576014843   ,25.5225109245132   ,42.7279076629204   ,88.0758743622292   ,276.966035783813   ,288.491406250652   ,114.189030339641   ,0.00533904923788681,3.36438908436071   ,18.0023815859029   ,17.0863323308952   ,41059              ,oct                ,2010               
21.5831141687531   ,2.1138368412006    ,212.513242965211   ,-0.282698414413865 ,1.93527692241248   ,35.7046438430304   ,36.85652408865     ,76.4969209835165   ,276.28476639534    ,287.081392402227   ,119.849056919837   ,0.0044746485977288 ,3.43505229779931   ,14.9462053360854   ,14.2891228286402   ,41063              ,oct                ,2010               
20.8490721284286   ,1.09555049095865   ,187.220338536485   ,-0.313504842869014 ,1.78409656006991   ,27.61215066338     ,43.3905797316363   ,89.7811021521333   ,277.3732779293     ,288.986246231097   ,117.898267669626   ,0.00549115741197124,3.37866742079211   ,17.3742731861761   ,16.9902594010988   ,41049              ,oct                ,2010               
19.9892945138072   ,2.16436673121451   ,208.414951617909   ,-0.177318081906671 ,1.85754825629499   ,30.6390583010795   ,40.2315120011865   ,81.4103224362001   ,275.653991902183   ,286.545589718957   ,119.110430963046   ,0.00471989736776007,3.74784310628389   ,16.4152174749112   ,15.5460820878658   ,41061              ,oct                ,2010               
20.6607907315012   ,1.05543341273856   ,190.348237836028   ,0.299669915858698  ,1.77472707455336   ,26.5141623973854   ,44.2070147278412   ,92.0937066357804   ,277.797006625582   ,289.73970893579    ,120.665932834198   ,0.00574494126146005,3.32472379204538   ,17.6299362525707   ,17.5327716587344   ,41021              ,oct                ,2010               
20.7698195419139   ,1.00385026615866   ,192.204683375435   ,1.09643687676007   ,1.79473801356085   ,25.6593730562516   ,45.0625606895595   ,93.1154680646066   ,277.767074075471   ,289.827624773084   ,124.126637665692   ,0.00584727908700119,3.54874095700188   ,17.8387428524584   ,17.8332961027048   ,41055              ,oct                ,2010               
18.6202372630491   ,1.80788791845716   ,193.585057535192   ,1.07821947841296   ,1.71459869774977   ,23.3882768175648   ,46.6728283022837   ,93.5520673204395   ,276.712452783003   ,288.819310459143   ,126.431400626429   ,0.00569605522902719,3.5891496138816    ,18.6513719737274   ,18.4082186041187   ,41065              ,oct                ,2010               
9.09404967794026   ,2.64218840988632   ,204.446856538955   ,1.09214261417633   ,0.788231327377309  ,10.3045295389416   ,62.1422458232896   ,95.8807356063893   ,270.656013729609   ,279.158174382561   ,62.007405606853    ,0.0041016504044514 ,4.0068649429869    ,22.5131517845011   ,21.895639193558    ,41059              ,nov                ,2010               
13.3513721608338   ,2.17992027435655   ,220.300616297911   ,-0.241411263921237 ,0.890968150869099  ,18.5251530215305   ,55.5254069544497   ,90.7687536653105   ,269.117724655614   ,277.120768239837   ,64.4573815810375   ,0.00341765957184099,4.29119495431999   ,19.2198629352596   ,19.5426254642038   ,41063              ,nov                ,2010               
13.171375890136    ,1.36446722976971   ,204.871647723932   ,-0.0939503211729606,0.749704107797557  ,12.5175996568165   ,64.3539312683891   ,97.3621560011859   ,271.051135588774   ,279.511489741673   ,65.9381282974496   ,0.00431388723106797,4.05779001036656   ,21.4157443292894   ,21.7994638980579   ,41049              ,nov                ,2010               
11.1566528495202   ,2.95993396720025   ,210.534529877494   ,-0.206002891090518 ,0.876894645577166  ,13.7072127042868   ,58.1306865151331   ,92.7366460085896   ,269.003946264448   ,277.073965392564   ,64.6199359229759   ,0.0035296924438959 ,4.5835058012666    ,21.183936626293    ,20.7628732977973   ,41061              ,nov                ,2010               
11.9334559032687   ,1.22909333987291   ,206.319325993348   ,0.763236424229033  ,0.699605357802509  ,10.5674185208988   ,65.118911660205    ,98.4031323949348   ,271.669411088454   ,280.150917223395   ,67.3948242458121   ,0.00451295417427666,3.93213723044118   ,22.2351247755568   ,22.2084062939092   ,41021              ,nov                ,2010               
11.3300264028545   ,1.40613695403145   ,203.836782825016   ,1.26828731905095   ,0.687208577641967  ,9.52286252450419   ,64.7455026106063   ,98.7908011334217   ,271.79586106239    ,280.529633579663   ,67.026730210228    ,0.0046083372600284 ,4.19463914637445   ,22.7190240802356   ,22.3209084495931   ,41055              ,nov                ,2010               
8.20183982137756   ,2.26862139044033   ,213.829611146922   ,1.20295275964868   ,0.722236336778962  ,7.26805430953107   ,63.2804163042852   ,98.4404944866687   ,271.653867405889   ,279.900367604028   ,68.0504477839555   ,0.00441833911657644,4.29945341199058   ,24.1871043327527   ,22.6795152154373   ,41065              ,nov                ,2010               
7.2069059387277    ,3.30938814314062   ,183.694674055202   ,1.18989715330142   ,0.712859670752577  ,5.54245493346966   ,59.8004281352424   ,89.9940258813483   ,269.824046167369   ,276.846824051476   ,54.3653435746039   ,0.00326390052768073,4.03439242967772   ,26.141094864599    ,21.4952184651335   ,41059              ,dec                ,2010               
9.68650365034183   ,3.52685226863237   ,205.369613462492   ,-0.284839510241788 ,0.800128430951743  ,10.9694163679236   ,54.9721303671946   ,84.1529758448923   ,268.204798807353   ,275.191217505182   ,56.8593106791134   ,0.00281244788032854,4.63034972853455   ,23.6300355095408   ,19.5782018657609   ,41063              ,dec                ,2010               
9.81737340730314   ,2.03624223470501   ,174.294392213865   ,-0.0514182368322661,0.566646536681834  ,7.27605041534724   ,63.6421212159734   ,93.8701176367089   ,269.978157336383   ,276.800417735315   ,53.6690749546204   ,0.003501988670641  ,3.79862200327049   ,24.7315608394084   ,22.0359834135099   ,41049              ,dec                ,2010               
8.70648044939394   ,4.32161712897039   ,193.540523773093   ,-0.212499444639701 ,0.788124581292701  ,6.54010109452259   ,58.4770062096521   ,85.395151182575    ,268.304157438553   ,274.892167423704   ,58.4929201951831   ,0.00290426532801388,5.09873899336705   ,25.739195401698    ,20.7088019152041   ,41061              ,dec                ,2010               
8.19727058082708   ,1.89478510037498   ,170.468517019846   ,0.820713786650657  ,0.493245593945195  ,5.44089505636947   ,66.9226329184228   ,95.2102219105358   ,270.396943201304   ,276.778163683961   ,52.240407596054    ,0.0036319472757774 ,3.67014772783794   ,25.2510916578725   ,22.5936036618078   ,41021              ,dec                ,2010               
5.17496562798818   ,2.13771920083166   ,167.083183233547   ,1.2840218956457    ,0.45876403509641   ,2.83632955326488   ,69.0512552882263   ,96.8096429717006   ,270.210627258777   ,276.625324316192   ,50.1013679127015   ,0.00369827608085695,3.99957236475647   ,26.1239579494469   ,23.5905854526319   ,41055              ,dec                ,2010               
3.53879248836102   ,3.60683204790321   ,179.103311467856   ,1.20134341471562   ,0.524289411146747  ,2.13348481252827   ,67.0676495735091   ,95.9789651940382   ,269.788873555406   ,276.260108120199   ,51.0511044995768   ,0.00356009912190643,4.44861897769693   ,27.8301848174438   ,23.756224576836    ,41065              ,dec                ,2010               
