bi,pr,th,pdsi,pet,erc,rmin,rmax,tmmn,tmmx,srad,sph,vs,fm1000,fm100,countyfips,month,year
9.40022141291109   ,2.10392078658041   ,201.698295532142   ,1.85784023295354   ,0.709329338781687  ,7.97555417851926   ,63.2987160005266   ,90.054742910291    ,269.559500723816   ,277.441250454537   ,55.0507508142207   ,0.00353396967650486,3.88863567713966   ,24.7277626378036   ,20.7220798801902   ,41059              ,jan                ,2011               
12.658798401253    ,2.25054616593857   ,214.068531655953   ,0.236900649380562  ,0.665774612594879  ,12.3882026025561   ,60.5142754608101   ,89.2262695005078   ,266.286424021137   ,274.741982898673   ,59.9444057546672   ,0.00291896178947714,4.08246008398676   ,22.5642906744432   ,19.8601522263624   ,41063              ,jan                ,2011               
13.9103777744272   ,1.00248145278159   ,201.181268641442   ,0.593303329845643  ,0.800749178598007  ,11.6766760304199   ,61.2976338246891   ,90.5649274126377   ,270.645322756195   ,278.818408542782   ,56.4072966732662   ,0.00380109282635412,4.22320239498816   ,22.9815774822412   ,20.0063133058949   ,41049              ,jan                ,2011               
9.05067900132962   ,3.03697350269431   ,184.932177747744   ,0.522576241720652  ,0.617027734608135  ,7.25801471149384   ,64.9077732388501   ,90.3768324193799   ,266.201283747264   ,274.390016647697   ,63.3350334279141   ,0.00303963626655077,4.1997107185913    ,24.8058357223578   ,21.0619296779579   ,41061              ,jan                ,2011               
13.7302305981444   ,0.745415880168294  ,205.818038428998   ,1.1476764651904    ,0.755301253949424  ,11.3971452432903   ,62.5017651812838   ,90.7738238248998   ,271.338342048379   ,279.074979954793   ,59.7403409863879   ,0.00390949673438439,4.11455913198796   ,23.0696310488665   ,20.0125745497014   ,41021              ,jan                ,2011               
13.3057091376553   ,0.783714762906505  ,212.098997692863   ,1.3975010297568    ,0.742862946739839  ,9.2339962620539    ,63.5051557709644   ,92.1984325517598   ,271.263808916254   ,278.895294555019   ,61.7199493709363   ,0.00393233370097861,4.55969612719518   ,24.0814261230472   ,20.6097959480833   ,41055              ,jan                ,2011               
10.9726593438347   ,1.63373290182476   ,-1027.21856004362  ,1.3565018522369    ,0.761719151634418  ,7.84158273459967   ,61.5749259250703   ,91.3595496813815   ,270.875016074565   ,278.707366953686   ,65.1640931775636   ,0.00379756593991877,4.15053967248946   ,25.4010074482671   ,20.7007852816494   ,41065              ,jan                ,2011               
11.6535315091952   ,2.0939921907166    ,226.785302200516   ,1.88716417841989   ,1.14448557580868   ,13.4896540766564   ,52.0311276298034   ,86.0071119756888   ,269.243651621051   ,278.28052781862    ,87.4437482911907   ,0.00305171036306864,4.48769406205997   ,22.5050772806328   ,18.8424069013591   ,41059              ,feb                ,2011               
12.0949414085288   ,2.45892354643765   ,238.961320736549   ,0.599400614086866  ,1.03882124123641   ,14.6475304130886   ,51.3747325320463   ,85.3435662621623   ,266.190512943935   ,275.099544932911   ,95.031175445248    ,0.00257273523253083,4.68414333437781   ,21.6218029374367   ,18.7550070594241   ,41063              ,feb                ,2011               
17.06250660993     ,1.06894886641871   ,226.556869230078   ,0.457130817599744  ,1.23800247749098   ,17.9527993883929   ,50.3291099134808   ,86.2165862616979   ,270.084778851329   ,279.390579785709   ,90.0835198093548   ,0.00320998933624047,4.84866578436736   ,20.8223981035228   ,17.9646693762774   ,41049              ,feb                ,2011               
8.29391354816511   ,2.57123395695119   ,220.591898985767   ,1.01149347325588   ,0.976604125180283  ,10.1240128515551   ,54.4032224113559   ,87.2376879071432   ,266.157954289001   ,274.975146882664   ,98.1730751412676   ,0.00267699515871824,4.73469279318049   ,23.4773491415397   ,19.6980908945124   ,41061              ,feb                ,2011               
16.6449676080391   ,1.21923634490437   ,227.649867759255   ,0.792316131010165  ,1.24879826855189   ,18.5535569516383   ,50.2776028552843   ,84.7539009640208   ,270.931585219713   ,279.837008522346   ,93.1475928557786   ,0.00326338449278953,4.72125683552365   ,20.5291086681587   ,17.6486622046361   ,41021              ,feb                ,2011               
18.3416159764468   ,0.945101338073688  ,226.981522508333   ,0.738856905007455  ,1.2827544228867    ,19.2904176007934   ,50.5194771065748   ,84.0139125076651   ,271.25280350611    ,279.781551797687   ,94.8964022626056   ,0.00327856581992539,5.06532093419467   ,20.3698470817572   ,17.2668085897975   ,41055              ,feb                ,2011               
15.1627394671921   ,1.68961631589703   ,223.336672753999   ,0.802708861797979  ,1.18027812182219   ,16.4970642562118   ,51.4593841279303   ,84.744977144571    ,270.350204404259   ,278.664647060754   ,95.7736291469354   ,0.00315007253717677,4.93857684239244   ,21.4355667726699   ,17.8622007132212   ,41065              ,feb                ,2011               
8.80530171919215   ,3.01958816062616   ,189.88586500266    ,1.83228264973966   ,1.90677974911721   ,12.3713526221101   ,46.9779916865987   ,92.0073882536714   ,271.731055742348   ,283.090922030698   ,147.521560476825   ,0.00391244093204684,4.53428769399406   ,22.9124138387343   ,19.00989531559     ,41059              ,mar                ,2011               
6.54023472216176   ,3.89831950581237   ,198.691533976098   ,1.21674268678404   ,1.7509044329015    ,11.3583825614984   ,45.8031582466614   ,90.6138493365583   ,268.98747850965    ,279.670117861634   ,154.587405585124   ,0.00327825461929849,4.74541355957908   ,23.1769518229968   ,18.9811530314905   ,41063              ,mar                ,2011               
12.5235075416687   ,1.48392457767415   ,203.999066422908   ,0.236464859166851  ,1.98593651801172   ,18.0611844062308   ,45.4376404437236   ,92.8717761568837   ,272.371315758809   ,284.117427644889   ,148.425968351205   ,0.00409881094731488,4.47642206463675   ,20.0801345770916   ,17.8671415611168   ,41049              ,mar                ,2011               
3.84413145729765   ,4.57700779435029   ,176.543022999218   ,1.39514128823952   ,1.66151788054425   ,7.08304691402707   ,49.1360101489421   ,93.2083492301841   ,268.585818883728   ,279.477363659955   ,155.631880524338   ,0.00340418886876958,4.86814480670559   ,24.7320222261369   ,20.2136606344803   ,41061              ,mar                ,2011               
11.3115449702515   ,1.27909279365244   ,203.754358020585   ,0.850947994883074  ,1.97814979324782   ,17.1748766792751   ,46.7854131412014   ,93.5406715511089   ,273.219491728291   ,284.671058686807   ,150.274196703438   ,0.00431372206780138,4.37166162527269   ,20.2261605875171   ,18.0636529317504   ,41021              ,mar                ,2011               
13.7131755312891   ,1.2381897935492    ,204.610974980174   ,0.569365993983019  ,1.95031617612484   ,16.8215730187129   ,48.1761566089068   ,94.1238580850178   ,273.546476282459   ,284.506848119201   ,151.459225555834   ,0.0044007948783789 ,4.5447761962783    ,20.5343862636835   ,18.3875026348469   ,41055              ,mar                ,2011               
8.92022568432494   ,2.29956967427034   ,-1020.66958852972  ,0.793699856116831  ,1.81838121860536   ,12.2181067942231   ,49.3011651460421   ,93.6800231589385   ,272.414024211328   ,283.09054514831    ,142.514794478247   ,0.0041667351630015 ,4.64231181882881   ,22.649608521634    ,19.3824629046808   ,41065              ,mar                ,2011               
12.9391004837441   ,2.33895011383718   ,249.106020577538   ,2.43311804227909   ,2.44929342947193   ,14.5896967105985   ,46.2290449998237   ,89.1654067626852   ,271.727946371116   ,283.566433929713   ,203.382359278597   ,0.00386741722014704,4.68608636951473   ,22.9013700196811   ,17.597051043121    ,41059              ,apr                ,2011               
12.4049152964409   ,2.32392946217379   ,255.73300988035    ,2.21539785048657   ,2.22026126328986   ,15.1413311557184   ,43.4939505594316   ,87.999469148418    ,269.070397367677   ,280.811912066231   ,191.72793307649    ,0.00327038853444183,4.51839512005483   ,22.5273405610265   ,17.2342435855688   ,41063              ,apr                ,2011               
19.2203460041765   ,1.18544072242548   ,228.031840031809   ,0.518947280097402  ,2.57454083600906   ,21.3942562036492   ,43.9439023439797   ,90.4574759718011   ,272.063364944325   ,284.184547707922   ,213.772242029466   ,0.00393587499003643,4.95533383684217   ,19.7793377361997   ,16.5788090122932   ,41049              ,apr                ,2011               
8.8917354349884    ,3.1451593298913    ,252.179840880971   ,2.62093563707768   ,2.19581954200817   ,10.391642292278    ,46.3063615898635   ,88.7202686876525   ,269.111620749642   ,280.597182436343   ,201.031987197939   ,0.00337213939547332,4.59269239354526   ,24.4401533842675   ,18.205696198224    ,41061              ,apr                ,2011               
19.7732142704866   ,0.960225332754894  ,230.907857111159   ,1.28399762107565   ,2.62284164261788   ,21.918708326205    ,44.4712945913294   ,91.578231910318    ,272.781997380026   ,284.794728621586   ,217.427055080939   ,0.00410521046838133,4.97224574290687   ,19.4338657299973   ,16.543820833953    ,41021              ,apr                ,2011               
22.678643674646    ,0.997492060497163  ,226.154796354208   ,0.984395775689832  ,2.64027661359333   ,22.5681296507518   ,44.9423173510308   ,91.4782722540069   ,273.041057043838   ,284.779406190987   ,218.909937018679   ,0.0041337049501988 ,5.15564429906377   ,19.4106958060237   ,16.5470040492379   ,41055              ,apr                ,2011               
16.789727931696    ,1.83807580162859   ,231.342505542011   ,1.48946218738382   ,2.44747380996362   ,17.8127045229091   ,45.9770725768207   ,92.3483693624525   ,271.7106233539     ,283.621718606304   ,209.763227521753   ,0.00394906126324192,4.73303048486106   ,21.5228065455154   ,17.4065753551074   ,41065              ,apr                ,2011               
12.2397131136507   ,3.72637190460625   ,232.399994928596   ,2.9440459291205    ,3.63566128151001   ,18.5706850203124   ,43.6051198775583   ,88.7767893078744   ,276.132396291347   ,289.17346939188    ,259.319314574869   ,0.00515759083493323,3.85644801806828   ,20.9466049230091   ,16.4406919691252   ,41059              ,may                ,2011               
8.73451228435438   ,3.83727852281173   ,233.34624668666    ,2.6215576506578    ,3.46946463191883   ,19.7081045755852   ,39.9619407703289   ,84.3552504698041   ,274.17304206072    ,286.93127526598    ,252.916903528058   ,0.00448122540435766,3.74887944898446   ,20.1369752707504   ,15.5982951524159   ,41063              ,may                ,2011               
16.1124898972211   ,3.0486697603734    ,238.871656553465   ,1.04018444188076   ,3.72833132713635   ,23.6938789321238   ,41.282312106007    ,91.2173351554568   ,276.138003829443   ,289.5789580987     ,264.648344078251   ,0.00516845008583758,4.13683954833066   ,18.814224683117    ,15.8562220677072   ,41049              ,may                ,2011               
9.78862774692081   ,4.10733291772682   ,238.831340291195   ,3.23474297288023   ,3.38841302375402   ,16.9113428273804   ,44.0695723087367   ,86.9669924965041   ,273.957916741046   ,286.396506634237   ,260.774800798666   ,0.00467959519672088,3.99731764198062   ,21.3994328064731   ,16.2882103477897   ,41061              ,may                ,2011               
17.3396966052235   ,2.04106583539776   ,246.179026845577   ,1.59707688509407   ,3.87748846587896   ,25.3915116260029   ,40.4689513625165   ,92.0874858018605   ,276.776606898154   ,290.340858237151   ,269.781783320661   ,0.0052986752862471 ,4.3488254216967    ,18.0917593860729   ,15.4967717040799   ,41021              ,may                ,2011               
19.1789753402411   ,1.67245598544773   ,241.696738752053   ,1.33439330436068   ,3.96550246399093   ,26.0069801909499   ,40.2682371985078   ,91.1949225582057   ,277.089939937077   ,290.24863588268    ,274.938553240002   ,0.00524309604002489,4.57838968035635   ,18.0109857947078   ,15.2786742888449   ,41055              ,may                ,2011               
15.9198381764      ,1.75649091146667   ,253.910180453636   ,1.9872293010768    ,3.60071081521413   ,23.3600650330642   ,42.1873626810096   ,91.4430393944988   ,275.576156014992   ,288.70223098343    ,264.100682633866   ,0.00499571380713867,3.95623582923795   ,18.9932516229826   ,15.6221803221203   ,41065              ,may                ,2011               
23.3545497252188   ,0.843231225949064  ,234.183291689555   ,3.71481547787555   ,4.79318031114063   ,27.5194447630486   ,38.4351356231614   ,87.9057254694419   ,279.601720805726   ,294.845877742136   ,301.847350856958   ,0.00654323853159922,3.89318842862879   ,19.1460407008135   ,13.9085216683794   ,41059              ,jun                ,2011               
20.2270623867884   ,1.33257398330715   ,240.45835934619    ,3.26900524790193   ,4.42619522338981   ,27.9555068925961   ,36.428450290362    ,80.9159733190959   ,277.61305794438    ,292.363426922529   ,286.720680663191   ,0.00564691867583837,3.33318909787354   ,18.9656031818657   ,13.2108741744971   ,41063              ,jun                ,2011               
29.6428192141168   ,0.543719877548643  ,235.653424881141   ,2.24455559355114   ,5.09077422737451   ,31.9405308860343   ,35.765416375588    ,90.6187838264785   ,280.133360619404   ,295.744897873697   ,313.22770545853    ,0.00664898999863065,4.40309463269215   ,17.7375874249723   ,13.6807790055533   ,41049              ,jun                ,2011               
18.5627749658121   ,1.40130003117063   ,244.006667235575   ,3.89780863891413   ,4.39909915625804   ,24.8751655285054   ,38.7643216283037   ,85.0721765590401   ,277.10328175737    ,292.108540943287   ,297.729112798118   ,0.00590403705296862,3.54602471415889   ,19.6721785081856   ,14.1476171280425   ,41061              ,jun                ,2011               
34.3876864059855   ,0.321385853245446  ,240.122309845708   ,2.22762652171736   ,5.37227567375223   ,35.3759479379122   ,34.4613588469031   ,90.7538148662562   ,281.037559452553   ,296.749056273204   ,321.25186559117    ,0.00681052299345067,4.62140300697849   ,16.698766579563    ,13.2570157237803   ,41021              ,jun                ,2011               
38.7290801321554   ,0.156379284269447  ,237.002003893192   ,1.80877605434979   ,5.50954617889304   ,38.7648578099108   ,34.0368002720511   ,89.244269253543    ,281.549101804618   ,296.706377849616   ,325.925070153249   ,0.00676884751991127,4.87879948245387   ,15.719503619471    ,12.6415268440693   ,41055              ,jun                ,2011               
31.0060638507022   ,0.299270356712008  ,249.002224518628   ,2.46386203295229   ,5.08191455013546   ,35.5349620639213   ,36.0013512072308   ,89.0426925256073   ,279.929724348731   ,295.460128244728   ,321.562165253942   ,0.00662605229465952,4.02867974578269   ,16.3772468111917   ,13.0751347000504   ,41065              ,jun                ,2011               
36.3293913893403   ,0.193914160050437  ,238.163846505908   ,3.89470005117636   ,5.48766093021324   ,46.7597575155086   ,31.1833470812518   ,82.1317218602455   ,282.472620521746   ,299.620977231005   ,312.661872747234   ,0.00710871367778419,3.00195297659322   ,13.6721786719768   ,11.2549399087837   ,41059              ,jul                ,2011               
33.294457590018    ,0.523831629299101  ,237.243849532964   ,3.27426629188733   ,5.47648940067137   ,49.6661669073163   ,26.6050067309894   ,71.4706287927238   ,280.902547810918   ,298.524967497368   ,317.859639658499   ,0.00605756781884002,2.62039537035717   ,13.0383211243322   ,9.92736411393159   ,41063              ,jul                ,2011               
39.6405845154703   ,0.152784907001482  ,232.757870800893   ,2.23115949673386   ,5.6815334257192    ,48.1853535168478   ,29.882209656549    ,85.2907745860312   ,282.716093716962   ,300.179665021569   ,314.421145159698   ,0.007197693987108  ,3.34059841229976   ,13.1892521052803   ,11.4621679723273   ,41049              ,jul                ,2011               
32.9545640076455   ,0.330100141629712  ,247.295299685291   ,4.2509313623601    ,5.26121741684724   ,44.0521380873042   ,30.9889628400085   ,80.8802935900701   ,280.17544044607    ,297.665454667918   ,315.693113708496   ,0.00674200250019072,2.82523707174201   ,14.3727136347978   ,11.378415822565    ,41061              ,jul                ,2011               
39.7471103883216   ,0.205002283132391  ,240.884015245366   ,2.10363167841934   ,5.89832230391355   ,47.91605999836     ,29.3001239113648   ,87.0398252361154   ,283.531817974983   ,300.934624271779   ,314.410348768014   ,0.00741097061676606,3.64727603043994   ,13.0145271590951   ,11.6388326623283   ,41021              ,jul                ,2011               
39.1057982082255   ,0.40519271043815   ,235.602623656524   ,1.7055773408557    ,5.9443037602794    ,46.9213818958673   ,29.9275644023876   ,87.4022330917563   ,284.033792014663   ,300.665835982335   ,314.605632339417   ,0.00750911358272711,3.86681550102534   ,13.0671464536487   ,11.8933705417778   ,41055              ,jul                ,2011               
33.3118119572901   ,0.48845844201817   ,262.52998074733    ,2.6024066086297    ,5.38384343309594   ,43.457748373717    ,33.683487475873    ,88.3465157179055   ,282.459442867248   ,299.111588878303   ,312.538327648582   ,0.00761149684917883,3.05299671647853   ,13.8487134601525   ,12.5511411373504   ,41065              ,jul                ,2011               
45.2724884730378   ,0.0641106816115229 ,254.356333338382   ,3.67623515013054   ,5.41769997952866   ,60.1531771132386   ,22.195925177226    ,74.3672096082935   ,283.153654367846   ,301.400414681796   ,282.09541035819    ,0.00633108807638462,3.0301791222476    ,10.7435707619139   ,9.28614511935025   ,41059              ,aug                ,2011               
48.7951018961939   ,0.0361805095936819 ,252.795318727431   ,2.93475651818312   ,5.19354605613566   ,68.7774520066638   ,18.6078611158125   ,61.9679436757875   ,282.073699123349   ,300.290645970251   ,283.859256753851   ,0.00526618759398143,2.53288131013106   ,9.49169576611767   ,7.60736814244133   ,41063              ,aug                ,2011               
48.1940600013958   ,0.0288204632325451 ,241.964702942508   ,1.90884072777618   ,5.68400251347961   ,58.9190313939689   ,22.7781914730085   ,77.4248346347419   ,283.735467004607   ,301.933145589753   ,285.715948650229   ,0.00670329183467085,3.48811668948313   ,11.0017796937043   ,9.74698407962865   ,41049              ,aug                ,2011               
44.8340265265692   ,0.0606829941603205 ,268.955729643086   ,4.15533946257069   ,5.13845873548423   ,60.4497224820652   ,21.444799132368    ,72.8567980879856   ,281.140956275542   ,299.469715940292   ,284.38800639734    ,0.00590396084242631,2.79892584551667   ,10.8866028559725   ,9.15402015595263   ,41061              ,aug                ,2011               
48.1394657842231   ,0.0449532046888414 ,244.080565679815   ,1.82027107456877   ,5.91550397308257   ,56.3688881939615   ,23.2962304355572   ,81.0351851825048   ,284.386735512893   ,302.811580706906   ,286.8305926622     ,0.00712510398400889,3.82378567314388   ,11.4041023518002   ,10.3455813635252   ,41021              ,aug                ,2011               
46.618994249935    ,0.0520037644334739 ,242.611245525038   ,1.68753669159687   ,5.91482120973842   ,52.6812253986928   ,25.0112129320988   ,84.7316876206167   ,284.472221375951   ,302.651227978755   ,287.430149282021   ,0.00753460270294685,4.07966289236239   ,12.0683737282392   ,11.1424194674878   ,41055              ,aug                ,2011               
39.5721729928833   ,0.042931209155136  ,252.780258493662   ,2.57405567588321   ,5.26415241896743   ,48.8916079546063   ,28.8171780482119   ,86.767041191229    ,282.928027342832   ,300.93829607761    ,288.800454052868   ,0.00769425679832073,3.20616246152708   ,12.8226774361844   ,11.9217518368595   ,41065              ,aug                ,2011               
48.5262920739635   ,0.0727557717140961 ,211.431047794519   ,2.94581108971213   ,4.24312318802275   ,65.556751415219    ,18.4031686928362   ,64.8757421428268   ,282.367684668737   ,300.406999437277   ,200.88691675763    ,0.00504856596045015,3.09055690979194   ,9.33770133343753   ,9.31231953524069   ,41059              ,sep                ,2011               
52.2704158718491   ,0.117625806310392  ,208.865961627916   ,1.93362682823326   ,4.25447467830214   ,72.6650641211263   ,16.1643736872084   ,57.5481575237843   ,281.151016891586   ,298.855892463275   ,208.502120726259   ,0.00431467423004251,3.00251483621992   ,8.09773802790608   ,8.09802142424739   ,41063              ,sep                ,2011               
49.835578260039    ,0.0345974551054631 ,207.782331771584   ,1.00194934846583   ,4.33531310586405   ,63.7239753761425   ,19.9520388109522   ,68.0340456904333   ,282.745684857061   ,300.608190927289   ,203.045025793212   ,0.00537821195192146,3.29652177756473   ,9.67334350744883   ,9.76513582388976   ,41049              ,sep                ,2011               
49.950419846366    ,0.106297066812039  ,185.912342418781   ,3.36276974422941   ,4.22596454955423   ,67.2433915181415   ,16.950098983123    ,62.5801802424835   ,280.489363717287   ,298.567694769965   ,208.202041685002   ,0.00462985169209555,3.0965944354279    ,9.13799939759965   ,8.92124281624217   ,41061              ,sep                ,2011               
49.2107134846211   ,0.0213249637785713 ,202.319772618233   ,1.10721959157984   ,4.45767529727949   ,61.7403211038204   ,20.341384157195    ,70.601761444971    ,283.333782096778   ,301.449593410941   ,204.586410829244   ,0.00568530057349774,3.41929033635717   ,10.0444561742643   ,10.0569157899386   ,41021              ,sep                ,2011               
49.8131861026756   ,0.00717428148611581,197.718901154219   ,1.14946844680035   ,4.58011721024039   ,59.4243501852827   ,21.3627187377528   ,72.8851002427337   ,283.46264743619    ,301.370859395226   ,208.464900603861   ,0.00593861730546431,3.69616064583814   ,10.5592826037379   ,10.4364347587087   ,41055              ,sep                ,2011               
43.3818836484848   ,0.0609245160130007 ,205.962559087793   ,1.97226112083515   ,4.19943428615683   ,55.3716241114808   ,23.9296913103809   ,75.3935587957837   ,282.274294734501   ,299.900107291695   ,211.823874179096   ,0.00609788770885833,3.24169773123203   ,11.2866185350574   ,11.1000684160916   ,41065              ,sep                ,2011               
19.7212433536143   ,1.41490991110133   ,238.571020243693   ,2.56789174510647   ,1.53892705944792   ,26.7195713194587   ,47.6005085478275   ,94.7725286428757   ,274.972027422296   ,287.398323623015   ,111.872524113768   ,0.00548019695289304,3.4854628044051    ,16.4583010663336   ,18.5317436486476   ,41059              ,oct                ,2011               
21.5812621747509   ,1.95362819852425   ,239.314160073984   ,1.6330482177914    ,1.70601309671958   ,31.5185484007629   ,41.4069914451012   ,87.7605426223827   ,273.477188395185   ,285.696660746362   ,119.151027945237   ,0.00455258554852156,3.5846785262022    ,15.3031571088352   ,16.8296463578005   ,41063              ,oct                ,2011               
23.1782998455636   ,0.843879242713996  ,225.892989178119   ,0.633489021389161  ,1.58573964918043   ,28.1473467898035   ,47.7389129175767   ,95.9644702770605   ,275.407114174213   ,288.141850786381   ,116.310139154667   ,0.00571408593221869,3.66639317438985   ,16.0693742267748   ,18.4372391788928   ,41049              ,oct                ,2011               
18.8752122281225   ,1.94357151154548   ,242.509982968858   ,3.0069336936307    ,1.54410448892095   ,27.5306407132789   ,45.9903039253551   ,90.9846865711341   ,273.185852998759   ,285.074735934836   ,118.51357421085    ,0.00485471157601518,3.58029172682088   ,16.2961864259128   ,17.9343154940649   ,41061              ,oct                ,2011               
21.5319234867693   ,0.738342788726074  ,226.16664139363    ,0.776346166768973  ,1.56516515264438   ,26.5471998678579   ,48.7879031954773   ,97.6364874926127   ,275.845494755339   ,288.858919829169   ,117.635081580194   ,0.00605538628764738,3.70635779437322   ,16.3597764679533   ,18.8629158060962   ,41021              ,oct                ,2011               
21.0872464397677   ,0.73578168011986   ,223.628046441991   ,0.909164633704051  ,1.52339088418949   ,25.0112266034995   ,50.6252147767751   ,98.1462482746716   ,276.051523182352   ,288.733524759318   ,116.662300136129   ,0.00623992452161818,3.96020674346821   ,16.7671257966061   ,19.1682692975554   ,41055              ,oct                ,2011               
17.1456463689221   ,1.14199878055267   ,214.103322349874   ,1.6588543970793    ,1.43360857762796   ,22.4704157419201   ,51.7094966431777   ,97.3466024829782   ,275.34117564643    ,287.750747415623   ,119.489809798965   ,0.00606302583916102,3.45288795208571   ,17.682749146366    ,19.486611863941    ,41065              ,oct                ,2011               
17.0089150882978   ,1.35607652974374   ,208.543761937981   ,1.77769980632246   ,1.09257774694553   ,20.5063692813139   ,49.5930783711785   ,86.2255707730258   ,271.271831674134   ,280.233759252283   ,73.5333830399755   ,0.00345088663795849,4.85626367666403   ,19.220389375413    ,18.3483271732499   ,41059              ,nov                ,2011               
16.4871123034359   ,1.63149526975468   ,211.658828831831   ,1.12363571915906   ,0.957287860624731  ,20.6675820661825   ,51.3962139522001   ,85.4372767998622   ,268.305766235921   ,276.922207080512   ,74.7213471661637   ,0.00297991136947632,5.19335184836791   ,18.8095190336098   ,18.4915821812647   ,41063              ,nov                ,2011               
22.6719508465672   ,0.564423536812321  ,211.400297412573   ,-0.226338342443291 ,1.12948869749397   ,24.7626812298      ,47.0879656023588   ,87.2976930681532   ,272.092281967349   ,281.472403691743   ,76.2549976505326   ,0.00361866955395486,4.74815728003338   ,17.9231666631516   ,17.5375935216641   ,41049              ,nov                ,2011               
13.0838659692301   ,1.93615173232493   ,191.539214051172   ,2.5255640176098    ,0.831727465587082  ,14.7919574063909   ,57.8555759185822   ,88.5462923954151   ,267.811955435796   ,275.939708851002   ,76.6408930710216   ,0.00309954824779324,5.41714805831144   ,20.682315007198    ,20.0861421650231   ,41061              ,nov                ,2011               
22.1973804051991   ,0.502731839359981  ,217.062217445799   ,-0.172983312907789 ,1.02372109686778   ,23.4862256588398   ,49.1953239427919   ,88.7006495888201   ,272.62038652309    ,281.734076805067   ,77.1132071573052   ,0.00379445835029939,4.50884180003973   ,18.272523948192    ,17.862718160504    ,41021              ,nov                ,2011               
20.899938926641    ,0.603125187475143  ,224.073664162173   ,-0.100897895430031 ,0.994306202993872  ,21.9545631626196   ,50.922785153863    ,89.7491319805093   ,272.781546314976   ,281.738266330295   ,76.4001064512465   ,0.0039047685026311 ,4.66934692207833   ,18.6379091658787   ,18.2532008214768   ,41055              ,nov                ,2011               
15.3267792414767   ,1.52108064117898   ,222.272262726779   ,0.802120529711478  ,0.965465360309092  ,17.5311141426707   ,52.7000805217532   ,90.1210173306765   ,272.054957779749   ,280.691309901477   ,76.7206713281497   ,0.00379833942423043,4.718675667418     ,20.2623937531229   ,19.3486683369424   ,41065              ,nov                ,2011               
18.7489204362561   ,1.19057494081515   ,192.907596129613   ,0.308366069829227  ,0.677443725895342  ,20.5199161871143   ,53.9502834875852   ,88.3838378716778   ,269.316359808377   ,277.710161011214   ,57.3485266887589   ,0.00309146232915853,3.44158715606065   ,19.763819236208    ,18.6198727842461   ,41059              ,dec                ,2011               
20.6801530734399   ,1.72233040317443   ,211.468882570067   ,-0.0520420205238816,0.614539135247035  ,20.1573059176596   ,55.0108072666021   ,88.7633099773825   ,266.353183374649   ,274.866120638547   ,59.865415917132    ,0.00268835008626322,3.85273829282789   ,19.8487763510439   ,18.9970230534638   ,41063              ,dec                ,2011               
22.3887127100277   ,0.457958347232074  ,201.604559003953   ,-1.42811568124288  ,0.735654586491485  ,24.3465655788571   ,50.8781146010803   ,87.8094164923224   ,269.910860022367   ,278.724103508861   ,59.7418858026335   ,0.00317946713375916,3.39617129861788   ,18.4606922959366   ,17.9715454646222   ,41049              ,dec                ,2011               
18.7131890111647   ,1.9814207226476    ,183.147786548756   ,1.64814266860485   ,0.582935653570503  ,17.0072697200369   ,58.5596860615609   ,89.7802043724845   ,266.356404400107   ,274.487293856899   ,62.741619530509    ,0.00274980264633449,4.04299503422078   ,21.0020002993831   ,19.6290289705379   ,41061              ,dec                ,2011               
20.862303717547    ,0.601012940741233  ,199.004693963241   ,-1.67264914291056  ,0.667984581071205  ,22.411678572653    ,53.0315215909644   ,89.2867226942173   ,270.428089711923   ,278.917377308369   ,60.9789915341279   ,0.00331846792070551,3.27017320832134   ,18.9516458870605   ,18.6263558089955   ,41021              ,dec                ,2011               
19.3802202510555   ,1.00528482068185   ,207.548430246126   ,-1.44023651982609  ,0.642516086021071  ,19.2202265684368   ,54.7307767464636   ,92.297083115903    ,270.231061727959   ,278.738902065582   ,61.7699222386232   ,0.00339613828532803,3.58253995557742   ,19.926113285377    ,19.7274316493995   ,41055              ,dec                ,2011               
18.7743963609718   ,2.04957981633779   ,191.191754800104   ,-0.607864388358065 ,0.704970188624144  ,19.5935598273022   ,51.9068392535004   ,88.3417657807713   ,269.89679961186    ,278.496672736274   ,65.6946559946761   ,0.00321117212329054,3.61041874723464   ,20.3448290518855   ,18.7265606022103   ,41065              ,dec                ,2011               
