bi,pr,th,pdsi,pet,erc,rmin,rmax,tmmn,tmmx,srad,sph,vs,fm1000,fm100,countyfips,month,year
3.8951551039605     ,3.18895709457825    ,193.97941500289     ,-1.24480307559435   ,0.546349494602818   ,2.21705497517813    ,65.4565865172965    ,97.3212727809711    ,267.808690580235    ,274.688482524543    ,59.223850018396     ,0.00304873949963996 ,3.73752490520044    ,27.6561052080557    ,23.4900300444204    ,41059               ,jan                 ,2004                
9.39586375436292    ,2.51666089468384    ,208.087475786891    ,-1.72937993091338   ,0.752116667747098   ,10.7292587570483    ,54.2985061195454    ,87.570369899878     ,266.766869817553    ,274.38262977058     ,63.7419588827748    ,0.00264020348274079 ,4.24720940925979    ,23.876964868984     ,19.5776083034289    ,41063               ,jan                 ,2004                
4.79275591715497    ,1.70969708308285    ,177.609639756683    ,-0.182360883327575  ,0.549804700911926   ,3.34319710510368    ,66.2410694052089    ,97.2272884209119    ,268.194625163839    ,274.880819264305    ,57.1793055871797    ,0.00309447039113303 ,3.74287348419926    ,26.2970668001566    ,23.0168811343566    ,41049               ,jan                 ,2004                
5.3837874617428     ,4.01220503445       ,194.357492650291    ,-1.93269801066246   ,0.646173467839894   ,3.60000948460855    ,60.1267873192061    ,93.9459210327829    ,266.32186044004     ,273.680566765995    ,64.5188230241071    ,0.00277704263724877 ,4.79313850188721    ,27.2711010981916    ,22.2630258754638    ,41061               ,jan                 ,2004                
4.90458216136368    ,1.39567063910637    ,168.054072409057    ,-0.0746713977819482 ,0.49751076365158    ,2.96105273162962    ,70.122240474576     ,97.675670829633     ,268.713743007416    ,274.674066404742    ,58.7072971196237    ,0.00317729848835244 ,3.62341503328822    ,26.2772090152265    ,23.297550004597     ,41021               ,jan                 ,2004                
4.82990499716803    ,1.39374313437243    ,164.094035236223    ,-0.028959626858404  ,0.451774857993807   ,2.29678285699122    ,72.0193934524268    ,98.8666966446749    ,268.541048820998    ,274.284439927428    ,59.0451013041181    ,0.00319070618556961 ,3.93818645374075    ,26.7398319965802    ,23.8212449239843    ,41055               ,jan                 ,2004                
3.72665425635987    ,2.37838256192549    ,182.987982000262    ,-1.04992699819938   ,0.581237669058239   ,2.13177423198743    ,66.1050416235189    ,97.2648668909478    ,269.002601348742    ,275.203508882632    ,60.1999142175868    ,0.00321858265001234 ,4.15979422637059    ,28.1020711612967    ,23.4278354952412    ,41065               ,jan                 ,2004                
5.92213705109784    ,1.83027100408697    ,177.732375526975    ,0.356226062208875   ,0.995466251915731   ,5.32236251030362    ,56.3578427848437    ,96.7404817348397    ,270.712731237781    ,279.680293150859    ,96.8655523041452    ,0.00371651697057107 ,3.38780993860402    ,26.5005288206414    ,21.2075427334717    ,41059               ,feb                 ,2004                
8.19740398074945    ,2.14061427141962    ,203.009557725815    ,-1.12658368976622   ,0.995922622738869   ,10.7167887959427    ,52.534477421692     ,92.8786830871136    ,267.971269901935    ,277.047044788326    ,103.736196994424    ,0.0030839496794324  ,3.45535148245159    ,23.5692368210493    ,19.7691787021024    ,41063               ,feb                 ,2004                
8.27995197431107    ,1.3203495347974     ,169.636630364693    ,1.39331306173851    ,1.00103120449805    ,8.00101090342273    ,56.3533146898516    ,97.9318389853347    ,271.268665222419    ,280.37947232454     ,100.459190886147    ,0.00389457529814691 ,3.21441373820281    ,24.7457054168677    ,21.0203297413724    ,41049               ,feb                 ,2004                
6.59394363175164    ,2.50545922936732    ,195.451943846438    ,-0.872763676000778  ,0.956985810502864   ,5.24954126352757    ,54.2986912707172    ,96.5608209192858    ,267.656463094237    ,276.895014408656    ,104.412979902204    ,0.00320040025944186 ,4.24891384713339    ,26.5671993962882    ,21.2983751611104    ,41061               ,feb                 ,2004                
8.89279969318353    ,1.30352951785142    ,165.661935221481    ,1.35373010323412    ,0.98707799335909    ,7.65751961128764    ,58.1341038813821    ,98.1325195097759    ,272.004335288981    ,280.554930812048    ,102.350410446865    ,0.00400857452779652 ,3.24954596662373    ,24.929594743524     ,21.2777244845921    ,41021               ,feb                 ,2004                
8.66542967327599    ,1.50637381062835    ,158.352218533294    ,0.900507476282457   ,0.956702381431583   ,6.15621767857026    ,61.0801847146368    ,98.4611326447107    ,272.122165861584    ,280.304221746816    ,103.870936333187    ,0.00407799599511232 ,3.52379763552121    ,25.6565251704943    ,21.85281502115      ,41055               ,feb                 ,2004                
6.32251239917792    ,1.9072236624985     ,167.467209818496    ,-0.158739306095614  ,1.00178376343219    ,5.04187713382707    ,58.4817917028587    ,97.4005523837887    ,271.52899346747     ,279.761092164061    ,105.43357390211     ,0.00388175331649747 ,3.56907869357885    ,26.6487205630336    ,21.6078783888599    ,41065               ,feb                 ,2004                
18.7056766627579    ,1.13153892039652    ,218.050893796445    ,0.445128387436435   ,2.48689017521726    ,22.2892572835627    ,39.7188480788127    ,85.1375368628026    ,273.694924871016    ,286.671842953609    ,161.350073686244    ,0.00399934796250501 ,4.19273666692414    ,20.7321800955899    ,15.2918116594069    ,41059               ,mar                 ,2004                
18.8910499088409    ,1.14375928141695    ,228.871972903589    ,-1.06621724874481   ,2.38858415881546    ,25.6104360309058    ,36.624767662251     ,81.0243780719973    ,271.332568920092    ,284.138688556233    ,169.775758463616    ,0.00337646272934575 ,4.07135110182241    ,19.3408312341469    ,14.5406849694096    ,41063               ,mar                 ,2004                
22.4187770813337    ,0.577238847807311   ,207.067517642308    ,1.45506052238571    ,2.60336277925209    ,25.1893408290269    ,37.6378383018785    ,86.7946868703849    ,274.350489335011    ,287.405333632534    ,161.430022550382    ,0.00411512719411758 ,4.47722124797209    ,19.5667043963592    ,15.0232037009671    ,41049               ,mar                 ,2004                
16.9119184553557    ,1.52190688077345    ,226.796090473534    ,-0.467168343698782  ,2.30412811391243    ,19.7644622431292    ,40.5918606372622    ,85.6474626424919    ,271.071323598044    ,283.977410804812    ,168.868587364157    ,0.00360344206870354 ,4.26502149366658    ,21.5490466098489    ,15.8624915919803    ,41061               ,mar                 ,2004                
22.8773432971375    ,0.403603886119275   ,208.822826544234    ,1.44858701432948    ,2.59087999956487    ,24.810963857344     ,37.9917177283116    ,89.3349087609134    ,275.083288470651    ,287.906623114812    ,164.457165248389    ,0.00435182972665863 ,4.46981998422489    ,19.5759224158595    ,15.4145098293495    ,41021               ,mar                 ,2004                
21.1792695543451    ,0.451069619039443   ,205.487771246277    ,1.05613618105882    ,2.57438136385063    ,22.5340397446544    ,39.5659834921664    ,90.8623529731766    ,275.409731718307    ,287.553825630284    ,170.43423241351     ,0.00448048643479178 ,4.7214550595422     ,20.2121735268596    ,15.9797548952698    ,41055               ,mar                 ,2004                
17.4348964838272    ,0.800493512167375   ,203.75597225419     ,-0.109163041526876  ,2.36543768314914    ,19.3408792444175    ,40.7658904371284    ,93.2926681501918    ,273.996339504966    ,286.498037638723    ,169.450013495521    ,0.00433590465223844 ,4.31433497138808    ,21.3522529231309    ,16.9934147148439    ,41065               ,mar                 ,2004                
17.0290747904676    ,1.63433683908886    ,212.329371015695    ,-0.262239790462712  ,3.34207263439565    ,27.389574703015     ,38.4645052219332    ,87.4164817797427    ,275.415300124213    ,289.742160468702    ,235.072166081612    ,0.00467206320673213 ,3.26403980707754    ,17.7188908658017    ,15.344719396048     ,41059               ,apr                 ,2004                
19.4092477434173    ,1.46008554662896    ,228.01265866911     ,-1.76670612506829   ,3.27774365574886    ,32.1764455220638    ,34.7116446061568    ,81.8608589194593    ,273.484696406473    ,287.423482562334    ,237.346895037831    ,0.00403104245916822 ,3.34955141873626    ,16.3225574309454    ,13.8147684415459    ,41063               ,apr                 ,2004                
18.8717290513205    ,1.24270955295668    ,201.352917759196    ,0.95595122741861    ,3.50332087773511    ,29.0829130932767    ,35.5633041188771    ,88.6493475577802    ,275.812759507264    ,290.468844456698    ,239.194024126276    ,0.004655258044646   ,3.37285402932092    ,17.2918599231081    ,15.2323348401521    ,41049               ,apr                 ,2004                
16.890001847817     ,1.71079269245248    ,236.593154656843    ,-1.32471783524801   ,3.24869227049773    ,27.0870591283924    ,37.7442359341123    ,86.0594696040212    ,273.022072109646    ,287.145951717675    ,244.55483401483     ,0.00417376712209894 ,3.55218879344041    ,17.7778100097327    ,15.036148552404     ,41061               ,apr                 ,2004                
20.3917577398143    ,0.880653780309225   ,206.042281179267    ,1.07030938749457    ,3.64682554664665    ,29.3534266857705    ,35.6171068924215    ,90.3084790954212    ,276.406920161478    ,291.335251126768    ,247.207851221777    ,0.0048709364756082  ,3.50743364717216    ,17.2307311968585    ,15.2502854116196    ,41021               ,apr                 ,2004                
22.1177424139367    ,0.773114159316656   ,202.638791035947    ,0.758385512733207   ,3.75087656793539    ,29.0133734928934    ,36.044239684434     ,91.2205361230564    ,276.425539673327    ,291.541478210211    ,255.172531267728    ,0.00496829354290925 ,3.74376324741696    ,17.4864948023597    ,15.2952925253565    ,41055               ,apr                 ,2004                
20.3814794551667    ,0.891163065225442   ,209.946532111027    ,-0.608409254794608  ,3.64069447374751    ,27.0741484888784    ,36.0229989559408    ,90.7616699565541    ,275.237810560818    ,290.659878455861    ,252.23902016427     ,0.00469793823769095 ,3.54627001616227    ,18.3607968712742    ,15.4435031661157    ,41065               ,apr                 ,2004                
13.9106988383976    ,3.53814572328523    ,244.927757005575    ,-0.0856796426916491 ,3.74938600683054    ,23.6285994083287    ,43.0698725981123    ,88.1609515901357    ,278.713335705068    ,290.633312436409    ,256.885746249122    ,0.00594722217600106 ,3.86666439362212    ,18.7986844056591    ,15.9720882751116    ,41059               ,may                 ,2004                
13.4525305481553    ,3.93835850526761    ,259.84247559715     ,-1.80119343137581   ,3.44076632986132    ,24.5186363786315    ,41.824438152694     ,86.2369089310524    ,276.269548276303    ,287.606792609148    ,251.261527337045    ,0.00516275131597578 ,3.49242354636332    ,18.322536969115     ,16.0636244534424    ,41063               ,may                 ,2004                
17.501880037672     ,2.06244439494157    ,227.207359816069    ,1.04328480280873    ,3.99058702332892    ,29.0493747557912    ,39.6092176011357    ,89.643246432934     ,279.133938499931    ,291.501726576694    ,262.281052651105    ,0.00594514086297522 ,4.37520914844032    ,16.9324771765216    ,14.8051530199868    ,41049               ,may                 ,2004                
12.3417234987189    ,4.1939182494658     ,268.776328538676    ,-1.33021202535587   ,3.35306346825706    ,21.1619219886511    ,44.8008172193593    ,89.7890407993707    ,275.964615095436    ,287.337711301718    ,259.292403968802    ,0.00543094124584353 ,3.71427194110334    ,19.4140692183716    ,16.8442146097697    ,41061               ,may                 ,2004                
20.7822489479892    ,1.33256440905837    ,235.435292565291    ,0.965204279257569   ,4.19658463050427    ,31.1583861708855    ,39.0275126973107    ,91.1668874162152    ,279.913662664466    ,292.687715549837    ,273.30431115237     ,0.00627542920986358 ,4.55247651267672    ,16.2382592111915    ,14.4829445379875    ,41021               ,may                 ,2004                
25.8102084233015    ,0.821486655540499   ,235.967267208792    ,0.571922625881596   ,4.28969273181979    ,33.3842704642878    ,39.6070860654223    ,91.5766575915299    ,280.154525575492    ,292.845881898366    ,283.272247267678    ,0.00639727951974939 ,4.76729867579104    ,15.735245908123     ,14.1183615726607    ,41055               ,may                 ,2004                
19.2577112116033    ,1.19195957272693    ,241.758077750587    ,-0.848338587283088  ,3.88894072978853    ,29.4274714682034    ,42.6163136666319    ,93.1605734869236    ,278.338526792244    ,291.030535018052    ,278.767310191495    ,0.00609483454553354 ,4.07063059611772    ,16.6420485508855    ,15.0101919366736    ,41065               ,may                 ,2004                
21.8217539995582    ,1.31286096374662    ,209.917897969976    ,1.35897844322807    ,5.27207168811073    ,30.6908549452984    ,35.1439651512415    ,77.3353494766269    ,282.506743066042    ,297.231503184742    ,302.823814454405    ,0.00677606842298653 ,3.25016291919791    ,18.8513662145101    ,12.3080356026327    ,41059               ,jun                 ,2004                
17.3900258331133    ,1.46148110800645    ,212.244154858974    ,-0.884336572642954  ,4.80174179810049    ,31.575665604997     ,33.3792271311189    ,73.2563378859789    ,280.448391826781    ,294.789327992259    ,287.137342282942    ,0.0061172321097413  ,2.82795366013036    ,17.761989092549     ,11.4750732505238    ,41063               ,jun                 ,2004                
25.9862147046544    ,0.894340031626098   ,204.253606044107    ,1.80608216768056    ,5.64371691957818    ,35.6903618016584    ,31.8201797298112    ,79.1272421344204    ,283.156744347484    ,298.204362903215    ,311.389909347481    ,0.00669246267904828 ,3.67546222293668    ,16.9775557255454    ,11.9082444669064    ,41049               ,jun                 ,2004                
17.8334432341308    ,1.19493200075357    ,224.186686809662    ,-0.168661853226684  ,4.85734580987765    ,28.4832805478556    ,35.7873516263295    ,77.764427986145     ,279.940290094069    ,294.461351610976    ,298.270435013948    ,0.00638259438949219 ,3.17747243138988    ,18.934749825717     ,12.320463212547     ,41061               ,jun                 ,2004                
28.4767195748878    ,0.779483640285975   ,214.814391053284    ,1.47471252229651    ,5.86009881173663    ,37.8520643998256    ,31.4330628638522    ,81.9779364530334    ,283.662754199703    ,298.961138301504    ,320.902165152208    ,0.00689095123394022 ,3.85902636233611    ,15.9983430569943    ,11.9750844833133    ,41021               ,jun                 ,2004                
33.8026105704441    ,0.860794925483009   ,214.745372644128    ,0.824359258226542   ,5.96678339551996    ,40.5904118660598    ,31.6391978219239    ,84.1844511273776    ,283.527978631627    ,298.895818062647    ,328.607604186298    ,0.00698960213590646 ,4.07208262305511    ,15.2176843883001    ,12.0183653874704    ,41055               ,jun                 ,2004                
27.6005801487494    ,1.05837889668798    ,220.710155809749    ,-0.560742953688915  ,5.53483259896484    ,36.4016400040956    ,32.8796871695856    ,84.3335541478404    ,281.821456123121    ,297.428256933395    ,319.47769934203     ,0.00672385263241894 ,3.62667434394313    ,16.3797608312193    ,12.5108731137937    ,41065               ,jun                 ,2004                
42.403557638922     ,0.267115925150959   ,229.913673179855    ,1.58854310850409    ,6.25412586521731    ,56.2509427995566    ,25.6196613572546    ,70.2916491194124    ,285.738323341244    ,302.906708896428    ,311.87453410575     ,0.00737941906793125 ,3.13927339191519    ,11.8776271372263    ,9.02808860896159    ,41059               ,jul                 ,2004                
34.2271204779852    ,0.698149054104541   ,232.63700732063     ,-0.801471792773052  ,5.79823568792072    ,52.6345770776393    ,23.5697066005132    ,60.9977806533617    ,283.465371890663    ,300.671710446541    ,310.567493242952    ,0.00631938565426527 ,2.62643672256969    ,12.6957474673491    ,8.82252445911786    ,41063               ,jul                 ,2004                
47.9881120980693    ,0.142174558351947   ,228.204214892201    ,1.67816013140022    ,6.65665458428902    ,58.5103268628989    ,24.3282435394948    ,74.6201983150488    ,286.282389382619    ,303.604878013751    ,318.00725046901     ,0.00755000615693324 ,3.59864021627067    ,11.3095420971651    ,9.14120839717641    ,41049               ,jul                 ,2004                
35.6330775459117    ,0.557048109848548   ,254.478579947213    ,-0.00984622480310864,5.73184584348338    ,50.635185615497     ,26.6368379168281    ,70.183300230542     ,282.887824221618    ,300.199518660861    ,310.468892012474    ,0.00703730320957408 ,2.87809921395299    ,12.9556923631556    ,9.70333444262253    ,41061               ,jul                 ,2004                
48.8711957147118    ,0.106691162763142   ,238.271790031185    ,1.30842627446332    ,6.93160430349196    ,57.871922494239     ,23.9350764158175    ,78.2127629138394    ,286.883976901688    ,304.346519496747    ,322.076084615001    ,0.00781599302722662 ,3.9017993636105     ,11.3073565611981    ,9.47648032947558    ,41021               ,jul                 ,2004                
47.8313597916103    ,0.154636605750081   ,238.701314337477    ,0.690790334382738   ,7.02807815721228    ,55.5197347411793    ,24.4634569125274    ,82.0364168689197    ,286.799083615447    ,304.296092458141    ,325.917692638168    ,0.00804592148740624 ,4.17341632830424    ,11.5733071801078    ,10.1331331554932    ,41055               ,jul                 ,2004                
42.5420826737909    ,0.120749058426074   ,252.363540455902    ,-0.570917839889501  ,6.39494387247803    ,52.3897933142464    ,26.8127246747403    ,82.808896370459     ,284.858610885646    ,302.901136368914    ,324.006709258228    ,0.00794381752110336 ,3.40513388957195    ,12.3494895901283    ,10.5912296293517    ,41065               ,jul                 ,2004                
27.8984754525286    ,1.52147909213402    ,207.123274249587    ,1.78592915898785    ,4.97766890131212    ,49.3169190388056    ,30.0150761391917    ,76.0993582037518    ,286.084989196086    ,301.560330459996    ,252.765330271649    ,0.00803240420756083 ,3.27784182820481    ,11.7140779187857    ,11.8004072213677    ,41059               ,aug                 ,2004                
26.6028458652699    ,1.97107163003963    ,201.449974802709    ,-0.585964319737013  ,4.73487342931389    ,51.8638458624667    ,26.6172272300656    ,68.1222487677039    ,284.004894085348    ,299.257599418222    ,256.933255992677    ,0.00663662739489099 ,2.75924989577747    ,11.3431508697884    ,10.8574377136066    ,41063               ,aug                 ,2004                
34.814246383416     ,1.09457630133523    ,199.250291440761    ,1.71459627970582    ,5.2809805502422     ,51.1286977425034    ,30.6552043024742    ,78.3207967740783    ,286.666878223339    ,302.052457723439    ,255.898278347364    ,0.0084182829171612  ,3.85479307915085    ,11.3751631374195    ,11.8166037069908    ,41049               ,aug                 ,2004                
24.9047576110084    ,2.08595713667419    ,226.355256191553    ,0.312132427015116   ,4.62523202328319    ,46.5188366454704    ,29.808409862412     ,76.6405353705658    ,283.443377675824    ,298.841912070046    ,255.939516168531    ,0.00746202170260975 ,2.92606323056846    ,12.3385240932709    ,12.1224334602288    ,41061               ,aug                 ,2004                
36.9531738027028    ,1.0121311552876     ,207.378658245158    ,1.30433996923757    ,5.48577448090985    ,50.6179872849731    ,31.0315699352036    ,80.9069957847517    ,287.319230975915    ,302.974080029145    ,254.969136729974    ,0.00878990516393782 ,4.05202077830748    ,11.4615295510567    ,12.1127989811353    ,41021               ,aug                 ,2004                
37.3199912079333    ,0.896714421307063   ,207.80028766286     ,0.763924497828027   ,5.51931135244829    ,48.0287113457755    ,32.4534128844299    ,84.3539210004506    ,287.687230393518    ,303.041068116846    ,252.988601319004    ,0.00918391462894383 ,4.27233536577162    ,12.0081899517371    ,12.7280139297927    ,41055               ,aug                 ,2004                
33.1138826834678    ,1.09050804721904    ,219.21666247478     ,-0.473403725963843  ,5.08235945176949    ,46.1002815286596    ,34.3506893858138    ,84.7284724507101    ,285.857043020115    ,301.50248442206     ,253.624790006064    ,0.00889522487799976 ,3.65677317581873    ,12.4444114657235    ,13.0846432517799    ,41065               ,aug                 ,2004                
24.4573258229538    ,0.835194605035259   ,243.233846862791    ,2.33767018182651    ,3.09645415736613    ,35.5793264054568    ,34.4680547946863    ,88.452561588161     ,279.758045156113    ,294.161616042855    ,178.928541140946    ,0.00634415049497018 ,3.44182715398849    ,15.341275770459     ,14.6827882443832    ,41059               ,sep                 ,2004                
21.0964369405692    ,1.3703980323636     ,243.15764740744     ,0.721841729788809   ,3.00995481508526    ,35.5146117462978    ,33.546244036012     ,80.6446308842906    ,278.504307878045    ,291.935791242373    ,182.941221920538    ,0.00557087532219928 ,3.10228935976823    ,15.4124338049433    ,13.7215680721756    ,41063               ,sep                 ,2004                
29.4835507053659    ,0.411567858882398   ,234.48392616772     ,2.16630660884251    ,3.31035161922323    ,37.959323253099     ,33.6310090705778    ,90.4980977532751    ,280.455903973005    ,294.933786888189    ,187.158269735739    ,0.00652284608342413 ,3.81565779399705    ,14.6193274632798    ,14.6234938780883    ,41049               ,sep                 ,2004                
20.8613642827172    ,1.1955967599554     ,260.406142647179    ,1.49353483181922    ,2.85231333669321    ,31.497304597941     ,35.5759143439242    ,88.1470365017235    ,277.398639669536    ,291.530735320417    ,184.150815541774    ,0.00591523560068719 ,3.25150019612332    ,16.4900861277011    ,15.1824011590353    ,41061               ,sep                 ,2004                
30.3296921907793    ,0.327200846466936   ,237.6236316816      ,1.83506265109061    ,3.40743722012347    ,37.1924594192552    ,33.8565569998163    ,93.064208934505     ,281.161484235459    ,296.0582203143      ,189.707632554065    ,0.00699675008617088 ,3.96407216727512    ,14.7908742394737    ,15.0393803150976    ,41021               ,sep                 ,2004                
30.4728506044986    ,0.317149298008419   ,235.369701003482    ,1.32764125265341    ,3.35882544962519    ,35.3788455490945    ,35.944485558218     ,94.9203900368822    ,281.518916109617    ,296.058935326768    ,191.485331775896    ,0.00742777848836819 ,4.16016816171522    ,15.2420303275943    ,15.5407756486599    ,41055               ,sep                 ,2004                
23.0574092258117    ,0.66817127734516    ,242.236770335989    ,0.370461992082376   ,2.97741867055843    ,31.2626539687443    ,38.9545850101699    ,95.3517650214479    ,279.839005831442    ,294.16641272224     ,193.623053931449    ,0.00715760177811108 ,3.5871369273142     ,16.209634804596     ,16.2473202053669    ,41065               ,sep                 ,2004                
18.0584718229309    ,1.14093029682523    ,196.954432113742    ,2.29360255974018    ,1.87416444200592    ,26.9327697795434    ,40.3184810810378    ,92.3609176844365    ,276.660786464718    ,288.917144716715    ,119.868819723677    ,0.00534369518065276 ,3.75367752425062    ,17.2393009024944    ,17.3704557059234    ,41059               ,oct                 ,2004                
19.4936916593632    ,1.39328512554574    ,211.052731215725    ,1.30693769088485    ,1.81838906816289    ,30.4729284715053    ,38.4071928697543    ,86.3701687547549    ,274.700451284452    ,286.280860534296    ,124.612025646332    ,0.00459039365168314 ,3.53257775084008    ,16.3968807851222    ,15.8915765365628    ,41063               ,oct                 ,2004                
20.0571276579696    ,0.786014651577826   ,191.073946128775    ,2.0015807913236     ,1.99667616117934    ,28.0734973328339    ,40.2099294118876    ,93.2607753724992    ,277.163029890249    ,289.697492396221    ,123.543913642331    ,0.00548625581591195 ,4.03800390495166    ,16.7090511303096    ,17.3778508998035    ,41049               ,oct                 ,2004                
16.1449977410265    ,1.74789573547131    ,210.971255471344    ,1.7659970110336     ,1.705585233177      ,24.8703022585174    ,41.5493354169936    ,91.0826307100017    ,274.317020894198    ,285.84397228124     ,123.553083606053    ,0.0048406867414256  ,3.72795523405075    ,17.9142115297093    ,17.5767282545211    ,41061               ,oct                 ,2004                
19.5939454427721    ,0.685280994547488   ,201.772063782891    ,1.70180819968346    ,1.98054693138046    ,27.0948645409555    ,41.0161456468223    ,94.7265346299288    ,277.625065269338    ,290.675955116756    ,125.700521837137    ,0.00587814073571693 ,4.06938593275063    ,16.9058701413643    ,17.7304331249064    ,41021               ,oct                 ,2004                
18.6951887666328    ,1.03241420969022    ,204.139429823798    ,1.41168651861986    ,1.94505622963021    ,24.6108125053561    ,42.6282809847055    ,95.2651274403498    ,277.691273863238    ,290.741105726408    ,127.378903112823    ,0.00612350362176021 ,4.29352596517982    ,17.7299154024712    ,18.3032152499372    ,41055               ,oct                 ,2004                
14.7441729616931    ,1.41549192621584    ,196.654238710081    ,0.674849519003892   ,1.78377279586358    ,22.252794601713     ,45.1622859518262    ,94.5636461130147    ,276.889302499331    ,289.011170996303    ,126.489196927505    ,0.00581110826560349 ,3.89995588542949    ,18.4237046369404    ,18.58003173906      ,41065               ,oct                 ,2004                
12.3065863053662    ,1.61968321067468    ,208.950031673237    ,1.80833718049079    ,0.835134180151666   ,16.760804378058     ,50.4259658112431    ,94.0181799221249    ,271.868153492504    ,281.943055100262    ,72.612396250129     ,0.00409459709947303 ,3.28120229413309    ,20.5983941408709    ,19.8675290684563    ,41059               ,nov                 ,2004                
16.6132734268336    ,1.29903462321903    ,213.857515631967    ,0.940073483602398   ,0.857230652642321   ,21.793224016292     ,51.1213444758128    ,88.8275566218894    ,270.394090004234    ,279.451189908114    ,75.7315451451393    ,0.00358444760669004 ,3.4697946956125     ,18.9253561597882    ,18.3373464190599    ,41063               ,nov                 ,2004                
13.309209197516     ,0.726888281891503   ,202.350731342979    ,1.55378210508829    ,0.88312652226648    ,18.3622207181096    ,48.9957249125469    ,95.0759329687654    ,272.062522016063    ,282.759524979516    ,75.1435360760381    ,0.0041729075579687  ,3.38554586527859    ,19.8799076111945    ,19.6387044574162    ,41049               ,nov                 ,2004                
12.5683997663431    ,1.78845460062762    ,220.200625244551    ,1.52459344591623    ,0.850119021251614   ,16.1292714749187    ,53.1136837648462    ,90.9163428142532    ,270.347002650131    ,279.338192900983    ,74.9028213006479    ,0.00369379949336297 ,3.71843199577842    ,20.9284725874442    ,19.4507079515732    ,41061               ,nov                 ,2004                
15.3905425271725    ,0.425209214367363   ,202.592182557497    ,1.18554912616477    ,0.832670521316992   ,18.9926357899752    ,49.602744957476     ,95.9512490472238    ,272.582789513495    ,283.114512063254    ,77.517788390097     ,0.00431657705069121 ,3.26213683123334    ,19.7992486612209    ,19.666953541296     ,41021               ,nov                 ,2004                
16.9635607350624    ,0.324192476219754   ,205.047769788924    ,1.1288922442156     ,0.819686785491354   ,17.9893233257428    ,50.8688482435126    ,96.7567696309229    ,272.822707445766    ,283.182193629691    ,78.5146001536944    ,0.00444602626364508 ,3.5129116786328     ,20.4118364596227    ,19.9078930150231    ,41055               ,nov                 ,2004                
14.7663469832612    ,0.477330669227708   ,204.908782924273    ,0.262365477959963   ,0.763908033676752   ,16.9567354249838    ,52.7099938716459    ,94.6894492240497    ,272.43557486486     ,282.08635417876     ,80.5058923543472    ,0.00431825023736239 ,3.3633074602047     ,20.8831031489576    ,19.7294847953384    ,41065               ,nov                 ,2004                
10.1494193333824    ,1.43680386474391    ,188.853600888497    ,1.3245492294332     ,0.643691038891311   ,9.76749752877936    ,59.2497444565459    ,95.3731207630755    ,271.136897673617    ,279.261220289487    ,51.3764686751839    ,0.00384170225071418 ,3.60645719079124    ,23.6867245555187    ,21.3768469375227    ,41059               ,dec                 ,2004                
12.7366284191733    ,1.75218424502063    ,208.00338079457     ,0.26188803456359    ,0.689411946893659   ,13.8798074186797    ,57.059398066025     ,89.9465679657765    ,269.282562861409    ,277.080032023183    ,55.3463556444173    ,0.00332078854065624 ,4.00810958983112    ,21.9806166851159    ,19.698173005931     ,41063               ,dec                 ,2004                
11.1567113464131    ,1.05485569476443    ,189.17159975453     ,0.816337982553462   ,0.651639143724716   ,12.2705918557374    ,58.3631752004174    ,95.8692238579662    ,271.540072144513    ,279.623266180814    ,52.713281911081     ,0.00390838314767929 ,3.62107943774414    ,22.0183140873701    ,20.9917467738529    ,41049               ,dec                 ,2004                
9.90714786211383    ,2.13608138400149    ,195.586525667921    ,1.12383442271133    ,0.638791931939346   ,8.17932374773109    ,61.0409774877603    ,93.6089437395261    ,269.251859679673    ,276.924565571601    ,55.6496354679218    ,0.0035071740293906  ,4.368915704528      ,24.4541407546683    ,21.4823462381873    ,41061               ,dec                 ,2004                
11.8002950714721    ,0.99688228132449    ,185.510009344478    ,0.251033076040142   ,0.604135277399002   ,12.359911004318     ,60.4029239477278    ,96.5128050008819    ,272.157752362976    ,279.644818136033    ,53.1782089873908    ,0.00399105893909617 ,3.50151371807414    ,21.9058847332828    ,21.2309675041775    ,41021               ,dec                 ,2004                
12.649914862281     ,1.15983860411039    ,184.646333942218    ,0.237146246285118   ,0.585331206306539   ,11.1907236197832    ,62.9728961922272    ,97.2849090152317    ,272.375917392307    ,279.541006017614    ,52.8432618817856    ,0.00407339520375725 ,3.83667004351263    ,22.4132756448861    ,21.7123723519011    ,41055               ,dec                 ,2004                
10.5718720784012    ,1.60842008552751    ,192.024396728302    ,-0.5778212443272    ,0.569355846577047   ,9.93435991748309    ,63.2600550015026    ,96.3569826664069    ,271.795465977097    ,278.776683331351    ,55.4619976357888    ,0.00393273321593834 ,3.93801852335       ,23.0229174839959    ,21.6985365141429    ,41065               ,dec                 ,2004                
