bi,pr,th,pdsi,pet,erc,rmin,rmax,tmmn,tmmx,srad,sph,vs,fm1000,fm100,countyfips,month,year
4.575238985476     ,2.90557066484301   ,182.728958448655   ,-2.21898552531964  ,0.564515444236598  ,4.17886162257474   ,61.2502552012912   ,97.967952350143    ,269.813462103974   ,277.266226364491   ,62.7716593911469   ,0.00354763017369972,3.86871453712853   ,26.1838896703934   ,23.116702538376    ,41059              ,jan                ,2000               
5.22411966550714   ,2.99370610243687   ,207.711960918302   ,-0.609938262153003 ,0.57889003573944   ,5.84693308878312   ,58.9055506993222   ,96.7391602946221   ,266.817944386192   ,274.915973357845   ,65.8080653919476   ,0.00302513386169496,4.22575868443646   ,25.2933655353101   ,22.4831032713192   ,41063              ,jan                ,2000               
7.19414914147664   ,1.81126372330844   ,175.041648248828   ,-2.87541764974594  ,0.557500264558452  ,6.37650937596765   ,62.5140639599705   ,98.5662040246578   ,270.144566835372   ,277.506196898074   ,62.9401359949497   ,0.00361598079674622,3.83490467695162   ,24.1899481835226   ,22.799648023904    ,41049              ,jan                ,2000               
2.91555832353477   ,3.74259098995965   ,198.725771141888   ,-1.53225400070104  ,0.562833873257011  ,2.40502967484113   ,60.9704028484689   ,97.8965529210536   ,267.228083697357   ,275.022485748984   ,68.8052876731116   ,0.00317276976251554,4.55881528286571   ,27.2612253350122   ,23.4238120621773   ,41061              ,jan                ,2000               
6.33626724925028   ,1.76503474232938   ,173.522131080321   ,-2.43971534400181  ,0.448890593948696  ,4.92633955314537   ,67.8103092974475   ,99.4044434913043   ,270.27996651242    ,276.832507282499   ,63.4634619672917   ,0.0036810585768387 ,3.7048349775868    ,24.5594740700759   ,23.420848942615    ,41021              ,jan                ,2000               
5.23503953346624   ,1.92426552885417   ,170.584272225248   ,-1.93447808203874  ,0.39861051216328   ,3.38704626053745   ,70.5418189595137   ,99.7790676974009   ,270.158839434638   ,276.352605632961   ,63.5849865609532   ,0.00368568555601616,3.99510653329624   ,25.3982031879234   ,23.9113238499628   ,41055              ,jan                ,2000               
4.0095734109105    ,3.55202608645969   ,182.938510598325   ,-1.29074618418317  ,0.421062694642172  ,2.70277375316054   ,68.5883367846663   ,99.7039706660927   ,269.503018191689   ,275.876623969319   ,65.866979664829    ,0.00357028942731699,4.22221527429297   ,27.0808752074135   ,24.2551561196824   ,41065              ,jan                ,2000               
5.4092232782703    ,2.55967205963123   ,171.144334754453   ,-1.69790604534594  ,0.905778667085091  ,5.42158227919836   ,58.8592385645734   ,97.6288322527226   ,271.733602137642   ,280.290373891507   ,91.0613052319443   ,0.00414816327088525,3.02162299882497   ,25.5938813136001   ,21.7866123920358   ,41059              ,feb                ,2000               
7.37520689573705   ,2.63559775783656   ,197.04977821296    ,-0.0225485162806777,1.00099928492213   ,9.06381938635334   ,54.4858503485774   ,94.8442027523563   ,269.718533471152   ,278.2939525589     ,101.918344474696   ,0.00357185290237352,3.39886846506855   ,24.1757072191257   ,20.5329964957037   ,41063              ,feb                ,2000               
6.63588176801363   ,2.05973944290899   ,144.743710854759   ,-2.14200317968873  ,0.87297894575103   ,6.39019854110646   ,60.0726744128237   ,98.4193866639861   ,272.00142501483    ,280.570759689799   ,91.9988253876266   ,0.00426015743256587,2.8430561034222    ,24.8485267684811   ,21.8924152735194   ,41049              ,feb                ,2000               
4.36535547353809   ,2.83982233719272   ,185.809175994955   ,-1.15009024159163  ,1.00363324479162   ,5.12946891835105   ,56.2071465160901   ,96.4013655290822   ,269.758781044235   ,278.582208852078   ,102.066835253243   ,0.0037159125907207 ,3.78610951713364   ,25.6921106856546   ,21.3267547959794   ,41061              ,feb                ,2000               
6.11447575030866   ,1.95723772923914   ,142.950202863329   ,-1.63825513040266  ,0.792631077197832  ,4.46729918503398   ,64.4161760813368   ,99.1815542351737   ,272.358846647209   ,280.252873437429   ,93.5733070125367   ,0.00437931539981395,2.82899790450305   ,25.8252765010534   ,22.6656306982673   ,41021              ,feb                ,2000               
5.33032899310656   ,2.15712803137544   ,137.111057810516   ,-1.16504447963851  ,0.749507010653739  ,2.97333725222374   ,67.2075589115458   ,99.5632588140349   ,272.488640554965   ,279.91128108854    ,94.136335217166    ,0.00443700612240133,3.10428178344006   ,26.836449966096    ,23.2778730012022   ,41055              ,feb                ,2000               
3.94546249491894   ,2.83742960651201   ,152.155754373108   ,-0.342272198717048 ,0.811498531846555  ,2.42875411634143   ,64.4164597309315   ,99.0628524291845   ,271.86155564762    ,279.444018489394   ,94.6030044855771   ,0.00421806193466681,3.18244382885449   ,28.0054933153864   ,23.2253139267514   ,41065              ,feb                ,2000               
7.20157336053949   ,2.51423087615002   ,232.396455189237   ,0.154378762019482  ,1.8045610553547    ,7.6099753566314    ,46.5818836950283   ,94.9746399473823   ,271.521162201365   ,283.316175950182   ,158.865918158466   ,0.00395832300629883,3.73289930213404   ,25.8428485806593   ,19.9229304946862   ,41059              ,mar                ,2000               
7.60937459663155   ,2.01679012705312   ,246.408107323035   ,0.85695305822682   ,1.80229269798207   ,12.0094804709873   ,42.8916266033888   ,93.0589639361223   ,268.86612051119    ,280.692846493987   ,168.310436771547   ,0.00330155628093932,3.7221938956444    ,23.4509371895299   ,18.6601236580243   ,41063              ,mar                ,2000               
10.0278063276208   ,1.40386546648829   ,236.223798135249   ,-0.214421096272494 ,1.89658998378506   ,11.4772268513493   ,43.7950727112932   ,95.4060924825103   ,272.132145481403   ,284.229815316389   ,159.644378197916   ,0.00401416239808618,3.66936527206434   ,24.0224276300098   ,19.0114734668906   ,41049              ,mar                ,2000               
4.31796716712623   ,2.6068580401334    ,241.453421429627   ,0.137451475196415  ,1.75691035775633   ,6.76097340770072   ,45.8328290040727   ,94.9590583965342   ,268.76295377366    ,280.702790336047   ,167.269939549004   ,0.00343772080499376,3.98677853200123   ,25.4566634619867   ,19.8479673265604   ,41061              ,mar                ,2000               
11.7283585807151   ,0.879745199567468  ,242.479803399468   ,0.59345097959854   ,1.90310290274267   ,12.7719309601105   ,44.1455393753573   ,96.2362887758419   ,273.120858493105   ,284.821420043989   ,159.810999464197   ,0.00422010356004169,3.64220058139972   ,23.4457529027737   ,18.7331229319231   ,41021              ,mar                ,2000               
11.9726165291384   ,0.839947929360142  ,242.135872090117   ,1.55501440521802   ,1.89532469175622   ,11.5834373288732   ,45.8191429451937   ,96.7093326206635   ,273.623209494371   ,284.713761512974   ,162.665816395761   ,0.00434611463937993,3.79426904828048   ,24.1023706764663   ,18.9675515614193   ,41055              ,mar                ,2000               
9.78490193985806   ,1.24866797770902   ,222.908779427691   ,1.35449421025303   ,1.79390757547231   ,9.61763741552334   ,46.2150386598327   ,97.2653890524119   ,271.944713478653   ,283.664084393993   ,160.877220031184   ,0.00411438472665875,3.54375762061989   ,25.2550309559341   ,19.576643543034    ,41065              ,mar                ,2000               
18.1900875164542   ,0.827530852205297  ,221.449336744147   ,0.570456623169645  ,3.41671762861821   ,25.1952163465765   ,39.3293384007797   ,89.2761149968533   ,275.991962136443   ,290.380344278028   ,230.953242103206   ,0.00496739079893328,3.6412788451639    ,19.1165106822323   ,14.787676209014    ,41059              ,apr                ,2000               
18.3583796852656   ,1.05833790464569   ,237.903662123713   ,0.56449862527889   ,3.27460267157891   ,26.9373196368312   ,35.8775253441506   ,87.212711040568    ,273.702065748379   ,288.202368223639   ,227.590439144437   ,0.00438576865231532,3.56385589610516   ,18.4171472520539   ,14.4881930245108   ,41063              ,apr                ,2000               
23.936623469002    ,0.45619898148356   ,210.553100305103   ,0.623819485157208  ,3.57814402829914   ,29.4870423763002   ,35.5285888802527   ,91.0334418398339   ,276.22765055951    ,291.149985994136   ,234.790647655507   ,0.00487285434312299,3.71071507208322   ,17.8760926200041   ,14.4261319167951   ,41049              ,apr                ,2000               
17.1759006806314   ,1.07402905268378   ,240.762479825903   ,0.127877723073027  ,3.27099906340548   ,23.4750002358872   ,38.7051994389664   ,88.4137250192273   ,273.637180264948   ,287.782658128778   ,237.688507060298   ,0.00449053897235903,3.78109813407615   ,19.6553443241512   ,15.0972070958094   ,41061              ,apr                ,2000               
26.1468063728084   ,0.326761491024922  ,222.368446978687   ,1.16902744414486   ,3.65119961421877   ,30.1034787907181   ,35.2591907546127   ,92.4024524353103   ,276.970079520792   ,291.726709971375   ,238.62502896901    ,0.00506403860993813,3.8023690719439    ,17.7399624636034   ,14.6179284327979   ,41021              ,apr                ,2000               
26.2736488391841   ,0.363372743546193  ,219.785059707813   ,1.5785672637919    ,3.654961305055     ,29.3344071882742   ,36.3205750898543   ,92.1006408587301   ,277.248980938947   ,291.44971883376    ,242.609113577235   ,0.00514181902537714,4.00859535237734   ,17.9940947155274   ,14.7070160630618   ,41055              ,apr                ,2000               
20.1146437100912   ,0.594734546884738  ,223.809062340798   ,1.00600617855394   ,3.36323868112686   ,25.3642076350222   ,37.7397176712172   ,94.4132114677162   ,275.569383346451   ,290.166868237997   ,239.748950802937   ,0.00497144246956937,3.56690482294828   ,19.0953344795624   ,15.5938215852988   ,41065              ,apr                ,2000               
19.8903117629369   ,2.1125254054148    ,235.5610165603     ,0.271612463639384  ,4.08213453638174   ,30.5491857369902   ,36.3085365510348   ,86.5332625527026   ,278.273501654716   ,291.201467085791   ,266.734218460911   ,0.00553278451521279,3.85891434915731   ,17.1746597720934   ,13.7070123154851   ,41059              ,may                ,2000               
14.0270905582683   ,2.29283912400687   ,244.474400797944   ,0.364296423345008  ,3.64771126645993   ,26.3450137276749   ,37.3053180169446   ,85.7501658874846   ,276.093362572014   ,288.422327612583   ,257.201751442222   ,0.00506360155379194,3.38618497120898   ,18.0082191885284   ,14.3280333532535   ,41063              ,may                ,2000               
25.1451173787481   ,1.10230742500632   ,228.090819843293   ,0.214408539162451  ,4.31747475547316   ,35.6772529832054   ,32.2077873929331   ,88.4439595126961   ,278.670042525351   ,291.900633374011   ,265.161183882476   ,0.00542427256584897,4.32344874389327   ,15.4878951761896   ,13.0038182612227   ,41049              ,may                ,2000               
16.1289995405573   ,2.13567392328674   ,256.652500065614   ,-0.283275935474454 ,3.61921087491565   ,26.3118834291403   ,38.4856403437424   ,88.0509593159969   ,275.826778839367   ,288.112877762892   ,264.659950512484   ,0.00518553198043707,3.66177893524766   ,18.2332148341153   ,14.5587935247539   ,41061              ,may                ,2000               
28.0610373311063   ,0.666678686566226  ,232.183585317719   ,0.676227966972074  ,4.48718156729089   ,37.583611354423    ,31.291753112362    ,90.3450943333509   ,279.378781632591   ,292.782190004718   ,269.300308803014   ,0.00561809421331617,4.51433182717628   ,14.9203293301502   ,12.8805327936962   ,41021              ,may                ,2000               
29.8150996696761   ,0.427337803119401  ,229.482189702169   ,1.30285726897201   ,4.49433918476914   ,37.4031073745299   ,32.6106517736337   ,91.1675738205304   ,279.387013957627   ,292.518092919871   ,275.854121847392   ,0.00569514004841982,4.76209932277842   ,14.9535726668857   ,12.9841937086893   ,41055              ,may                ,2000               
21.8234066969735   ,0.805807144931783  ,240.708581495593   ,0.683159728030958  ,4.00651861505048   ,30.8748468174714   ,36.1874213693052   ,93.7611604864521   ,277.688276582754   ,290.768350381046   ,273.948971999696   ,0.00557534313314155,4.1012133818496    ,16.7384713543153   ,14.3222308206562   ,41065              ,may                ,2000               
29.3047395220054   ,1.09934319731824   ,221.431055184858   ,0.245457335227417  ,5.49806531111136   ,38.5369851207628   ,31.3972521148244   ,78.6976030956041   ,281.357768837295   ,297.452100949993   ,307.367201455645   ,0.0063037281728475 ,3.64685856702411   ,15.8976911657957   ,12.0587441014665   ,41059              ,jun                ,2000               
29.5501858438647   ,1.18257450534123   ,228.307556332665   ,0.0585684938180436 ,5.08533507775177   ,39.6194171856055   ,31.0667138009082   ,74.9137864069505   ,279.32463967739    ,295.09527839714    ,295.238537572758   ,0.00572684535042747,3.35152700322144   ,15.6948584911151   ,11.4291698340214   ,41063              ,jun                ,2000               
35.2772015077448   ,0.727814892265153  ,204.793223719686   ,-0.0753054783450371,5.90144254271897   ,43.6078882420458   ,27.8512982499953   ,79.5273897141062   ,282.080569842806   ,298.235874735248   ,315.303600640155   ,0.00612974449598846,4.03196139317428   ,14.5243624185392   ,11.4512323513081   ,41049              ,jun                ,2000               
30.2516325026239   ,1.20268432882785   ,239.320233716243   ,-0.661978812958018 ,5.15529181830677   ,38.8642793583968   ,31.7911172156471   ,77.3202349505012   ,278.935568291307   ,295.037621402191   ,306.946287275401   ,0.00589641722423166,3.58197123725228   ,15.9129293572069   ,11.7875070554631   ,41061              ,jun                ,2000               
37.8567126852733   ,0.405582667650687  ,208.109200190843   ,-0.244894704429486 ,6.17276595528093   ,46.330596041768    ,26.7808344071682   ,80.6674037926259   ,282.876010192342   ,299.069555529815   ,321.175305747749   ,0.00621637283089251,4.22816430983195   ,13.640046460921    ,11.1502971184741   ,41021              ,jun                ,2000               
41.4097428445114   ,0.220624613107888  ,201.895096356172   ,0.514164923009468  ,6.23037840148859   ,48.4915182199162   ,27.0141677539483   ,81.9700193397715   ,282.622001990008   ,298.902607292785   ,326.680931649013   ,0.00620585406829057,4.42722655124599   ,12.9728016000974   ,11.0414891434924   ,41055              ,jun                ,2000               
35.3832656969397   ,0.422094395059424  ,207.602682252169   ,-0.132661672492845 ,5.79428588165826   ,44.2114190081749   ,28.3390352101685   ,82.8644038903593   ,281.026920608485   ,298.018228208694   ,317.761076878427   ,0.00614486733077365,3.90661758922197   ,14.2350508592809   ,11.5430118158054   ,41065              ,jun                ,2000               
43.5263650037794   ,0.24632485661533   ,248.795021652529   ,0.123699215662493  ,6.05622199953837   ,56.3467907008135   ,25.2609075539338   ,76.4247576801778   ,283.689617457692   ,301.371137643874   ,310.816359927628   ,0.00676346802091713,3.16296380757012   ,11.632518583652    ,9.59432744549472   ,41059              ,jul                ,2000               
40.7750060717945   ,0.193855133652235  ,234.109694756029   ,-0.777153560944935 ,5.67961482551414   ,61.3184993577385   ,22.6695837457697   ,66.0368211824954   ,282.084849465385   ,300.133578492588   ,310.99969051343    ,0.00591812838420569,2.48068866162934   ,10.691017279796    ,8.21636409122735   ,41063              ,jul                ,2000               
49.9397069947163   ,0.120095112472298  ,247.039970419461   ,-0.578337237570454 ,6.44673605892147   ,58.7562438830836   ,24.4057121146392   ,79.6626302554506   ,284.348262817146   ,301.654745330321   ,318.689579515758   ,0.00689702067807162,3.7829708945427    ,10.9780354708801   ,9.66538261978676   ,41049              ,jul                ,2000               
39.5716005848853   ,0.301478561378622  ,276.216532555606   ,-1.07475447155949  ,5.67471305369761   ,54.740367952223    ,25.3191694689576   ,76.7199193974977   ,281.39194365106    ,299.379887355499   ,310.008060676821   ,0.00650182132364767,2.94452409259545   ,11.7844557837346   ,9.75693835771592   ,41061              ,jul                ,2000               
53.9794068694962   ,0.0576247218922297 ,257.952114307692   ,-0.954983119549324 ,6.75330410416513   ,59.4739396104082   ,24.1457716508626   ,82.6233151942824   ,285.048504920097   ,302.323907698697   ,324.600795829563   ,0.00715496163420573,4.2121322096745    ,10.7571124904718   ,9.89716954010541   ,41021              ,jul                ,2000               
54.6733352260902   ,0.0250286115075176 ,264.398155321403   ,-0.482899445074576 ,6.80750665060193   ,58.4383219190193   ,25.027300700267    ,84.9897754268362   ,285.04601274169    ,302.108696247267   ,329.803988397897   ,0.00735427388623413,4.52401337226007   ,10.8069541103951   ,10.2674119570552   ,41055              ,jul                ,2000               
43.766243156191    ,0.0763239008016486 ,270.256714111857   ,-0.87302222968352  ,6.1178128369115    ,52.4136883358246   ,28.2097822036301   ,89.1920288456536   ,282.974195060842   ,300.801873402503   ,326.650321640335   ,0.00752112351348343,3.67438803757839   ,11.8711290969034   ,11.3618483838125   ,41065              ,jul                ,2000               
55.1438979913992   ,0.0287800248109657 ,261.539778572945   ,-0.265891374356091 ,5.71294146799119   ,68.0412643166134   ,19.7062480334058   ,72.4666280446972   ,282.511425876434   ,301.398696126858   ,280.853640373994   ,0.00582882466224034,3.43048932010026   ,9.18608584902628   ,8.7114077646797    ,41059              ,aug                ,2000               
54.7343593093986   ,0.116448922720228  ,260.30081084794    ,-1.58296566954456  ,5.4736219506594    ,76.8508145207345   ,15.6818949651051   ,57.2362633478607   ,281.592861440578   ,300.87020283963    ,278.806955090554   ,0.00480454759228997,2.86326857909859   ,7.74623117929868   ,6.90187384507846   ,41063              ,aug                ,2000               
58.081422866107    ,0.0120062473499976 ,252.399728567072   ,-1.16798779844952  ,6.00575210149778   ,66.9272538932307   ,20.8083880460659   ,74.3439092790732   ,283.46023385232    ,301.65731144193    ,285.798682620811   ,0.00621658438587847,3.90864114642767   ,9.30647391830822   ,9.00005071550945   ,41049              ,aug                ,2000               
54.0455669160589   ,0.0431315304844613 ,276.686466739244   ,-1.56247142362619  ,5.44909093039105   ,69.4267510466156   ,17.4496357351506   ,68.8658492394815   ,280.537831371555   ,300.01785479097    ,281.088798862641   ,0.00525413914564151,3.16913654050804   ,9.08448646472109   ,8.25368629103873   ,41061              ,aug                ,2000               
57.0619880530856   ,0.048102206412024  ,259.70030714591    ,-1.28929832230104  ,6.24873760947651   ,64.4639002110035   ,20.9891716674844   ,77.2326176704327   ,284.23878372143    ,302.430521437927   ,286.482932289637   ,0.00654411179785055,4.22614814537094   ,9.6567536227808    ,9.43330133031321   ,41021              ,aug                ,2000               
57.8652295775247   ,0.0100294796518832 ,258.374513556709   ,-0.905602777583732 ,6.20065343490166   ,61.5906019982606   ,22.6848952427965   ,81.0326983083579   ,284.253760158824   ,302.062581437778   ,286.416083834752   ,0.00689749064961744,4.503799152878     ,10.1657358472515   ,10.1154764083124   ,41055              ,aug                ,2000               
47.1677915369096   ,0.0183026165773159 ,262.116744088585   ,-1.20789525103296  ,5.52479570108622   ,55.3670372362378   ,24.7181971275194   ,85.35557291642     ,282.016141318228   ,300.794128074907   ,288.136647565265   ,0.00692950426079504,3.61574404603943   ,11.3363683636955   ,11.2387681446252   ,41065              ,aug                ,2000               
24.78630473123     ,1.63960958847015   ,213.949066223632   ,-0.0491930163952688,3.15460150659117   ,37.8081541845604   ,33.1773658179289   ,85.7047075463183   ,279.754266463526   ,294.096993216879   ,181.916961704237   ,0.00622723115003919,3.30965472414728   ,14.1452041395189   ,14.6697825240773   ,41059              ,sep                ,2000               
24.689359062254    ,2.32887485991514   ,225.848062948392   ,-1.14675326909792  ,3.04496328219216   ,41.3214732058398   ,30.5133632126666   ,78.9698843116805   ,278.220280557023   ,291.808504010358   ,181.220463905246   ,0.00539161542733498,3.16483474198407   ,13.2385394123884   ,13.6023300813906   ,41063              ,sep                ,2000               
30.8656144896671   ,0.851057331351808  ,206.407156900362   ,-1.10726149351926  ,3.41711708285422   ,41.621897813787    ,31.8659126767313   ,86.8476898361459   ,280.37038418169    ,295.006478943084   ,188.877454215111   ,0.00632603653250701,3.67553518059262   ,13.3409680036142   ,14.1722513268339   ,41049              ,sep                ,2000               
23.4470448836398   ,1.99861558372157   ,240.398383362679   ,-1.19760695101057  ,2.97069458830994   ,36.0097660258964   ,33.1205001320859   ,85.221439771142    ,277.63519709332    ,291.562448175375   ,185.438266320876   ,0.00579380087046635,3.34123959552113   ,14.5489440259816   ,14.9485074515009   ,41061              ,sep                ,2000               
34.5403876486035   ,0.507292735247868  ,210.268623913575   ,-1.24072906291839  ,3.70693555516381   ,43.9998457560013   ,30.0677626050833   ,86.9146682677807   ,281.317427554597   ,296.534321446756   ,190.670096439707   ,0.00647622409377356,3.83650592889041   ,12.9738827227955   ,13.7311499976757   ,41021              ,sep                ,2000               
38.3006857852663   ,0.256965601984974  ,208.491157098216   ,-1.07428697418225  ,3.82536439513951   ,45.3336120921501   ,30.5276505875541   ,86.717851672628    ,281.767966242562   ,296.905093981648   ,191.85336093791    ,0.00665907095116972,4.11163222196042   ,12.7717335062417   ,13.5439603726069   ,41055              ,sep                ,2000               
31.9228322336534   ,0.357803743288374  ,216.135400834229   ,-1.33825927000803  ,3.47648400113438   ,41.4650284155821   ,32.1019744611472   ,88.9738288359209   ,280.271756896736   ,295.720944714194   ,193.445070288213   ,0.00655350643801687,3.6198281523231    ,13.5703759471298   ,14.2378897210101   ,41065              ,sep                ,2000               
15.6296205604093   ,1.93185158369295   ,200.681503786962   ,0.970885935134643  ,1.58672387878072   ,24.8255859658367   ,43.8266791897537   ,92.2374172697615   ,275.509815733546   ,287.673945085688   ,127.96053660983    ,0.00522935559696171,2.916444934174     ,17.6003993739177   ,17.9337087074831   ,41059              ,oct                ,2000               
15.6009778146656   ,2.18458694950033   ,217.879178431751   ,0.0613571539858252 ,1.6378821725706    ,28.2895722890207   ,39.2140471383462   ,85.8520409950628   ,273.98347305945    ,285.918609360123   ,132.080340595727   ,0.00451643009219806,2.88707480818107   ,16.6099338478787   ,16.575042210447    ,41063              ,oct                ,2000               
19.4461107370974   ,1.49205192551335   ,195.058545530849   ,0.0699876887792068 ,1.73328210229236   ,28.164999071196    ,41.0179418166975   ,92.671148523409    ,275.900096856587   ,288.468760859743   ,131.426502085723   ,0.00523625021992137,3.16586943701843   ,16.6436712938353   ,17.4430735819929   ,41049              ,oct                ,2000               
15.136005327561    ,2.33869006748572   ,218.709935394144   ,-0.21720789232801  ,1.54609507992656   ,24.2652287337373   ,43.3093431844981   ,90.2456620470455   ,273.577648855291   ,285.401223842388   ,132.179439888927   ,0.00480576033207166,3.14631116914113   ,17.7685650210986   ,17.8716211830558   ,41061              ,oct                ,2000               
20.3414618862838   ,1.2156151988656    ,202.332225709056   ,-0.661193858949835 ,1.81120016887679   ,29.1654919051255   ,39.6164682501296   ,92.9900985026563   ,276.601772119422   ,289.394462011804   ,132.253131873774   ,0.00541996432561048,3.24970690176447   ,16.2842339178772   ,17.4370515683612   ,41021              ,oct                ,2000               
21.2394340226242   ,1.06398272594967   ,204.432666124251   ,-0.84799690952717  ,1.85632647544713   ,29.1924472218571   ,40.3166580309937   ,93.0889782983837   ,276.728748735314   ,289.447889076496   ,133.230106212715   ,0.00553207828154585,3.52417605765652   ,16.1666217697631   ,17.5121122769333   ,41055              ,oct                ,2000               
18.4659051384917   ,1.39916329854851   ,196.655874499153   ,-1.11760119161776  ,1.78822032951199   ,25.6659398909861   ,42.3109705920183   ,94.0158188499556   ,275.702594870956   ,288.280965449228   ,132.831679304378   ,0.00537198044552825,3.56776524267301   ,17.2680179134994   ,18.1530046908333   ,41065              ,oct                ,2000               
10.3626028470679   ,1.59750209119886   ,188.478071262356   ,1.53427880547301   ,0.618520518082706  ,13.5632461500942   ,57.0474969932312   ,95.9211193678395   ,269.028476063305   ,277.576095072428   ,79.8785991548702   ,0.00330428384799149,2.58383816576359   ,21.7409526497586   ,20.8309128619188   ,41059              ,nov                ,2000               
11.4508707238153   ,1.33030886838908   ,222.898648884929   ,0.704221100020448  ,0.661268890307378  ,16.8198276561004   ,52.6759476329897   ,91.2011151822853   ,266.705970718811   ,275.801917402894   ,82.0866480210444   ,0.00281835430171335,2.88127462218552   ,20.6039549387974   ,19.2273644049962   ,41063              ,nov                ,2000               
11.6556810662206   ,1.00598369614793   ,168.977405041632   ,0.927277092150629  ,0.612277343931622  ,15.8270083558851   ,57.6990566613162   ,96.5311893632899   ,269.502851689257   ,277.979173281472   ,81.0814952073089   ,0.00342999977704416,2.59274929089644   ,20.5479249537303   ,20.7076149622183   ,41049              ,nov                ,2000               
10.5216095973664   ,1.7196826377058    ,216.409187155231   ,0.455102699099745  ,0.640740113341759  ,13.1332040038198   ,53.8682568999867   ,93.5295380665343   ,266.773072557489   ,275.590378489553   ,82.1994938342561   ,0.00291890796869437,3.19238249688482   ,22.1908563234777   ,20.2001100660253   ,41061              ,nov                ,2000               
12.5999098912067   ,0.800179399077289  ,160.109873195799   ,-0.142880776778494 ,0.538222775607378  ,15.7892619956382   ,59.1242329570293   ,97.6224658706079   ,270.100796584421   ,278.149295320003   ,81.2090225924051   ,0.00363684714781328,2.59761113123564   ,20.4908803265039   ,20.9806724796508   ,41021              ,nov                ,2000               
13.4677545359209   ,0.689817916716405  ,154.020910961307   ,-0.765595877623425 ,0.528188661469934  ,15.9107790974732   ,61.5859507882339   ,97.2161619777568   ,270.550697189837   ,278.299908301519   ,81.7769133731403   ,0.00379770757811104,2.95681800625013   ,20.3602642643057   ,21.0288718647427   ,41055              ,nov                ,2000               
11.7343164886313   ,0.988686789584722  ,170.478675400053   ,-1.17533461447362  ,0.537133100464442  ,14.3889033075469   ,60.6026499750453   ,96.8766728152947   ,270.091316364232   ,277.864092040636   ,82.4006044814637   ,0.00368622115347534,2.9896861917628    ,21.0418652385543   ,21.0371515833507   ,41065              ,nov                ,2000               
9.18616587816975   ,1.29857490142295   ,167.462110650947   ,0.799522830506429  ,0.396997578398512  ,9.04178713997684   ,67.0286400611827   ,96.5230828641003   ,268.661486114098   ,275.511300110133   ,55.9572699322606   ,0.00322592949571045,3.05971976489684   ,23.1125042546927   ,22.1294582277997   ,41059              ,dec                ,2000               
11.4440293119739   ,1.46317834898662   ,206.794021105933   ,0.109746043876439  ,0.509731140413288  ,13.5542378343546   ,59.2365185979919   ,93.1326770095558   ,266.301466326947   ,274.58569366793    ,58.550641154576    ,0.00280564347406066,3.56700175547655   ,21.5857363477453   ,20.7042486423657   ,41063              ,dec                ,2000               
10.7915152487746   ,0.693676912722773  ,149.281055791434   ,0.423313002594556  ,0.374943865929612  ,10.6652245989176   ,67.8498605112339   ,97.095947170424    ,269.33522556964    ,275.917283519858   ,57.2250741500921   ,0.00334810933222536,2.85041244105415   ,22.3568207031769   ,21.991174456628    ,41049              ,dec                ,2000               
10.9244003190549   ,1.83192937417462   ,189.69832920153    ,-0.268710179590149 ,0.492490649703936  ,10.4985534488515   ,63.1296027240832   ,93.7861968972163   ,266.637816298999   ,274.383833086932   ,61.328975680159    ,0.00291589400310399,4.01194430472919   ,22.8407283322213   ,21.4281226483883   ,41061              ,dec                ,2000               
10.0068778933239   ,0.546021247194916  ,142.406211037854   ,-0.6067732598868   ,0.313406838863497  ,8.91856406332591   ,72.399615877948    ,98.1673511684753   ,269.809132589461   ,275.883064617927   ,57.0133627812363   ,0.00349506240449453,2.83961497450702   ,22.8801536191352   ,22.7494720986046   ,41021              ,dec                ,2000               
8.71178462357464   ,0.544620118638751  ,135.037136071932   ,-1.16167039572321  ,0.267617005268457  ,6.85879234321822   ,75.966977045457    ,99.2787851396825   ,269.7638691179     ,275.75138803523    ,56.0071631240101   ,0.00361913103098776,3.13291223298969   ,23.5031891969677   ,23.5756405938206   ,41055              ,dec                ,2000               
7.85482954947609   ,1.26479972278556   ,159.262024242339   ,-1.63697317506606  ,0.367355004191781  ,6.77578784473281   ,70.5269647423389   ,98.0212359647002   ,269.669085903212   ,276.069791525579   ,58.3487742258026   ,0.00352012763473205,3.48172056344747   ,24.0436799774081   ,23.1080000795129   ,41065              ,dec                ,2000               
