bi,pr,th,pdsi,pet,erc,rmin,rmax,tmmn,tmmx,srad,sph,vs,fm1000,fm100,countyfips,month,year
10.7267888740202   ,1.76070368223973   ,198.084326667221   ,-1.82676416612487  ,0.843995875010656  ,10.386149715495    ,54.2872237444077   ,87.5722517371305   ,269.257797066001   ,277.8056093121     ,67.1699029160116   ,0.00306846299890691,3.86976169331783   ,25.2957564395504   ,19.3057270540027   ,41059              ,jan                ,2009               
12.9165531148931   ,1.98777662430311   ,215.736893142491   ,-1.36796407364656  ,0.877272618531142  ,14.5051981330165   ,46.8569766629127   ,82.5845358319565   ,267.261960311638   ,276.766317917858   ,72.7027321940159   ,0.00262299991539565,4.08089051179516   ,23.8285929651151   ,17.8898975749923   ,41063              ,jan                ,2009               
13.8571290992138   ,0.775554320255439  ,170.202942833186   ,-2.71586096754873  ,0.844799691493161  ,14.1992555104275   ,56.209869278945    ,87.0368087937997   ,269.809132711768   ,277.751251795388   ,67.163007129952    ,0.003146871300902  ,3.99846241457944   ,22.7295880878199   ,18.6675778063462   ,41049              ,jan                ,2009               
10.926295199075    ,2.54969210012299   ,212.25374989652    ,-1.1110215121907   ,0.877772474309711  ,10.9720123509653   ,50.1055237944408   ,83.4667547419649   ,267.287218866382   ,276.347751278651   ,74.619231439178    ,0.00268836142889353,4.2454675099186    ,25.5914169951104   ,18.4705941879716   ,41061              ,jan                ,2009               
14.4342620983706   ,0.618521457332736  ,171.033834658991   ,-2.75693230258931  ,0.773032982789122  ,13.8644066248539   ,59.2219285671053   ,88.6314801445881   ,269.963039952168   ,277.310631086535   ,70.3410110722944   ,0.00317656674391136,3.91657230731166   ,22.7665109598947   ,19.07699551504     ,41021              ,jan                ,2009               
14.4419252554588   ,0.86377335538523   ,166.318283720301   ,-2.71926472015083  ,0.755918710892593  ,12.2349056888339   ,58.7779418072415   ,91.6213621194577   ,269.736829094562   ,277.33173139076    ,73.1101046153631   ,0.00317459254810392,4.2874387571034    ,23.4584080419593   ,19.8877510641278   ,41055              ,jan                ,2009               
13.1127139364719   ,1.45960847505406   ,174.170035502312   ,-2.38362983904241  ,0.793438190864489  ,11.7397755824774   ,55.3416123601384   ,89.8527738422153   ,269.520075622416   ,277.690496002824   ,76.9185895571288   ,0.00311600982590617,4.20610033858494   ,24.5908938021452   ,19.562824582003    ,41065              ,jan                ,2009               
11.6017702566509   ,1.35816947614832   ,170.287729694692   ,-1.97292064623722  ,1.06404742929475   ,15.5297895115302   ,56.0836311275934   ,91.5367226893877   ,270.33610698155    ,279.284709470274   ,105.765236615684   ,0.00346511031450387,3.37561863978537   ,21.0981229268501   ,19.037469321698    ,41059              ,feb                ,2009               
16.8137424059434   ,1.20970372269237   ,199.654549455786   ,-1.475908434876    ,1.22049632143754   ,22.231500610739    ,48.4846397727043   ,85.84878336895     ,268.476799412326   ,277.918652454456   ,116.767384489814   ,0.00294913435976883,3.89723287747203   ,19.0777657847185   ,16.9009965179445   ,41063              ,feb                ,2009               
12.7410052637745   ,0.842698571953098  ,160.271691531656   ,-2.85061942043521  ,0.975052207011782  ,16.9430867586015   ,57.5794184667991   ,93.2998420125794   ,270.391576998075   ,279.367479743758   ,105.642835433392   ,0.00356979456013323,2.98612475251429   ,20.3428351976752   ,19.3210876282686   ,41049              ,feb                ,2009               
13.8161136410631   ,1.41614497580699   ,184.103400551915   ,-1.32866234718956  ,1.17884541228019   ,18.540822701185    ,53.4982828075503   ,86.6556058511953   ,268.51873011917    ,277.434455326625   ,117.631879137937   ,0.00306628773357872,4.4492047749762    ,19.9887457858528   ,17.6074349997115   ,41061              ,feb                ,2009               
11.8594877690232   ,0.810000533103523  ,155.317312973234   ,-2.89499812777693  ,0.914242158910488  ,15.4464311616508   ,60.8265228499394   ,94.7514657407002   ,270.840528857879   ,279.226668529541   ,106.785721301526   ,0.00366740470906805,2.97100255850048   ,20.6675118354173   ,19.8695404301029   ,41021              ,feb                ,2009               
10.5146084788929   ,1.07840987311796   ,148.231829609239   ,-2.83974522119842  ,0.919281127001334  ,13.603474044262    ,61.0802052477149   ,95.5092014557337   ,271.177375876316   ,279.233522525109   ,106.497743355999   ,0.00369280284690206,3.2990388834947    ,21.280268531495    ,20.2725731532775   ,41055              ,feb                ,2009               
9.90349782716033   ,1.87346295804273   ,156.666176458904   ,-2.69524744689094  ,0.998396507954046  ,13.545636650755    ,57.4883091775251   ,93.0105623539948   ,270.843948691994   ,279.181007118492   ,107.764786127683   ,0.00356415185456785,3.39912242368186   ,21.631463440823    ,19.8772151902879   ,41065              ,feb                ,2009               
8.53029671086795   ,3.53630629297417   ,229.518560351278   ,-1.67819520511313  ,1.69909217094502   ,11.3814400643044   ,48.7502380292453   ,94.3141271759877   ,270.687207330167   ,280.602410107641   ,147.887151785372   ,0.00350273522365883,4.62231521777326   ,23.1082116957023   ,19.6155617685813   ,41059              ,mar                ,2009               
8.90614781785744   ,3.48056316337664   ,234.470852644233   ,-1.34286802238364  ,1.57421936354094   ,15.1007874814846   ,47.5985712268243   ,90.7395788875144   ,268.229837431801   ,277.744535934514   ,157.634363350846   ,0.00301497675126993,4.40599167899571   ,21.1763361943325   ,18.571896613814    ,41063              ,mar                ,2009               
13.402558527245    ,1.67771431312293   ,227.567890702621   ,-2.47237541135173  ,1.81674449917151   ,15.8915923500797   ,46.4987839608755   ,93.4871017695721   ,271.270803272754   ,281.32897889302    ,146.596908502332   ,0.0035353330824032 ,4.93879557569432   ,21.3474375304087   ,18.4522722131838   ,41049              ,mar                ,2009               
5.98041249045035   ,4.23477687573929   ,235.815426410228   ,-1.26374710688019  ,1.51369101077805   ,10.4172561406744   ,51.0499294050088   ,93.9468716747872   ,268.197328071184   ,277.841046172962   ,160.329717557262   ,0.00318842361833602,4.4896880429563    ,22.8525464252759   ,20.0045823968487   ,41061              ,mar                ,2009               
14.2909091510684   ,1.06650138193156   ,230.947021581355   ,-2.59609828311419  ,1.90177327452024   ,17.1034285940988   ,45.9210006420183   ,93.4937764332583   ,272.026635869542   ,282.183863507971   ,149.30402358211    ,0.00363422016806843,4.98020889586018   ,20.8694579345972   ,18.0222830460188   ,41021              ,mar                ,2009               
16.2942911667826   ,0.717381682338984  ,229.785561750664   ,-2.50079350350661  ,1.91597161348575   ,17.5521048958449   ,45.9321735283492   ,93.3092879032868   ,272.251580702316   ,282.177920255317   ,151.519058321089   ,0.00364637805412579,5.15323400708824   ,21.0089324148078   ,17.7058014854398   ,41055              ,mar                ,2009               
10.6613200961083   ,1.74802349524      ,235.111060677977   ,-2.29038715338814  ,1.71925427751601   ,12.7026058307787   ,49.4109236357024   ,93.5902626731179   ,271.410563436735   ,280.585758019053   ,146.835449380815   ,0.00354553296049742,4.97225916145421   ,23.0448572037767   ,18.8691877229867   ,41065              ,mar                ,2009               
18.3344882079377   ,1.57114039382776   ,233.126617789532   ,-0.565146379468851 ,3.1284131344745    ,24.0774081815299   ,40.2019399481893   ,81.9501674159473   ,274.556613389914   ,287.348336524205   ,222.457708374764   ,0.00413884503866349,3.88730704676829   ,20.2054188201496   ,14.4315488494785   ,41059              ,apr                ,2009               
16.9225594693217   ,1.86155104583568   ,244.16286476531    ,-0.421165332035053 ,2.89743386466395   ,24.2249797302696   ,37.9649141078229   ,79.9346564249559   ,272.498017773039   ,284.67311898167    ,214.415594951478   ,0.00364034771477605,3.62807741401704   ,19.8277362411117   ,14.2365654330709   ,41063              ,apr                ,2009               
21.4059323491865   ,0.927739873871103  ,228.856542799766   ,-2.01194676496154  ,3.27734888099771   ,29.2878891179449   ,36.153858483233    ,82.6554664605159   ,274.678083717386   ,288.058754234913   ,230.421411379802   ,0.00404408910580144,3.94975798737524   ,17.9661937868408   ,13.7491337397128   ,41049              ,apr                ,2009               
15.2316275818558   ,2.0080542423616    ,244.98061380716    ,-0.17816706232625  ,2.90015497910142   ,20.0222288948435   ,41.8038936754705   ,82.3347626737116   ,272.327898437751   ,284.412900370531   ,225.163633748749   ,0.00380816618366734,4.06831079385408   ,21.3721044301006   ,15.1224217793186   ,41061              ,apr                ,2009               
24.6247195328706   ,0.556862821568916  ,225.59693811798    ,-2.46559786467895  ,3.47034177967755   ,32.5708960621774   ,34.5291784858467   ,82.0198103433205   ,275.253382824374   ,289.073481391235   ,236.718270799337   ,0.00407539753760055,4.05206663984865   ,16.930748639349    ,13.1206190706629   ,41021              ,apr                ,2009               
26.1421579461714   ,0.585027257482327  ,218.964296980141   ,-2.48437236810056  ,3.55531548177987   ,34.3398661613464   ,34.4674664069802   ,80.5190360658582   ,275.452578060158   ,289.12503084179    ,239.703226281328   ,0.00402732639930703,4.23378724599907   ,16.3638544931282   ,12.7543658713848   ,41055              ,apr                ,2009               
20.8713327452964   ,1.23357943217064   ,227.421020766635   ,-1.99697718369864  ,3.24417815147302   ,28.0288255032197   ,36.8085430104508   ,83.7365777358772   ,273.981063474049   ,287.618153617284   ,237.42485386449    ,0.00392724542957987,3.91124982434182   ,18.5678703395544   ,14.115474727641    ,41065              ,apr                ,2009               
20.5259892008657   ,1.67483892432249   ,210.762928948064   ,-0.0778896800071725,4.65742995562117   ,30.8026122813879   ,36.4521257205031   ,75.7282250878445   ,279.703020718026   ,293.636080364772   ,295.1609565109     ,0.0054988498639267 ,3.55434141080939   ,18.0649361858967   ,13.1608292578989   ,41059              ,may                ,2009               
17.1427685544622   ,1.94321618495795   ,222.866874801957   ,0.0320562891887218 ,4.35024800620336   ,29.8990051782399   ,33.8188539157461   ,73.8372795085404   ,277.446184543409   ,291.00824273641    ,287.505967128581   ,0.00494413154041549,3.43890221246863   ,18.0802542008048   ,12.9153417584833   ,41063              ,may                ,2009               
26.6833130470104   ,1.02387082881488   ,204.350749181591   ,-1.87313241312194  ,4.87476922667041   ,36.6833401408233   ,32.4396384547961   ,76.6216362310692   ,279.842239616973   ,294.533901014233   ,297.874739856459   ,0.00532158198835815,3.63180279558101   ,16.2290571134973   ,12.3905039324468   ,41049              ,may                ,2009               
16.8281819508637   ,2.20564333149479   ,232.303549880612   ,0.466501034584678  ,4.29958845378867   ,25.5049531553476   ,38.1275686140224   ,78.1004214658627   ,277.328888263953   ,290.764760667079   ,294.780083754223   ,0.00528558516424826,3.59687140549098   ,19.6200119029569   ,14.1013046341748   ,41061              ,may                ,2009               
30.0145541753223   ,0.920960757491407  ,213.153751455804   ,-2.49973335598804  ,5.1699936787621    ,39.2337855274893   ,30.4471028523846   ,77.453934585209    ,280.271521404873   ,295.646783796027   ,306.947860668369   ,0.00532850382899776,3.71759911011071   ,15.5040800801597   ,12.1838277754044   ,41021              ,may                ,2009               
30.8765881341798   ,1.05101763371886   ,211.288449790788   ,-2.42216900432551  ,5.3405156956149    ,39.8772837963223   ,29.889877394626    ,77.1944350674566   ,280.298650776479   ,295.650575322265   ,315.780497934701   ,0.00525914126303232,3.87406820397268   ,15.2886383281162   ,12.0745741873052   ,41055              ,may                ,2009               
22.3023218081864   ,1.57654327075138   ,213.852428694954   ,-1.37607552375132  ,4.8902458490595    ,33.0019759664025   ,32.0620537918576   ,79.3005216921063   ,278.742617402241   ,294.159796397752   ,307.602942731418   ,0.00521242340857858,3.50213217964315   ,17.2617239995114   ,13.0205186754163   ,41065              ,may                ,2009               
27.0791258684391   ,1.21476287582589   ,226.253364763098   ,-0.439752113650744 ,5.19935949008591   ,41.9902601186277   ,36.4595119627896   ,75.2046702739682   ,282.532776416164   ,296.205715767227   ,311.630038468569   ,0.00668380621068486,3.13707792063225   ,14.0794551324108   ,11.629421883282    ,41059              ,jun                ,2009               
15.529683379715    ,2.84176130954845   ,231.69634863151    ,0.0291398909135064 ,4.4932585987143    ,30.6857932963016   ,39.3237146055782   ,73.0123687870853   ,280.377890854949   ,292.807470199834   ,286.325327031818   ,0.00622026184002547,2.73090404507233   ,16.7391705417966   ,13.181328639659    ,41063              ,jun                ,2009               
35.6532700330754   ,0.835795482709016  ,237.76093672462    ,-2.39012263648953  ,5.67341826376074   ,48.482752115689    ,31.6212372792329   ,76.3915126006641   ,283.111149642438   ,297.294368818459   ,325.661076735119   ,0.00654270771064391,3.70836508980908   ,12.6001377478112   ,10.8313897392721   ,41049              ,jun                ,2009               
17.1983895559387   ,2.15447279388706   ,240.482024469238   ,0.407760422704396  ,4.49958189829387   ,29.6761156862361   ,41.7740727237811   ,78.806807029316    ,279.839611227404   ,292.740946499546   ,295.970307949992   ,0.006567630029088  ,2.95980321839023   ,17.0995664416027   ,13.7017122745121   ,41061              ,jun                ,2009               
41.878003108281    ,0.581307778193106  ,245.171378479295   ,-2.89189286257661  ,6.06677379442709   ,52.0521224123542   ,29.0292181398493   ,76.7083268188042   ,283.488227536037   ,298.349779248622   ,335.350141183506   ,0.00645495943717608,4.10560698992996   ,11.927934339469    ,10.2974634009518   ,41021              ,jun                ,2009               
46.7648830588506   ,0.392814494010794  ,246.42990288121    ,-2.71753622472402  ,6.22443102911899   ,54.0024758786951   ,28.4154763209657   ,75.8903735437821   ,283.410537416335   ,298.321870853655   ,340.312498065138   ,0.00633311956321192,4.41394673904248   ,11.6459413274687   ,9.95582532915223   ,41055              ,jun                ,2009               
33.8119009725497   ,0.700379604323193  ,251.890979265073   ,-1.28292657740605  ,5.47818495854909   ,44.6944275268401   ,33.0756094210446   ,79.1520949672708   ,281.665456029363   ,296.372503939542   ,327.442731141488   ,0.00638951701345465,3.71338545144206   ,13.6096084418367   ,11.3761200884839   ,41065              ,jun                ,2009               
44.8942702510506   ,0.177489875533487  ,214.140027044688   ,-0.732945468165977 ,6.36231881117775   ,64.2052810894478   ,22.6217720181075   ,58.5975791744329   ,286.712010599359   ,303.469613404285   ,317.743130999074   ,0.00650485212393823,2.90350331974396   ,10.2379693560966   ,7.68536616611929   ,41059              ,jul                ,2009               
37.1596359191125   ,0.441556660831143  ,210.280282215745   ,0.261017269997286  ,5.81825085869364   ,58.4210839931997   ,22.9090109869666   ,54.4487922983839   ,284.55951582248    ,300.290104898513   ,314.996840345115   ,0.00596183695756454,2.51376022892768   ,11.5740845401589   ,7.57704463617919   ,41063              ,jul                ,2009               
53.2357714529086   ,0.0614832449321247 ,223.194194606134   ,-2.65575088500769  ,6.81399218815844   ,68.4271243497581   ,21.1006016147799   ,61.0006745761561   ,286.981446784003   ,304.368406765124   ,325.34041878807    ,0.00654938448719459,3.38641258757112   ,9.41546169019514   ,7.55660973759322   ,41049              ,jul                ,2009               
37.1332718716571   ,0.289014822114682  ,225.165080596433   ,0.475974072517881  ,5.76863693532978   ,56.7517671344291   ,24.3749593194668   ,59.0042505385818   ,284.039471102539   ,300.152531095844   ,316.149056833648   ,0.00630915218202767,2.61632380075827   ,11.802131177704    ,8.06470237469493   ,41061              ,jul                ,2009               
60.1980953191833   ,0.0118440961100484 ,238.741187779727   ,-3.09362226431956  ,7.24757623589572   ,72.107778472571    ,18.7477729924649   ,61.9511108679771   ,287.31105513229    ,305.77444263499    ,330.135686678371   ,0.00643784548596552,3.67828161520042   ,8.87732729392595   ,7.27968657049634   ,41021              ,jul                ,2009               
62.6891450172189   ,0.0149661773410614 ,241.001250181761   ,-2.95574775943805  ,7.46918767687285   ,73.1419214623938   ,18.440435524325    ,61.8209485768417   ,287.446836104912   ,305.916175768884   ,334.839125536271   ,0.00640364214380013,3.93241968221922   ,8.6585576308491    ,7.21648398131115   ,41055              ,jul                ,2009               
50.517217148641    ,0.0515542173794144 ,240.909813742016   ,-1.56026967139314  ,6.68359275955626   ,65.9735244131687   ,22.0357891508794   ,64.7672722214317   ,285.64658473834    ,304.137353782502   ,333.58638248663    ,0.00659250120890724,3.15448688781748   ,9.90382063703453   ,7.99022531005635   ,41065              ,jul                ,2009               
42.3594696102811   ,1.18864669293305   ,254.667727105058   ,-0.306680645249891 ,5.24685907908877   ,59.1028146172303   ,25.8198288968678   ,68.2239573061454   ,285.115731868243   ,300.529476937512   ,270.761916382856   ,0.00673027205195607,3.24314089554277   ,10.4716603632692   ,9.9312942437549    ,41059              ,aug                ,2009               
31.860888360959    ,1.9750932776324    ,244.36029796444    ,0.901383657655342  ,4.83666055734731   ,54.5811910158674   ,25.831244753522    ,63.2888438044943   ,283.633434303399   ,298.248489150984   ,264.658635162054   ,0.00611577621860868,2.72334036555082   ,11.0579666820036   ,9.82003025174437   ,41063              ,aug                ,2009               
47.0220669941161   ,0.676412085877482  ,249.755774639066   ,-2.25952269257831  ,5.56011939294393   ,60.9387829263878   ,25.0894617688875   ,70.7272035496156   ,285.388124738789   ,301.309245339722   ,277.124590677378   ,0.00692605965465557,3.66162077075645   ,10.0574703739817   ,9.95497804659682   ,41049              ,aug                ,2009               
32.4885883283139   ,1.71983741386532   ,263.117564231501   ,0.946219508441878  ,4.80848739451025   ,52.0548826017118   ,26.9927541399325   ,69.7999363715029   ,282.550126687448   ,297.952611569397   ,268.485571246525   ,0.00637821368227758,2.99284144939535   ,11.6089255415743   ,10.6243302158035   ,41061              ,aug                ,2009               
52.7151807377785   ,0.279133609440997  ,255.876295097927   ,-2.92685449873057  ,5.90567182346648   ,64.8113779199968   ,23.0443253090576   ,71.629431792137    ,285.674406784246   ,302.453875319251   ,278.103235948542   ,0.00685078684893477,3.96611863875764   ,9.31175727809357   ,9.56340241826743   ,41021              ,aug                ,2009               
57.8835301225089   ,0.0781529645792686 ,256.936745939289   ,-2.96820859184042  ,5.95805406619908   ,67.3565164831219   ,23.4891932831465   ,72.0155103831353   ,285.628735973889   ,302.151501963395   ,276.155316506663   ,0.00683769001324612,4.24273050340745   ,8.800031770065     ,9.30165367822696   ,41055              ,aug                ,2009               
48.2448873734297   ,0.0726240936492213 ,264.069080632758   ,-1.80641219303556  ,5.20423790395453   ,61.5912454850208   ,27.3271610384929   ,76.0262761174472   ,283.722249923788   ,300.290733635143   ,277.526808321857   ,0.00699047714800466,3.42631019488413   ,9.74703012947678   ,10.2564220309069   ,41065              ,aug                ,2009               
44.2392392316942   ,0.130427599793288  ,216.93064478859    ,-0.359443357968847 ,3.9249778509469    ,57.3078672519583   ,24.5748564282264   ,74.2039103344839   ,280.286346897016   ,296.985579130665   ,204.140016198737   ,0.00527709909145788,3.38131983546626   ,10.6464812489798   ,10.8312698212944   ,41059              ,sep                ,2009               
50.7850160397407   ,0.0607355288281985 ,218.32841270267    ,0.704843835375491  ,3.97864283893631   ,66.9407091823213   ,21.3411343405019   ,59.4323468229432   ,280.219346142927   ,295.609205779496   ,208.23120868256    ,0.0044379914848154 ,3.18378684607905   ,9.33548628822629   ,8.37103231445059   ,41063              ,sep                ,2009               
45.1604954529391   ,0.153617845133051  ,210.444444744977   ,-2.11248788662762  ,4.03483452609696   ,56.151339453386    ,25.5757922844945   ,75.405602526956    ,280.920597736831   ,297.305783644272   ,207.34018086272    ,0.00545396820386469,3.58095493399348   ,10.8381611018905   ,11.1403372538235   ,41049              ,sep                ,2009               
47.2472375419149   ,0.0845540391319573 ,215.548350213486   ,0.760830540035242  ,3.96838124641175   ,60.1836780862063   ,22.0301771986534   ,68.3444691592087   ,278.941180103443   ,295.395789052704   ,208.980685170805   ,0.00469348624493321,3.44560215038037   ,10.424896532773    ,9.85658623866093   ,41061              ,sep                ,2009               
46.6960017490749   ,0.152616685401773  ,223.205371562858   ,-2.82800331471726  ,4.19374878951608   ,57.013353178315    ,25.046961113541    ,75.8719491648999   ,281.495373739363   ,298.090327277768   ,205.666009280407   ,0.00548909427243247,3.72727194414411   ,10.6181692892143   ,11.1407460383471   ,41021              ,sep                ,2009               
47.6925799343655   ,0.220225770248656  ,223.719370417287   ,-2.85029419925478  ,4.30195865923898   ,56.4682750765111   ,25.1271848547528   ,75.9666021875006   ,281.609602784274   ,297.988361029969   ,204.664448272229   ,0.00543274982202867,3.98626477339579   ,10.6991943020105   ,11.3103754201595   ,41055              ,sep                ,2009               
41.8773909982285   ,0.273177696109142  ,219.246565100062   ,-1.95697120334574  ,3.87895511724084   ,52.8602634100925   ,27.8001580473612   ,77.4395042213434   ,280.420915892037   ,296.425059958623   ,205.536550662642   ,0.00547855046935772,3.51543215905036   ,11.408221163746    ,11.8196885494641   ,41065              ,sep                ,2009               
20.1078663802341   ,1.75125612358666   ,217.742833210271   ,-0.670789392163004 ,1.78526256175836   ,31.1696060066281   ,41.4245470110562   ,88.1103772204341   ,275.017045788519   ,285.770327257769   ,112.525321027148   ,0.00454252561466597,3.93365298596439   ,15.2891853116461   ,17.0268069662821   ,41059              ,oct                ,2009               
20.9864221822889   ,1.92051934608263   ,231.696057858431   ,0.212524644638106  ,1.77418461597795   ,35.3872488601305   ,40.4553290187385   ,83.547885596174    ,273.312796955208   ,283.197545368892   ,120.451249159515   ,0.00395581412377324,4.08704232318109   ,13.8722939239569   ,15.7215336945749   ,41063              ,oct                ,2009               
21.2560794613299   ,1.31582938475804   ,199.130361324302   ,-1.95579541221352  ,1.8617617556713    ,31.3230277776034   ,40.7845142629778   ,88.6849736842004   ,275.460454637025   ,286.403523108017   ,114.316742638361   ,0.00460835365169909,3.98298587439793   ,15.2581577101303   ,16.9141411012219   ,41049              ,oct                ,2009               
18.624527263047    ,2.16636324696234   ,238.56200621066    ,0.31743913445729   ,1.69256188399001   ,29.9085706578646   ,43.1135144423983   ,87.2340641023248   ,273.2130341354     ,283.0190811139     ,118.515507857347   ,0.00414612862197215,4.24895235234549   ,15.4580593432719   ,17.1404469989107   ,41061              ,oct                ,2009               
21.2186621588688   ,1.3154089317621    ,201.709894366425   ,-2.48521795422023  ,1.9559894981559    ,31.1369666529439   ,38.7988332410356   ,89.1731892162725   ,275.677497562766   ,287.251873061645   ,118.070387652144   ,0.00458900849405814,3.91844578650032   ,15.3665231780077   ,16.962763750749    ,41021              ,oct                ,2009               
22.6960823902331   ,1.37342138806914   ,191.313125175136   ,-2.45622170363602  ,2.08873614828511   ,32.2212863476675   ,36.705308645587    ,88.0853649967685   ,275.76155461943    ,287.602406082772   ,120.783202663725   ,0.00444904268035873,4.10207676865586   ,15.2359691052094   ,16.6796929791747   ,41055              ,oct                ,2009               
19.0335249330521   ,1.76464681772787   ,205.377572413536   ,-1.84281428882844  ,1.81491957307176   ,29.2360477778951   ,40.7087862015631   ,89.9227678068187   ,275.208510971614   ,286.20473208701    ,122.389549597716   ,0.00451018097987359,3.75450725314832   ,15.9788362382363   ,17.4128371377898   ,41065              ,oct                ,2009               
13.6149017543214   ,1.4762819652127    ,199.675561587618   ,-0.799774751209404 ,1.22659075593547   ,18.3594510318178   ,46.0508759459649   ,89.8482191843702   ,271.999455609858   ,281.828045027777   ,72.3309830435064   ,0.00362726581460492,4.41569254271703   ,19.974405673166    ,18.661338519208    ,41059              ,nov                ,2009               
15.2101103897168   ,1.78549122579378   ,211.67993834156    ,-0.0925187131830671,1.16867224703041   ,21.1243330780926   ,47.3966785559843   ,86.1013391285787   ,270.22091335928    ,279.119197568026   ,77.2787386688597   ,0.00319075898211292,4.60746164677582   ,18.7631405979325   ,17.8740699590781   ,41063              ,nov                ,2009               
16.7196866743171   ,0.937628281834888  ,204.973203011291   ,-1.77643122261662  ,1.21859762323776   ,20.4201163933955   ,45.5290107741198   ,91.5697904818137   ,272.092358868451   ,282.436202198714   ,73.6616902739174   ,0.00375677664673003,4.40771032342944   ,19.2149594558263   ,18.5954878613587   ,41049              ,nov                ,2009               
14.8776637924874   ,1.73324237006989   ,204.483775772606   ,0.0773217687225678 ,1.23157044362016   ,19.2984482114676   ,47.6415336097121   ,85.0796793622931   ,270.169021814919   ,278.912028256012   ,75.9421812014325   ,0.00314870964447343,5.07609629234169   ,19.6733730884442   ,17.7316963198548   ,41061              ,nov                ,2009               
13.953552037892    ,0.901716414270773  ,204.746661312666   ,-2.20584656705311  ,1.12967473910164   ,18.3417271882037   ,49.059593055328    ,93.4232092818363   ,272.545503921225   ,282.527209221179   ,72.2790012127996   ,0.0039058197481567 ,4.21780448439987   ,19.610660678717    ,19.300863288799    ,41021              ,nov                ,2009               
12.2205063018271   ,1.04458427186293   ,207.383786110385   ,-2.1460371617206   ,1.11888855854322   ,16.3328752776568   ,50.7401099615859   ,95.600707788077    ,272.326306672868   ,282.667713190566   ,70.0317650722481   ,0.00397938680215548,4.46702259727854   ,20.1153154109189   ,20.080042817021    ,41055              ,nov                ,2009               
9.4385515018744    ,2.04561397106254   ,201.974068822042   ,-1.57585504060728  ,1.03679434683958   ,11.9201294688815   ,54.1794656660173   ,95.4562248478958   ,271.997984909141   ,281.381566927539   ,69.4283496126058   ,0.00393492870217134,4.72530488590909   ,22.1441259806529   ,21.1053396823338   ,41065              ,nov                ,2009               
11.9900665450348   ,1.91132772998806   ,179.321913781968   ,-1.41230802904716  ,0.542480219556553  ,16.814940286444    ,55.9089022371153   ,87.1826222350266   ,265.807550255142   ,273.312368105789   ,55.6443099972428   ,0.00241803260883802,3.03275523430793   ,20.6542590640239   ,18.7438885341943   ,41059              ,dec                ,2009               
14.1952728731693   ,1.75920055762611   ,206.990466232764   ,-0.799762885639822 ,0.640871085359396  ,21.0965671911685   ,51.1838593151742   ,80.1759543705653   ,264.246816548434   ,272.18509665447    ,58.4682070824928   ,0.00213940917742686,3.53708246149522   ,19.3768058079384   ,16.7966237606424   ,41063              ,dec                ,2009               
12.6807587351527   ,1.20120263604047   ,163.184448540441   ,-2.12380175760591  ,0.526802428458764  ,17.9989210615087   ,55.5358659341489   ,89.6232803601037   ,266.175338345007   ,273.750916047953   ,56.0179161727532   ,0.0024982000634922 ,2.85704225208903   ,19.9343652618701   ,18.9923385959645   ,41049              ,dec                ,2009               
13.6880209075284   ,2.2457195976073    ,195.498239733731   ,-0.969069018959999 ,0.648614055289285  ,19.7231182131535   ,53.488745538217    ,80.492192425355    ,264.220980416129   ,271.994552265685   ,60.992139941243    ,0.00216879283431572,3.96084974055428   ,19.7842174854985   ,17.0898695064278   ,41061              ,dec                ,2009               
11.3789286720007   ,1.08935583472584   ,158.633368508907   ,-2.49176284637593  ,0.519183427948722  ,16.6004535256044   ,54.6731452384107   ,90.1501697852266   ,266.426605497831   ,274.046183969718   ,56.8380964597066   ,0.00253564769578789,2.80980219986137   ,20.45394580444     ,19.362004243456    ,41021              ,dec                ,2009               
11.8313656719004   ,1.1426371834751    ,156.681216375637   ,-2.46055536067974  ,0.542792478667075  ,15.5697904914617   ,53.1458146204958   ,90.4310168000457   ,266.460395646421   ,274.201900108888   ,56.530758712538    ,0.0025525221314402 ,3.17818832246997   ,21.0300233889277   ,19.6958240289669   ,41055              ,dec                ,2009               
12.209236202377    ,2.06404729002295   ,170.258381511745   ,-1.82336582498308  ,0.653743716992189  ,14.3934636185299   ,51.6616680609133   ,87.4118755685885   ,266.752245160676   ,274.279117759106   ,58.7837268341764   ,0.00253702534284249,3.88573512415045   ,22.1103696139172   ,19.0517741568624   ,41065              ,dec                ,2009               
