bi,pr,th,pdsi,pet,erc,rmin,rmax,tmmn,tmmx,srad,sph,vs,fm1000,fm100,countyfips,month,year
4.45769927334327   ,3.63278895811669   ,207.900798813091   ,-2.12557908553819  ,0.959338951283297  ,4.30381041754403   ,57.5737211098658   ,94.2563744051745   ,272.507578443345   ,280.236134992606   ,54.9640589930822   ,0.00402259885601475,5.21648954798576   ,26.855164822491    ,22.2184749225143   ,41059              ,jan                ,2006               
6.47627058266064   ,3.58770708835054   ,218.361604959465   ,-1.66267083883003  ,0.770836666057896  ,6.32934007137547   ,61.4810364836364   ,94.1391493825054   ,269.327097504881   ,276.49094216183    ,61.5572006210312   ,0.00343790792376441,5.49869032143982   ,25.3263848104354   ,22.0924478703956   ,41063              ,jan                ,2006               
6.98192677775512   ,2.24099775907826   ,215.529508004739   ,-0.732554374721038 ,1.00166752902872   ,6.33301728553935   ,56.3720151071431   ,94.6310510121574   ,272.9199871971     ,280.71751943961    ,54.1659253955874   ,0.00409612186875394,5.37951167941275   ,25.1703234785937   ,21.4103728489102   ,41049              ,jan                ,2006               
3.9242736614768    ,4.56915613297612   ,207.519165362347   ,-2.02668661796507  ,0.777982624738589  ,3.02596949280461   ,63.1037502753692   ,94.510535995137    ,269.742518339229   ,276.369048795165   ,61.4677490573155   ,0.0035006205158639 ,5.88075469287445   ,27.4024061380749   ,22.9784778166558   ,41061              ,jan                ,2006               
5.85815458003503   ,2.32562672856551   ,215.995056186195   ,0.680190347015045  ,0.846389864099756  ,4.09795405693432   ,60.3041098681925   ,95.5987215436667   ,273.39869858284    ,280.430663897817   ,54.592251042637    ,0.00422814242481314,4.98346677481492   ,26.5781808964768   ,22.1363882782334   ,41021              ,jan                ,2006               
4.42355504672035   ,2.57329961974044   ,218.706813169637   ,1.87925005057867   ,0.779310364063237  ,2.1803866383733    ,62.8456122461883   ,97.0057521561725   ,273.260360674596   ,280.182432815503   ,54.5980490033434   ,0.00427114409674785,5.1113925230231    ,28.1503539726748   ,22.8885742655972   ,41055              ,jan                ,2006               
3.0606108545394    ,4.3707254986152    ,218.0672096868     ,1.27168926774946   ,0.717635528771951  ,1.65143650674995   ,64.5508659947088   ,96.9961430932339   ,272.318969738036   ,278.92537753404    ,55.9844907394468   ,0.00409775621588472,5.48993991105052   ,29.5808018923111   ,23.7307609235696   ,41065              ,jan                ,2006               
16.3479973447393   ,1.06572157654703   ,184.21377893289    ,-1.59952606145646  ,1.43161582900255   ,19.6040323743028   ,40.853072736437    ,81.8969609523113   ,268.478727427314   ,279.342804254624   ,100.640446692903   ,0.00266762830806664,4.12824846810133   ,21.7388303349801   ,15.637141687473    ,41059              ,feb                ,2006               
15.8598653250345   ,1.267730390827     ,190.988110274311   ,-1.28601678092649  ,1.35993429549507   ,21.0913326022386   ,38.9593326563721   ,78.8303368744198   ,266.122420310498   ,276.853903981951   ,108.856464601301   ,0.0022991973559552 ,4.29989860059468   ,21.0791345679319   ,15.0843334368595   ,41063              ,feb                ,2006               
19.9613745181806   ,0.448428015835533  ,162.927693871939   ,0.271206515075649  ,1.46187013916799   ,23.266275115711    ,40.7899525103145   ,82.8806365468918   ,269.020931279561   ,279.992552495484   ,104.136094681434   ,0.00276527567027365,4.26796729198992   ,19.9641660902156   ,15.2515535715719   ,41049              ,feb                ,2006               
14.7702175248089   ,1.35992638551921   ,194.743464991448   ,-1.6155739210454   ,1.38260664010857   ,17.7369789657323   ,41.3186307657333   ,78.342564510332    ,266.362529282343   ,276.805112295807   ,110.382688198224   ,0.00237669848743128,4.56646587138559   ,22.6632828310474   ,15.3017148538452   ,41061              ,feb                ,2006               
18.7435545323372   ,0.517708176095088  ,159.298793946247   ,2.04715648437521   ,1.39880921338713   ,20.1371266016607   ,42.8866564081631   ,84.8233748188819   ,269.604740049633   ,280.211047844626   ,106.603564103107   ,0.00291657020513368,4.22300287967214   ,21.2939851052319   ,15.9775154714058   ,41021              ,feb                ,2006               
18.9786679121551   ,0.681884563531892  ,157.345917784381   ,2.65668361182334   ,1.3804693020874    ,17.8000352732042   ,43.4855272925288   ,85.9821955936594   ,269.80405361013    ,280.052955927008   ,106.893383714091   ,0.00298831307243117,4.56005259476285   ,22.5082445479276   ,16.5286248982102   ,41055              ,feb                ,2006               
15.6399722376936   ,1.10965908332652   ,169.122855280921   ,2.33427707743256   ,1.34018032136676   ,14.3996581930642   ,43.6267186133734   ,86.651307673205    ,268.959855110456   ,279.189731779553   ,107.694304933716   ,0.00287750768199897,4.64304904631285   ,24.4086045818729   ,17.2032416391643   ,41065              ,feb                ,2006               
11.4050340545789   ,2.28398700124992   ,186.80684527734    ,-1.8548345407985   ,1.97889670993853   ,18.3578669383479   ,42.7967469107007   ,90.5723436910152   ,272.306002730362   ,282.680735422846   ,155.25195186756    ,0.00364101038555042,4.06035406401437   ,20.2422125096556   ,17.5267687412797   ,41059              ,mar                ,2006               
10.181587983029    ,2.79657109205277   ,203.118355407641   ,-1.35077329273504  ,1.72346835268316   ,17.731447251098    ,44.9077811828457   ,89.6123775068696   ,269.442749115513   ,279.016335950112   ,160.393412023803   ,0.00316778200155486,4.08940008338461   ,20.2436391036397   ,17.6387601026745   ,41063              ,mar                ,2006               
16.8427073387365   ,1.41944053390606   ,185.801475151711   ,-0.252704102530891 ,2.04578245998818   ,23.8966421082986   ,39.6423051249757   ,91.1442095230327   ,272.740887918136   ,283.399675988724   ,153.407667660306   ,0.00366473549641639,3.88803858175972   ,18.3863373771549   ,16.7471232332102   ,41049              ,mar                ,2006               
9.73689183095587   ,2.9018556948904    ,193.763848552933   ,-1.77012629974863  ,1.75478867118409   ,14.9769102808941   ,46.8110412298375   ,91.5200100598322   ,269.561383089455   ,279.213934503614   ,165.812022282924   ,0.00328728916354949,4.56996988308283   ,21.2134299364474   ,18.3454332409794   ,41061              ,mar                ,2006               
18.1013862790778   ,0.983872026035305  ,189.694972856366   ,1.63242916547482   ,2.03931664349092   ,23.6797436623711   ,40.8642786315111   ,92.1186360236709   ,273.432663443278   ,283.893172273591   ,153.235062924088   ,0.00384614513585567,3.86633062054605   ,18.5967841572092   ,16.7500336238529   ,41021              ,mar                ,2006               
17.8193600875174   ,0.774695132376787  ,185.47262319715    ,2.31705709368165   ,1.99657247646016   ,21.4835184900024   ,42.411276645333    ,94.5276134162101   ,273.309912539995   ,283.749162790169   ,154.301478775419   ,0.00393807159013269,4.02855423923214   ,19.369907534588    ,17.4148174262321   ,41055              ,mar                ,2006               
12.2416852409613   ,1.36107822876087   ,201.192209289884   ,1.96534693472684   ,1.84375323735822   ,16.3683009448912   ,44.2056421613647   ,94.7175546639377   ,271.98243396936    ,282.046023347538   ,148.239536533518   ,0.00370396795736427,4.0930525272697    ,21.149708241733    ,18.2369671881544   ,41065              ,mar                ,2006               
14.995453210028    ,2.00716860898941   ,218.753345030572   ,-0.964478281620586 ,3.16475812633898   ,19.9311918893808   ,41.1787265020754   ,83.9556375785642   ,275.189107324798   ,287.899308515806   ,224.262021317387   ,0.00444585129161978,3.79290103294926   ,21.1418167133731   ,15.7560185996639   ,41059              ,apr                ,2006               
13.3202495525856   ,2.2369109685917    ,220.833533430876   ,-0.647726110243488 ,2.92828820242887   ,19.8796998306213   ,40.9650587176943   ,82.7181808807355   ,273.085644128439   ,284.880132999731   ,227.411196981888   ,0.00400256638726277,3.8703973478718    ,20.8434134668404   ,15.5840350013513   ,41063              ,apr                ,2006               
19.1819982882137   ,1.25427345400627   ,222.212325433058   ,0.491762928503775  ,3.30030810226529   ,25.0673101508493   ,37.6230568032822   ,85.1752928455879   ,275.509460493158   ,288.616248494626   ,228.169157196964   ,0.0044515354822944 ,3.87772458701754   ,19.2125092834286   ,15.0588634897069   ,41049              ,apr                ,2006               
12.9564200684386   ,2.1565581069807    ,225.985177398527   ,-1.30885752447892  ,3.01359358489513   ,18.5741742079493   ,42.0996281182717   ,82.606185078876    ,272.90747688576    ,285.122907944667   ,235.207223462705   ,0.00400364542245834,4.09346357642868   ,21.4170321815397   ,15.7335390430811   ,41061              ,apr                ,2006               
21.4657223980901   ,1.00440280338498   ,224.810774762691   ,2.17892733353618   ,3.38691768220809   ,26.9031446368869   ,37.7548199020206   ,87.3318221093406   ,276.040465106042   ,289.338268971118   ,234.374815817718   ,0.0046755738916306 ,3.98024715633493   ,18.4661056668046   ,14.993539549427    ,41021              ,apr                ,2006               
22.6111724900078   ,1.04064256042881   ,220.97893935995    ,2.8188434465122    ,3.40151521627434   ,26.2102920644697   ,38.7487297777544   ,89.0971728170592   ,275.934519699721   ,289.282221648753   ,239.567031982303   ,0.00476813603151266,4.22501756273515   ,18.7276452294102   ,15.3043705785019   ,41055              ,apr                ,2006               
17.3169016516107   ,1.16553111042662   ,213.037826400388   ,2.20984261126924   ,3.15822320201643   ,22.1971332344919   ,39.1255222445787   ,90.961194826673    ,274.382330816665   ,288.102454938792   ,234.731126543118   ,0.00453055190684443,3.81793135752859   ,20.083582460519    ,16.0076798888816   ,41065              ,apr                ,2006               
22.3884816254512   ,2.13045472233749   ,193.386178032969   ,-0.794968046607709 ,4.5874814026454    ,37.642838966029    ,31.2977137642013   ,72.6037046085741   ,279.268073905255   ,293.842362802983   ,277.078909049047   ,0.00531848571653958,3.3327135750815    ,15.251564297455    ,11.9614066283333   ,41059              ,may                ,2006               
21.7387082015782   ,1.95960748127748   ,198.919254702107   ,-0.864911811543511 ,4.46242978755438   ,38.606786261233    ,29.8485915118191   ,68.5223033722383   ,277.300579497004   ,291.920896863604   ,281.267499223886   ,0.00466792937987259,3.24567617266906   ,15.028088221237    ,11.3555727798299   ,41063              ,may                ,2006               
23.5506740257946   ,1.73951908746969   ,192.389837667133   ,0.474748009165674  ,4.73832748203418   ,39.6422936845079   ,29.1248731561618   ,75.3858254892845   ,279.865036023628   ,294.339453433217   ,275.037709496912   ,0.00538602412117636,3.65799676936093   ,14.5194973937162   ,11.8979548162714   ,41049              ,may                ,2006               
20.3148474013267   ,2.4200344853658    ,201.385666271393   ,-1.50098616839406  ,4.3587422379741    ,34.7154712571798   ,33.498216297768    ,71.809513027931    ,277.012997661364   ,291.264192117671   ,283.759793375821   ,0.00486532251920094,3.36035150063793   ,15.9081963388343   ,12.372508607714    ,41061              ,may                ,2006               
25.7447649779857   ,1.41198483552095   ,205.175222097367   ,2.23042130051585   ,4.93832833187402   ,41.4599044941386   ,28.6138934702564   ,76.4206887421412   ,280.630198606671   ,295.301640631441   ,279.239241501112   ,0.00560616054380071,3.78840448305552   ,14.017247536583    ,11.6030783259564   ,41021              ,may                ,2006               
28.0474423819083   ,1.36868172517432   ,207.358492450587   ,3.04540174304858   ,5.04319693913574   ,41.8201612988141   ,29.5185206529667   ,76.8010873274631   ,280.589576500988   ,295.031258503011   ,289.013962269099   ,0.00566533780678277,4.03642772784932   ,13.9693168366862   ,11.5128992844294   ,41055              ,may                ,2006               
23.9341358055571   ,1.41535146790247   ,209.547419141377   ,2.0564051454347    ,4.6396651581648    ,38.031227938707    ,31.3942716238382   ,79.0697616405331   ,278.93413175799    ,293.623896809859   ,284.011451030192   ,0.00545073108083652,3.51083084388966   ,14.9730259246491   ,12.1866496268838   ,41065              ,may                ,2006               
19.9023225961779   ,1.95721878589647   ,222.408442300862   ,-0.13881729211798  ,5.05739411884059   ,32.7721475490145   ,37.1105117987323   ,78.8755760266555   ,282.66230992534    ,297.104426099765   ,299.929705445919   ,0.00703387224813409,2.99017047270244   ,17.0296765192192   ,12.6922792266799   ,41059              ,jun                ,2006               
19.277686864413    ,1.80535217857462   ,227.833259258622   ,-1.01778025547646  ,4.68385883810776   ,35.0467144950564   ,37.1403966796982   ,72.5896389600002   ,281.033731656197   ,294.688564804717   ,288.507262082756   ,0.00653925509594212,2.62150071741262   ,16.1014017062587   ,12.0499060593841   ,41063              ,jun                ,2006               
23.3195388818004   ,1.5571955755509    ,215.273314797004   ,1.24718787747047   ,5.3764934724122    ,34.0486403165271   ,34.8421793217018   ,81.7639125231465   ,283.189351724621   ,297.814910843401   ,309.028917558281   ,0.00707589468642838,3.39833638601486   ,16.7496305790663   ,12.7425865762937   ,41049              ,jun                ,2006               
17.7222963302257   ,1.81522732323702   ,234.20492207572    ,-1.33861457103875  ,4.71301722022241   ,31.3076053865456   ,39.0544568340474   ,76.3557318181167   ,280.61149477735    ,294.632123637886   ,297.505502011648   ,0.00673762546254345,2.8242204981331    ,17.2620123219588   ,12.7440829956581   ,41061              ,jun                ,2006               
26.2228738528969   ,1.20040867550407   ,229.136573576858   ,2.84279697121593   ,5.61340384348913   ,34.959906276658    ,34.6456401206895   ,84.9693779698387   ,283.637659880722   ,298.690240554148   ,317.514869846878   ,0.00728828276030355,3.64149902738455   ,16.4048544742509   ,13.0882444192338   ,41021              ,jun                ,2006               
28.2318130105396   ,0.966704911127193  ,234.645422768058   ,3.64119846267775   ,5.67628455461814   ,35.4807331801855   ,35.6126301005105   ,86.449082672015    ,283.719788011101   ,298.545425611351   ,322.752946467706   ,0.00740438172989479,3.85289243017024   ,16.1875626454344   ,13.3023653032255   ,41055              ,jun                ,2006               
25.0731253176779   ,1.12882279294725   ,242.295233051663   ,2.2308152474285    ,5.27554945675273   ,33.2365977361764   ,37.3941427350878   ,85.7945941146993   ,282.169463974983   ,297.160640994578   ,313.143805894355   ,0.00714835141189888,3.35299601989285   ,16.8719522310952   ,13.5767446683744   ,41065              ,jun                ,2006               
46.355109529228    ,0.156902763401245  ,233.490815295371   ,0.257878383496356  ,6.47061234456661   ,62.9642784889374   ,21.8486016989518   ,60.269757317366    ,285.837837830437   ,303.649694656669   ,316.020366158554   ,0.00642679292615921,3.0010584375939    ,10.6998044857228   ,7.55031561041663   ,41059              ,jul                ,2006               
42.3116363115722   ,0.351134090703052  ,235.575397521853   ,-1.28081926998643  ,6.12859489381004   ,63.1181020078394   ,20.5241906474036   ,51.5177322729108   ,284.570803300861   ,301.795375411784   ,319.080248923273   ,0.00569978360599926,2.55289206314834   ,10.8108928677408   ,7.10182017083903   ,41063              ,jul                ,2006               
49.7057556915076   ,0.138778622408933  ,243.106761992853   ,1.55615044244602   ,6.80862247265386   ,62.389845834715    ,21.2886022031559   ,64.9502368297876   ,286.281040817232   ,304.128388284852   ,320.543711192784   ,0.00667190935896916,3.46415082004762   ,10.8003374542503   ,7.88537458891483   ,41049              ,jul                ,2006               
41.6035144436889   ,0.287957955550882  ,248.529789003331   ,-1.35248670198844  ,6.02270345410613   ,59.7329547262249   ,23.0259904641167   ,58.9035858294063   ,283.801027392316   ,301.312675184997   ,316.254791375224   ,0.00628183590869851,2.70917112815907   ,11.3832458908175   ,7.82999329555562   ,41061              ,jul                ,2006               
51.6973808492166   ,0.115767910090164  ,256.990742992062   ,2.97341614645875   ,7.05535536004508   ,61.2892807458342   ,21.3270549168045   ,70.4762084918394   ,286.654532047724   ,304.708655023764   ,323.925373927797   ,0.00703888482582604,3.8400044241588    ,10.9314167185329   ,8.33724066473223   ,41021              ,jul                ,2006               
52.1002903342633   ,0.116091768320743  ,260.963293026672   ,3.69585585896267   ,7.05511772598867   ,59.9147315274497   ,22.5651587400992   ,73.8056396451273   ,286.683523955648   ,304.194162319481   ,327.506355610912   ,0.00732728778387261,4.10712321764612   ,11.0548459973971   ,8.76701078332161   ,41055              ,jul                ,2006               
43.640286606329    ,0.111606724444292  ,270.477289472674   ,2.17378540063261   ,6.33250455871024   ,55.7895131114372   ,25.720826064799    ,76.4150378886753   ,284.432116491775   ,302.431402326751   ,327.065168959439   ,0.0072835178428171 ,3.26881191800237   ,11.7663882507114   ,9.52845856827698   ,41065              ,jul                ,2006               
53.3488572132643   ,0.122774975899192  ,236.749503708795   ,-0.024383817231961 ,5.5409364948235    ,70.7484816687913   ,19.4349588738168   ,64.3622512492429   ,282.883663163636   ,301.396083588122   ,279.878840731087   ,0.00524952117508815,3.0686914143247    ,8.5721198862064    ,8.29704757690226   ,41059              ,aug                ,2006               
48.0752690500263   ,0.580837233669799  ,235.033431619559   ,-1.65618505917429  ,5.2182402938248    ,71.5554294074171   ,17.3851649555481   ,53.6719910153519   ,281.936094817151   ,299.161243576404   ,276.952311562061   ,0.00451699841577997,2.71027964675585   ,8.48070167064559   ,7.45643615168695   ,41063              ,aug                ,2006               
54.563573514522    ,0.0565230473183917 ,239.239156499442   ,1.14253848234279   ,5.70231233404569   ,69.0815015323177   ,20.5478428617319   ,67.1260819349754   ,283.82057879048    ,301.928689285018   ,283.17188867003    ,0.0056854893102443 ,3.31730063639869   ,8.83281130594209   ,8.67531654712337   ,41049              ,aug                ,2006               
49.143867311282    ,0.372717351504694  ,249.171398289219   ,-1.54612294382764  ,5.26892538055487   ,68.1658563160412   ,19.1219303888232   ,61.0627600573772   ,280.980462794758   ,298.863315530319   ,280.403343997957   ,0.00485705214911239,2.99474616750499   ,9.05323601840075   ,8.26255476259226   ,41061              ,aug                ,2006               
53.3958733364874   ,0.0672608925232228 ,244.23813708587    ,2.54910232395377   ,5.92674622419627   ,65.4940851119829   ,21.1545653798366   ,71.4646407534628   ,284.6106987306     ,302.893738790215   ,285.195153960651   ,0.00612212693445931,3.56677312660966   ,9.40741682269902   ,9.30658378748603   ,41021              ,aug                ,2006               
52.2195298844517   ,0.056816210686722  ,245.840350564145   ,3.26652126168182   ,5.9237547049633    ,61.7778280945774   ,22.9603922878475   ,75.2811975862323   ,284.700800025133   ,302.619769096554   ,286.60609792822    ,0.0064641403386057 ,3.78778128070981   ,10.0290161238776   ,10.0523586508419   ,41055              ,aug                ,2006               
46.181010586488    ,0.0642963356093828 ,248.328869458382   ,1.73118719816347   ,5.41548342537688   ,58.7743903409001   ,25.197947927844    ,75.5926651108829   ,282.788884144617   ,301.023781410778   ,288.221845419588   ,0.00632478822489353,3.20427725898009   ,10.5958852411903   ,10.4323245093234   ,41065              ,aug                ,2006               
39.7119965255625   ,0.724140061627226  ,223.353832804019   ,-0.522091453152793 ,3.73679357690132   ,57.6015167342643   ,24.617619705437    ,71.6139775930914   ,280.774320993992   ,296.928591310952   ,200.984964228624   ,0.00492643878502755,3.10826814815764   ,10.3321903460599   ,11.4661306818063   ,41059              ,sep                ,2006               
37.47359460248     ,1.36346890499038   ,237.693059192525   ,-1.84410302252411  ,3.62668697107366   ,60.8888628266074   ,21.6453892284062   ,60.1960850881252   ,279.858188760753   ,294.720259657995   ,203.901522196034   ,0.00404537778039325,2.81699882543587   ,9.90652181710397   ,10.1520460634798   ,41063              ,sep                ,2006               
42.9391668550153   ,0.405441512469118  ,211.817462360006   ,0.561337672723343  ,3.92575593718684   ,57.423314540174    ,24.8939771033082   ,73.8056790107208   ,281.189612486142   ,297.562404370266   ,203.661528963485   ,0.00514677949313742,3.47342636247684   ,10.3959425962824   ,11.5665827599912   ,41049              ,sep                ,2006               
37.7362179512493   ,1.12703313383791   ,239.014325353707   ,-1.77109944062315  ,3.64861901942595   ,57.3344776163768   ,23.1575628583421   ,66.8658922638913   ,279.045595878946   ,294.639418508271   ,205.639038691894   ,0.00434612429512994,3.09119179928254   ,10.5284175499771   ,11.0950152277063   ,41061              ,sep                ,2006               
45.0114944987746   ,0.190699317728203  ,221.432703817482   ,1.92071941647739   ,4.11366737447264   ,56.7916327871207   ,24.5620231692823   ,76.5875705730812   ,281.78731113136    ,298.785171595766   ,203.294029169662   ,0.00541098694948311,3.69991322409043   ,10.5573085949176   ,11.6149289821603   ,41021              ,sep                ,2006               
47.4802036397695   ,0.0685285295949809 ,223.525248814187   ,2.61417316228558   ,4.17902343949379   ,55.5859492952596   ,25.8180615399084   ,78.5540117617007   ,281.767939178288   ,298.747624212492   ,203.265776951364   ,0.00560132228611872,3.97397269959803   ,10.8604031579536   ,11.7993413585901   ,41055              ,sep                ,2006               
41.7849330307622   ,0.139222304235851  ,238.341029877337   ,1.16690058533244   ,3.78825963626282   ,53.3302969541305   ,27.2675222921483   ,78.1905526501315   ,280.313535365154   ,297.198027356317   ,204.985431800078   ,0.00537235947384079,3.41411227281462   ,11.3057419213382   ,12.051413086763    ,41065              ,sep                ,2006               
26.2531964502693   ,0.912812869570062  ,197.627167699413   ,-0.55792104637057  ,1.85438513523415   ,37.3259582472673   ,34.5606437613123   ,83.9964938926738   ,274.159799278763   ,287.699087449766   ,129.01306947147    ,0.00420997760126333,3.31557064695386   ,14.6479278336578   ,14.984053248805    ,41059              ,oct                ,2006               
30.8619281290006   ,0.690248023000093  ,214.121642568177   ,-1.60364867944817  ,1.91084523219342   ,45.0630594765981   ,30.8091662401489   ,75.0153479965497   ,272.785161265126   ,285.705438932715   ,134.230177587616   ,0.00354131787717815,3.22431671318905   ,12.9652877513318   ,12.6896605769963   ,41063              ,oct                ,2006               
26.438451584992    ,0.817708902030786  ,190.27309299071    ,0.537765003738959  ,1.9238001024717    ,36.6725045628412   ,35.3296724877392   ,84.6616904326859   ,274.820864184727   ,288.314219214026   ,132.451875647184   ,0.00438161033119453,3.5310270260177    ,14.7514181380295   ,15.2578081362071   ,41049              ,oct                ,2006               
28.3561985460835   ,0.886264367908987  ,211.108984008598   ,-1.59201965506645  ,1.88167908624177   ,39.6628209403481   ,33.3014830230005   ,79.0694881762797   ,272.306287790266   ,285.462636263235   ,134.895221035075   ,0.00370632652820588,3.49358168928711   ,14.1653507440416   ,13.9158852434025   ,41061              ,oct                ,2006               
25.2827376548108   ,0.793293320106251  ,188.232915732997   ,1.6899643290414    ,1.95773398996629   ,34.9297894480017   ,35.7324916862701   ,88.3955370590461   ,275.260887871516   ,289.353874699677   ,135.061131131636   ,0.00466805859402566,3.57429858393872   ,14.9916562216933   ,16.0063831725271   ,41021              ,oct                ,2006               
27.5572109032253   ,0.528516280141738  ,184.255886666349   ,2.11572985876838   ,1.99867766694154   ,35.7207233347638   ,36.6496406081847   ,89.8128502217357   ,275.494696725969   ,289.482299416094   ,137.504959505114   ,0.00482947857516549,3.8877262898637    ,14.618761013688    ,16.1371590014877   ,41055              ,oct                ,2006               
25.7714858697808   ,0.67509738166123   ,203.461142987692   ,0.663988073472955  ,1.87836055070693   ,34.9585157380139   ,37.6620413884694   ,89.3857266976606   ,274.407358407203   ,288.243613726932   ,139.36746209223    ,0.004610582293619  ,3.56118019663021   ,14.8633220938867   ,16.2169327934897   ,41065              ,oct                ,2006               
3.91896603454303   ,3.7231287754003    ,205.277214450203   ,-0.38718162181558  ,1.29524309327065   ,12.4712413283825   ,48.4511105072156   ,90.6534025505942   ,273.161218788871   ,281.502522249201   ,59.2134496441477   ,0.00396865202313408,5.27002082134846   ,21.1850830878643   ,20.0510702144758   ,41059              ,nov                ,2006               
4.55989346326717   ,4.10240361969701   ,220.171491342825   ,-1.3795341965775   ,1.16096508941919   ,14.4154922660919   ,49.2712673306187   ,89.9575546554752   ,270.620939075141   ,278.563798627876   ,63.9310744248348   ,0.00354682908540047,5.6231015448109    ,20.0679442272598   ,19.9173455365054   ,41063              ,nov                ,2006               
6.99404623986939   ,1.95301646210682   ,207.303986638483   ,0.523470117422438  ,1.28494386874776   ,16.2583381502135   ,46.9771572055617   ,91.2263943141252   ,273.31461811565    ,281.931606930505   ,59.8460305576757   ,0.00411311054674796,5.41577821502927   ,19.6213644100525   ,19.1882213446066   ,41049              ,nov                ,2006               
3.08081423320382   ,4.44421601287131   ,208.702719668793   ,-1.30641899383608  ,1.20899866634681   ,12.4338832602089   ,50.7991335142002   ,88.1535936349311   ,271.205571137103   ,278.831124347954   ,63.0930883138366   ,0.00362801876956302,5.7188726154816    ,20.9090830746403   ,19.7409690047684   ,41061              ,nov                ,2006               
6.7875856253049    ,1.97919681340899   ,209.341084471157   ,1.65647342247494   ,1.14019917547149   ,14.1578352149387   ,48.9990717033471   ,93.118510160718    ,273.706207447454   ,282.177966993065   ,59.5396015489855   ,0.00432850898750117,5.0866088268556    ,20.4875873956834   ,19.9046338141038   ,41021              ,nov                ,2006               
6.5571977471773    ,2.46216034831708   ,213.431143329762   ,2.12422948215905   ,1.01915386582908   ,11.433760379965    ,52.4071986248619   ,94.9850002151251   ,273.919611565365   ,281.854863918966   ,58.564570198654    ,0.00449853410393355,5.29929816091967   ,21.5407393384863   ,20.9392690768251   ,41055              ,nov                ,2006               
4.93971073517432   ,4.9932300294138    ,216.783079143486   ,0.969014917943184  ,1.04971770177702   ,8.41437193392141   ,54.1223399715824   ,94.5704991024228   ,273.622588983282   ,280.820239971549   ,58.3965977112267   ,0.00433909638938418,5.82104589522302   ,23.3948081527834   ,21.8775259607044   ,41065              ,nov                ,2006               
8.8586837160196    ,2.31576780615      ,187.25280278981    ,-0.350062650847534 ,0.73678450955337   ,10.72291860701     ,57.3513464475046   ,89.1548366719261   ,269.546196756931   ,276.693305021038   ,54.8725408988809   ,0.00306771951279768,3.88439734571225   ,23.2634082922609   ,20.0814427167375   ,41059              ,dec                ,2006               
12.9391948973471   ,2.25074094221309   ,205.918873661104   ,-1.22399614818502  ,0.915515666408573  ,17.6702329999032   ,47.3866291615235   ,80.5239549414539   ,267.580050224358   ,275.906536113855   ,57.5504812596839   ,0.00256713287945088,4.43349788855492   ,21.1119910216832   ,17.2248605244087   ,41063              ,dec                ,2006               
10.4409586327419   ,1.60289677381125   ,185.057409000646   ,0.347533653281947  ,0.641177259106026  ,12.6715741115      ,57.9583246671301   ,92.3164070407341   ,269.553853792254   ,276.878399730103   ,55.6949855412488   ,0.0031676789646644 ,3.44302384362639   ,22.1659284510121   ,20.5736579456463   ,41049              ,dec                ,2006               
11.3975910020437   ,2.76394814433016   ,190.103142196592   ,-1.26378864274722  ,0.911477949927128  ,14.3098534574177   ,52.503585944627    ,81.9083488082886   ,267.883415497203   ,275.526363257891   ,59.6074322124371   ,0.0027155993777469 ,5.10208022362901   ,22.1042369328409   ,18.064770308836    ,41061              ,dec                ,2006               
8.19964442016237   ,1.95166422013456   ,178.931313033736   ,1.49283803536879   ,0.537271312870261  ,8.70752998549088   ,63.0718050560839   ,96.1925188591637   ,269.562494898611   ,276.782409072365   ,55.8361359159004   ,0.00329662853818158,3.25640108702794   ,23.6024725720194   ,22.1382064009835   ,41021              ,dec                ,2006               
7.3866574386958    ,2.39055472620805   ,177.177465436612   ,2.12667557788871   ,0.480697623282293  ,6.41398678728771   ,67.0670003604703   ,97.5295725430197   ,269.689579234579   ,276.55300958942    ,55.7361227792141   ,0.0033902415769496 ,3.46353115834455   ,24.714899365572    ,22.983381107955    ,41055              ,dec                ,2006               
7.69577648660939   ,3.46381370314421   ,188.062954265356   ,1.29013040535247   ,0.657448213021238  ,7.31904816446651   ,60.9725330875933   ,93.2480181278327   ,269.831115050416   ,276.92104320867    ,56.8498011226699   ,0.00327206536959792,4.08145651212013   ,25.1888995326945   ,21.5352922618158   ,41065              ,dec                ,2006               
