bi,pr,th,pdsi,pet,erc,rmin,rmax,tmmn,tmmx,srad,sph,vs,fm1000,fm100,countyfips,month,year
8.47911969104028   ,2.4346655505357    ,203.997686324209   ,-1.74619286823771  ,0.917899020779396  ,11.0623609866494   ,53.952894072277    ,87.5704832388738   ,267.83457476154    ,275.98883160626    ,60.8764223247174   ,0.00265249021488084,4.63495621712601   ,23.3069486046571   ,19.1744692590954   ,41059              ,jan                ,2008               
8.52658164764595   ,3.18539911773944   ,212.473451011893   ,-2.00199333326522  ,0.893138714873364  ,12.0796309923678   ,53.9838422084269   ,82.2173221621695   ,265.827652828596   ,273.433011670051   ,66.9544855467815   ,0.00229849155964288,5.16510094174838   ,23.0565681120302   ,18.2170380421963   ,41063              ,jan                ,2008               
11.8192429508946   ,1.38950051918935   ,199.042127821521   ,-1.12967581756557  ,0.926906268953713  ,15.1177562481718   ,52.7985488544987   ,89.1605354224361   ,267.837258575213   ,276.476632601263   ,63.3151419321803   ,0.00268962399039615,4.54953992704024   ,21.2312075429381   ,18.9334456509904   ,41049              ,jan                ,2008               
7.04226675170569   ,3.18612329621493   ,209.024568131453   ,-2.36339162666611  ,0.897792541730314  ,9.02316351255919   ,56.9253009882737   ,82.8201666545982   ,265.794226915852   ,273.321165059772   ,68.579600799041    ,0.0023493679829006 ,5.57069043681138   ,24.2302269809135   ,18.7908509336492   ,41061              ,jan                ,2008               
10.0130058498458   ,1.3584140363336    ,196.165915361453   ,-0.533564122276014 ,0.854452515464347  ,13.2431110834384   ,54.5761267079597   ,91.8973703591397   ,268.085457826178   ,276.656277964993   ,65.2042226570661   ,0.00278335660653032,4.28268101376829   ,21.6978617986196   ,19.7743715632089   ,41021              ,jan                ,2008               
8.82932160676207   ,1.7053898166253    ,196.817253839608   ,0.00983975428619012,0.810888736965049  ,10.8277640626449   ,55.7896975686563   ,93.1149204788827   ,268.263637422548   ,276.495364339008   ,66.2651968919833   ,0.00283332851323074,4.47084316832798   ,22.7706090009251   ,20.2968401645314   ,41055              ,jan                ,2008               
6.98555599565775   ,3.45049389734269   ,202.080242947229   ,-0.0984594509057649,0.834800854328656  ,7.35067844987999   ,55.6481881903584   ,92.7252262731326   ,267.961273888662   ,276.11485268039    ,69.103703325947    ,0.00280580004477487,4.97201452478716   ,25.7826372454674   ,21.0642506501685   ,41065              ,jan                ,2008               
12.7993585714285   ,1.26464617143622   ,203.673941119307   ,-1.54257499537596  ,1.3371212089429    ,15.7570825051689   ,51.136312841354    ,86.7181654423052   ,271.85756769063    ,281.424113696774   ,95.9104556419315   ,0.00353720298508542,3.82943459915291   ,22.2355042381905   ,17.6879814567155   ,41059              ,feb                ,2008               
12.8416964193034   ,1.97464440080182   ,226.945499014776   ,-1.36933071289585  ,1.21749906659268   ,16.7884701573078   ,49.9648447918606   ,82.1530618160278   ,269.332405890618   ,278.068526194646   ,102.948927095125   ,0.00298605478949119,4.04026862527137   ,21.7530475769724   ,16.9589096220521   ,41063              ,feb                ,2008               
18.4847174592549   ,0.457349272039437  ,197.241001022424   ,-1.26956997135468  ,1.45466937788427   ,21.8521492926519   ,49.2263528582046   ,86.3927801147538   ,272.283073680652   ,282.514993610539   ,100.886695117851   ,0.00361037249483583,3.97050823228365   ,19.7762430096261   ,16.646871713399    ,41049              ,feb                ,2008               
10.8136072552715   ,2.47522129593729   ,215.352263609064   ,-1.99676114850574  ,1.22474489831472   ,13.5386394340345   ,51.7340839999904   ,82.9750485304171   ,269.460009333696   ,278.184613199924   ,103.929784033034   ,0.00307715749218189,4.07680511666984   ,22.9392167049321   ,17.6178687307149   ,41061              ,feb                ,2008               
18.7129105115154   ,0.337181180112155  ,199.142724693043   ,-0.760794532354321 ,1.45069073549355   ,20.1884640172022   ,51.1300541059299   ,88.9850886937981   ,272.679892219385   ,282.964175167074   ,105.398450268499   ,0.0037577207508671 ,3.93576549753286   ,20.4383100575737   ,17.3120902831796   ,41021              ,feb                ,2008               
17.5050481006403   ,0.428024913630166  ,197.907155984227   ,-0.186721014505666 ,1.49245249167545   ,17.4185841637616   ,52.3253808814282   ,90.2404124388221   ,272.837796710786   ,283.069944874087   ,108.435739323609   ,0.0038189397729566 ,4.28163578754031   ,21.5398938548296   ,17.9299344606168   ,41055              ,feb                ,2008               
12.6960949046458   ,0.992371951240105  ,204.160519087033   ,0.392643846592974  ,1.38277464181612   ,13.4399999173133   ,51.9408921898503   ,91.2493050685137   ,272.077361107825   ,282.238838486698   ,110.333457764966   ,0.00370965528868   ,3.9601437257075    ,23.7638993923004   ,18.7866744265888   ,41065              ,feb                ,2008               
10.5993427256415   ,2.26383541863435   ,228.95981933082    ,-1.77407595646957  ,1.84665360142089   ,18.0388689916666   ,44.0629304646682   ,90.2477547393551   ,271.192076001965   ,281.7323563186     ,145.90905303075    ,0.00343151128470072,4.34077627843541   ,20.3621407876894   ,17.4900859543157   ,41059              ,mar                ,2008               
8.70036578685447   ,1.95239203981257   ,239.216660071678   ,-1.2622603019287   ,1.60371325155285   ,17.8110237220013   ,43.4681997539065   ,91.0073461437935   ,268.344113538154   ,278.124566412714   ,149.828653055579   ,0.00294573614882217,4.2097978455479    ,20.0710327588165   ,17.4670926531739   ,41063              ,mar                ,2008               
15.7429260313756   ,0.995038817303997  ,229.778662782246   ,-1.88887547006192  ,1.98281461093307   ,24.2419585640662   ,40.759141820042    ,89.5425617209642   ,271.322419712741   ,282.745650929427   ,150.232522440045   ,0.00343144229029339,4.56293334429519   ,18.0251323355752   ,16.2142495374949   ,41049              ,mar                ,2008               
6.84032203319053   ,2.68038482125871   ,234.670993054146   ,-1.80101693153627  ,1.57500777808806   ,13.522728115157    ,45.59776059739     ,93.2353776218501   ,268.521451452233   ,278.450685040023   ,148.333574277117   ,0.00310599196434083,4.2145602880318    ,21.7119827858436   ,18.6159668035595   ,41061              ,mar                ,2008               
18.4483874509373   ,0.640391409272041  ,231.298043214098   ,-1.53601050496914  ,2.01399122488229   ,25.110434767239    ,41.1536183835849   ,90.5688930071863   ,271.910789102741   ,283.493546427004   ,153.41469291978    ,0.00357423434372109,4.5122567053421    ,17.9531073342097   ,16.1805861022836   ,41021              ,mar                ,2008               
19.2818915944206   ,0.516109554809999  ,230.848582034785   ,-1.06435800223933  ,2.0026520354987    ,24.2544331768283   ,42.1106594965787   ,91.8929332818789   ,272.02704909504    ,283.305112906749   ,155.373950770791   ,0.00360587017955545,4.69182830162935   ,18.3152336190049   ,16.4670461586479   ,41055              ,mar                ,2008               
13.5067049404019   ,1.27292855534036   ,230.626160001852   ,-0.34742527536537  ,1.8371873501907    ,19.7568006710804   ,43.275688043384    ,91.9861042275986   ,271.216940822095   ,281.864027970321   ,150.564467480527   ,0.00346426249551102,4.34554427918191   ,19.925775592063    ,17.2409219597325   ,41065              ,mar                ,2008               
19.7453774714425   ,1.02376335699925   ,237.775639268389   ,-1.71371712084144  ,3.06112045456242   ,28.5580603048427   ,37.1486869375174   ,81.0320584301391   ,272.883414919013   ,285.593908396672   ,216.054460089307   ,0.00348038439789636,4.16644533611752   ,18.0234822465884   ,13.8596074826933   ,41059              ,apr                ,2008               
13.5911928029733   ,1.30456783942496   ,248.492361362164   ,-1.10636483409848  ,2.70160574486831   ,25.4719944497275   ,37.3470490370597   ,82.726118586947    ,270.295770787415   ,282.373562606065   ,210.214629297101   ,0.00308196294097836,3.8451326327342    ,18.2521818131556   ,14.3732533951461   ,41063              ,apr                ,2008               
27.2138535442337   ,0.593389003998218  ,231.180982068233   ,-2.18581117842392  ,3.18143248528398   ,34.4631176570739   ,34.1782212651837   ,83.7481835348652   ,272.730983136295   ,286.342404893805   ,220.900659315832   ,0.0034696641949515 ,4.38981123800677   ,16.0085848805792   ,13.5004645792394   ,41049              ,apr                ,2008               
12.5398954127011   ,1.4606476103634    ,247.056147136924   ,-1.50801396233187  ,2.73576744633938   ,21.7579788965204   ,39.0731304599621   ,84.5283328042992   ,270.430443952898   ,282.470461531274   ,218.163825071358   ,0.0032024978265768 ,4.03340405774215   ,19.7147431487409   ,15.1143088086839   ,41061              ,apr                ,2008               
26.1107217328031   ,0.451806443931519  ,230.991546982017   ,-1.95831967333085  ,3.18390777162755   ,33.3366793550966   ,35.2436354048633   ,87.2629999820185   ,273.065255767558   ,286.827949476656   ,222.873182210249   ,0.00365427988196193,4.46779990070297   ,15.9714660129287   ,14.0135207433831   ,41021              ,apr                ,2008               
29.3113427031953   ,0.389204052128406  ,230.037949683745   ,-1.58745625583531  ,3.14180568561219   ,33.5454698915835   ,36.8751082816319   ,87.5116892604568   ,273.322896226433   ,286.356375273766   ,225.791566999707   ,0.00370628318225613,4.66642188903881   ,15.9945386987913   ,14.1046893177441   ,41055              ,apr                ,2008               
20.211180618484    ,0.744823327638562  ,228.610455065294   ,-0.740095287562864 ,2.86720008420314   ,27.449164697991    ,39.7334519278105   ,88.9765216013768   ,272.408644394478   ,284.997313452471   ,218.625011093448   ,0.00364756813087763,4.14739479988975   ,17.8334286959484   ,15.0750775393906   ,41065              ,apr                ,2008               
20.0036722437368   ,2.01504700253997   ,225.899974591729   ,-2.20138026340546  ,4.27139826711363   ,34.3876299748205   ,39.1696784770838   ,79.1617521572459   ,279.59174764821    ,292.620431889838   ,262.001877932435   ,0.00568660642304666,3.49515888856354   ,15.5284457093654   ,13.3670136132981   ,41059              ,may                ,2008               
18.4860165937481   ,2.25821797272408   ,228.466725366267   ,-1.47305739611997  ,3.84061044381296   ,33.6875030132951   ,38.3448759424695   ,78.0034725979599   ,277.157544105714   ,289.613393223799   ,252.48100739614    ,0.00506376867805098,3.1707162740717    ,15.5616863800069   ,13.2290112984898   ,41063              ,may                ,2008               
27.1869883259331   ,1.50562307352709   ,225.767144277483   ,-2.71217841471677  ,4.50938806888059   ,40.5786409872123   ,35.7793128263747   ,79.2833097316469   ,279.892655398229   ,293.254910276259   ,265.147580363102   ,0.00559693464773866,3.87802933092315   ,13.8873808844994   ,12.2998429824927   ,41049              ,may                ,2008               
15.4776073590817   ,2.74849521860997   ,239.113004231973   ,-1.79905137135168  ,3.85577648500673   ,28.4946316415121   ,42.2458430839791   ,81.2353651506309   ,277.104961638031   ,289.436438256875   ,264.202460452087   ,0.00534595475254498,3.44839403986788   ,16.9462767251598   ,14.3500925090673   ,41061              ,may                ,2008               
30.2530234572104   ,0.987313576635018  ,236.879688022567   ,-2.5401015066345   ,4.72954507932801   ,41.5629345550427   ,34.9367321882192   ,80.0982063701505   ,280.600670663212   ,294.083466185499   ,273.009615876975   ,0.00574394735023076,4.05806069334987   ,13.7007773040024   ,12.0382476779308   ,41021              ,may                ,2008               
31.8839066539602   ,0.760945759507041  ,240.046870514697   ,-2.08568715849496  ,4.83788252220899   ,41.7510573051264   ,35.2744360236352   ,79.4736961835377   ,280.854319450293   ,293.915708094627   ,280.326781577467   ,0.00573769667892724,4.27101934423898   ,13.6820921606443   ,11.9340488658359   ,41055              ,may                ,2008               
24.7036795576523   ,1.10903547149026   ,237.752706596337   ,-1.28380645147203  ,4.345438262405     ,35.0222295295458   ,38.8096094241186   ,84.0347934533299   ,278.898144017002   ,292.086842598956   ,275.774706438006   ,0.00562532779257181,3.84242013599005   ,15.4601081119855   ,13.4062841478725   ,41065              ,may                ,2008               
24.798857462799    ,1.36482512228536   ,237.016635929117   ,-1.83828000296688  ,5.22472597073114   ,35.7021269921945   ,33.6539783573572   ,72.6245734457938   ,280.980891628981   ,295.795859736428   ,301.326840359433   ,0.00563194859771893,3.80901499365273   ,16.856047824887    ,11.8555664640389   ,41059              ,jun                ,2008               
21.1223413250458   ,1.14752722946462   ,252.364789171151   ,-1.25697900811623  ,4.71296772485152   ,35.2813298147076   ,34.2748335247551   ,68.5140946398248   ,279.361520607155   ,293.107203988206   ,286.060885340906   ,0.00531693732436249,3.32567534103191   ,16.6593400858499   ,11.3864900158835   ,41063              ,jun                ,2008               
32.1284413561433   ,0.881514860343767  ,236.200806918927   ,-2.37739578289927  ,5.61972655439668   ,41.6770293173366   ,29.7814828370046   ,74.3561554221375   ,281.327279396789   ,296.739831009044   ,311.956646842024   ,0.00550665361151533,4.30913219512237   ,14.9788601648953   ,11.2792055636592   ,41049              ,jun                ,2008               
17.8140900691445   ,1.68342081492085   ,256.990301358459   ,-1.0775021461517   ,4.72897593876952   ,29.3028022721177   ,36.6734466674396   ,72.9415907855878   ,278.636501957144   ,292.879160230346   ,297.625170684626   ,0.00552508531713191,3.54141336936519   ,18.4576105904677   ,12.5780764084098   ,41061              ,jun                ,2008               
38.5413202358118   ,0.482792778785861  ,245.286807833675   ,-2.44888649909507  ,5.91120418834568   ,45.9605989592078   ,28.1733655450365   ,75.8768845298181   ,281.462882261973   ,297.630205780748   ,318.506837196776   ,0.00551245056093893,4.59029978955398   ,13.9136805090615   ,10.7970891545992   ,41021              ,jun                ,2008               
44.4640147061557   ,0.264638368814428  ,245.696405909521   ,-2.14111084232495  ,6.012875519324     ,49.0525665801868   ,28.0684149581322   ,76.3058778703329   ,281.22582479555    ,297.356734233061   ,324.374507434094   ,0.00543456963966029,4.84284826741349   ,13.2066507099665   ,10.4223687379681   ,41055              ,jun                ,2008               
33.5867150565674   ,0.464866261173795  ,253.846570626206   ,-1.32483789292468  ,5.38803310963009   ,42.7789840639703   ,31.1337082204841   ,77.5941723040304   ,279.619481475759   ,295.671768275026   ,315.657053702769   ,0.00542218997718501,4.02027520747174   ,14.7786794466109   ,11.2219042261349   ,41065              ,jun                ,2008               
51.0122373916394   ,0.067757941704483  ,249.31177179913    ,-1.84253853847317  ,6.25463314298075   ,66.7829879224109   ,22.9148616269215   ,58.7075611234501   ,284.570588910307   ,301.407689849782   ,316.604012445924   ,0.00601495764052091,3.18225701563609   ,9.91462778431359   ,7.26606099864301   ,41059              ,jul                ,2008               
44.6242786010022   ,0.392219156320124  ,247.82883486746    ,-1.53452465136954  ,5.78624495053813   ,64.6539391852813   ,22.6844755567387   ,52.8726828944299   ,283.012086013357   ,299.133197476357   ,315.36506810781    ,0.00547336990885534,2.72476184205105   ,10.1840547059423   ,7.34110993721026   ,41063              ,jul                ,2008               
57.7495337444265   ,0.00905320708327067,242.662859380451   ,-2.47046979424425  ,6.67035737520455   ,69.3757606548869   ,21.2792756178153   ,61.7602326450789   ,285.037990791051   ,302.221755847438   ,323.089198535931   ,0.00605040779791073,3.64459713608444   ,9.41256261196033   ,7.2971216089076    ,41049              ,jul                ,2008               
43.759852140888    ,0.188223110599282  ,265.82299572278    ,-0.927450760587266 ,5.71721000610619   ,60.9189678512689   ,24.827419976645    ,59.6638172840132   ,282.178412160566   ,298.702678825959   ,314.641076430454   ,0.00592062560841812,2.92317025486286   ,10.9232124272783   ,7.88041639278629   ,41061              ,jul                ,2008               
60.0479190643269   ,0.0425269410741431 ,254.59885140204    ,-2.54857616634585  ,6.97310338130113   ,70.3715609968931   ,20.4244481793038   ,63.894593360513    ,285.605935915238   ,303.125265269446   ,324.036745720308   ,0.00613796903095878,3.96582743538728   ,9.05557221039149   ,7.348443243083     ,41021              ,jul                ,2008               
60.4421797152884   ,0.0760429939657444 ,259.571392750888   ,-2.26590551992398  ,7.03681997712255   ,69.890263963119    ,20.8638581378665   ,64.8510135639121   ,285.767477847612   ,302.857077172018   ,324.915546258201   ,0.00619865029543769,4.22094559284949   ,9.02462140453737   ,7.49532237045721   ,41055              ,jul                ,2008               
50.5827135570334   ,0.0513931148298182 ,258.57636706314    ,-1.54175581916993  ,6.24194150631101   ,63.9042736380179   ,24.2061460513496   ,69.5066351634917   ,283.473986129365   ,301.170859948039   ,322.801140560693   ,0.00635081877881111,3.35207660389678   ,10.0919178731729   ,8.45246442720149   ,41065              ,jul                ,2008               
42.8337350988923   ,0.723311459579177  ,215.164560536932   ,-1.7797034951482   ,5.12415628928808   ,59.3141509658937   ,26.9031009329763   ,72.2542045276864   ,284.122946757329   ,300.093737428857   ,259.998954702458   ,0.00663836564778362,3.46403593197385   ,9.9727969645588    ,10.50142856478     ,41059              ,aug                ,2008               
41.784296338332    ,0.876189609654643  ,218.583327448686   ,-1.64406198397982  ,5.00507302056874   ,62.7512238016522   ,24.3251899099501   ,63.2326031426073   ,282.897864879778   ,298.448413699146   ,264.545723367593   ,0.0058060166903403 ,3.11784338845226   ,9.53076065301949   ,9.17391158095499   ,41063              ,aug                ,2008               
46.6320557066637   ,0.384750520764241  ,213.036590856211   ,-2.39803789537823  ,5.29818971402499   ,59.9164246678493   ,27.3269446113991   ,75.0916546886182   ,284.507136097028   ,300.53226681751    ,259.979140743133   ,0.00686815630408151,3.84427891855626   ,9.7580546183152    ,10.6422671125338   ,41049              ,aug                ,2008               
39.1481083211173   ,0.849849936296056  ,222.441614002704   ,-0.971678605711149 ,4.80372183676119   ,56.6492290859914   ,26.9180499072665   ,72.4930445778565   ,281.736466946558   ,297.816116060768   ,264.975238471599   ,0.00630189920218319,3.20626431433436   ,10.5313820184345   ,10.6279974260638   ,41061              ,aug                ,2008               
46.3173367855067   ,0.323822053066474  ,221.312564265981   ,-2.40190750978139  ,5.52181827156417   ,60.5542082177576   ,26.5428815940141   ,74.5244900609309   ,285.571798970279   ,301.393540698599   ,256.837251934706   ,0.00698149152729307,4.05518366490955   ,9.53558963996813   ,10.3664376145573   ,41021              ,aug                ,2008               
46.5804873098232   ,0.302784868741436  ,219.421085124465   ,-2.12235748015896  ,5.53508831288225   ,60.7764454229758   ,27.2922893025654   ,73.9686096258331   ,286.022146210943   ,301.189785205875   ,253.953098250344   ,0.0070833003368398 ,4.23267128691991   ,9.44046267656263   ,10.2037483055037   ,41055              ,aug                ,2008               
38.5706857225624   ,0.383302834764245  ,226.212880021746   ,-1.49964249545126  ,4.91977746597456   ,54.2070316905876   ,31.3651423254572   ,78.3356861286893   ,284.268453682784   ,299.496312243606   ,256.710201786052   ,0.00728245396828118,3.47527805312485   ,10.6773939269478   ,11.4088765308098   ,41065              ,aug                ,2008               
39.8896190209742   ,0.273763711516957  ,197.478026775841   ,-1.63514068209932  ,3.71156377683807   ,55.7452622432582   ,24.0678229098288   ,70.4619174121495   ,280.590712210885   ,297.040979844319   ,208.322752248162   ,0.00493167058579371,2.92124474328875   ,11.1993523891925   ,10.7637092206125   ,41059              ,sep                ,2008               
42.6694364746057   ,0.820749234192785  ,209.50155268423    ,-1.58226950720331  ,3.68487155581618   ,62.0750278567934   ,22.0611293795503   ,59.0816587400325   ,279.872606235673   ,295.171444920004   ,211.837117595717   ,0.00418918823257809,2.8614233730452    ,10.0965190523432   ,9.18318259636839   ,41063              ,sep                ,2008               
42.2329430871825   ,0.110111112512947  ,193.666708222838   ,-2.3026882610812   ,3.86339257187868   ,56.7648733129052   ,23.8174817627013   ,72.1989639594293   ,280.722128089519   ,297.632236588563   ,211.806153925218   ,0.00503159909075155,3.05380813940761   ,10.9510709753419   ,10.8157668039645   ,41049              ,sep                ,2008               
38.5297045523477   ,0.680859036202784  ,210.954018663703   ,-0.944833885981661 ,3.66597384815844   ,54.6605403005341   ,23.4549522657551   ,66.7127590582106   ,278.909437010965   ,295.024054855535   ,211.873194783529   ,0.0044906137667696 ,3.03577514544436   ,11.490115703104    ,10.6365378932796   ,41061              ,sep                ,2008               
44.081084208848    ,0.0910585817683585 ,195.438304767733   ,-2.30848295843896  ,4.06353668420584   ,57.8293462417678   ,22.7755572395254   ,73.6465949066805   ,281.361699079965   ,298.674054149831   ,211.895558257735   ,0.00510014953298605,3.14063062910475   ,10.7503418631122   ,10.8180911944849   ,41021              ,sep                ,2008               
45.4947398500062   ,0.0927131689838034 ,196.03728920384    ,-2.02338878237996  ,4.22190032482844   ,57.7205714078907   ,22.4274894747818   ,74.5435672990528   ,281.540400222868   ,298.758986528482   ,213.355911568684   ,0.00506511200353282,3.34579269755305   ,10.7508367322806   ,10.9345507284354   ,41055              ,sep                ,2008               
40.6211118184284   ,0.100521875635403  ,195.216648913859   ,-1.47817423022502  ,4.00401038747475   ,53.3570437747745   ,24.4071556096125   ,76.3025608709642   ,280.399119998247   ,297.648470520399   ,215.161424563333   ,0.00511859042218849,3.12369602532376   ,11.6583904303593   ,11.4719035607859   ,41065              ,sep                ,2008               
25.5093342502913   ,0.553122719100807  ,217.901930134132   ,-1.77794409232321  ,2.04409678126599   ,37.4254973725716   ,34.2975035855669   ,82.898313769467    ,276.072817959915   ,288.784617056681   ,123.154656051647   ,0.00452677137659854,3.43531842010095   ,14.4082403680601   ,14.6952466231028   ,41059              ,oct                ,2008               
30.8998651173563   ,0.674166186513728  ,219.39946609679    ,-1.54676114092201  ,2.15031356482979   ,44.6340561670884   ,32.3456749536909   ,72.9895070120306   ,275.244666355339   ,286.75495498196    ,126.966233304895   ,0.0039377021878174 ,3.76230038843667   ,12.7075222152473   ,12.6824282358281   ,41063              ,oct                ,2008               
28.6345374268116   ,0.366387551976627  ,209.099177713049   ,-2.3666608585321   ,2.05109338018917   ,38.7374002142263   ,33.9883840977592   ,84.4250769081238   ,276.220594970827   ,289.485526677785   ,127.568228726934   ,0.0046541061464758 ,3.32806633371816   ,14.1378266398638   ,14.8396078686802   ,41049              ,oct                ,2008               
25.3412180592347   ,0.788820029751849  ,220.995057650621   ,-0.994989499575775 ,2.09399395089423   ,36.974370362188    ,34.8666471235973   ,79.1858277360741   ,274.826834392054   ,286.502901940933   ,127.110330668715   ,0.00420316688917901,3.90495663727483   ,14.4778985123386   ,14.3155285474837   ,41061              ,oct                ,2008               
28.2468972247497   ,0.382118902088198  ,209.444401228324   ,-2.2965812140336   ,2.07400194567761   ,38.0019199559122   ,34.0418855397446   ,86.5825936973545   ,276.656079220134   ,290.257206519855   ,129.99772573275    ,0.00487165097058159,3.33439468912711   ,14.2853250506971   ,15.1397264248777   ,41021              ,oct                ,2008               
28.0206012952936   ,0.390522609500138  ,203.02632337225    ,-2.02340111978167  ,2.09153673596437   ,37.222517509187    ,35.4192528225435   ,87.2763067183236   ,276.8518058951     ,290.004179569713   ,131.790331997212   ,0.00497990336800245,3.56696547242611   ,14.3701260537387   ,15.2921324243997   ,41055              ,oct                ,2008               
23.949771601396    ,0.732209010648453  ,209.879721257308   ,-1.52792479766168  ,1.84270873015488   ,33.7073186749901   ,38.3925070238074   ,88.4046940443901   ,276.19061643929    ,288.58774560512    ,132.555016323806   ,0.00501107758116483,3.27828862158569   ,15.2462393100015   ,15.9634011326558   ,41065              ,oct                ,2008               
13.3112899505528   ,1.56845152120684   ,200.899231856675   ,-2.13326599306034  ,0.977741271855256  ,20.7055666492154   ,52.2887009537509   ,92.091434288446    ,274.254513679488   ,283.333681885507   ,69.9083493329568   ,0.00468488332715757,3.89653067635023   ,18.4110871487106   ,18.8621168093966   ,41059              ,nov                ,2008               
14.5752869419578   ,2.1024222438317    ,214.068379001184   ,-1.77546898282561  ,0.950473589853477  ,22.7913036041247   ,53.2608294722084   ,87.8290204592796   ,273.09900008515    ,281.121136991239   ,70.8149790572675   ,0.00435561353328805,4.06750143042881   ,17.6173760374665   ,18.112114385347    ,41063              ,nov                ,2008               
16.4918886588585   ,0.86435070152006   ,197.671282616211   ,-2.60176926445587  ,1.00743471177435   ,23.2390255699607   ,50.5025326709681   ,93.1432852675153   ,274.429123679755   ,283.973177681169   ,72.1457933166264   ,0.00470548593344689,3.94650479975379   ,17.6001772217309   ,18.5421952061628   ,41049              ,nov                ,2008               
13.8104267114642   ,2.17484729964179   ,202.336929981959   ,-1.44359774993035  ,1.04409276580553   ,20.5956800600459   ,52.6552534160693   ,88.3281721678683   ,272.853057758347   ,281.223681227445   ,72.4722736160844   ,0.00429042119841348,4.43481486175776   ,18.5379809663718   ,18.3853773559759   ,41061              ,nov                ,2008               
14.7675725808437   ,0.746968460646187  ,197.028706623291   ,-2.55555557509448  ,0.978946106351884  ,22.3048673444226   ,51.9718546667654   ,94.5084365249123   ,274.758885363043   ,284.358012645395   ,72.1510843974212   ,0.00480789024076428,3.76249121421258   ,17.7235746153225   ,18.8831329303751   ,41021              ,nov                ,2008               
15.3668811972306   ,0.743643917756239  ,195.526900204209   ,-2.34129154821585  ,0.990850820937003  ,21.4113811968828   ,53.0468762849507   ,95.639147149099    ,274.847484084458   ,284.343176343892   ,71.8322390271906   ,0.00486891044956881,4.03382966274987   ,17.9636483946274   ,19.269393078765    ,41055              ,nov                ,2008               
12.6247052212374   ,1.60710091011739   ,189.665712611409   ,-1.82905602089268  ,0.960261201248349  ,17.5160182580912   ,55.4463817823183   ,94.2574644325867   ,274.717304371417   ,283.630028116008   ,72.1513753634603   ,0.004831090594525  ,3.98581252939588   ,19.6363672957091   ,19.8416680827656   ,41065              ,nov                ,2008               
7.19544613509828   ,3.30445118594018   ,212.248171827759   ,-2.57509984352336  ,0.61002386940343   ,10.3258200665762   ,60.4000341572246   ,92.8673891476974   ,266.485633150315   ,274.643802676506   ,50.974697007775    ,0.00275927623185531,3.92340753309544   ,22.5295497301662   ,22.2947459697197   ,41059              ,dec                ,2008               
8.5089370011717    ,3.31803318031462   ,229.659716567029   ,-2.09159030728824  ,0.595695892897259  ,13.1867115135083   ,59.9349394681015   ,89.8036313729408   ,265.664876982771   ,272.839056023907   ,51.4981631420709   ,0.0025678412726593 ,4.14663310302617   ,21.1147190227375   ,20.8488534115967   ,41063              ,dec                ,2008               
10.2381178552954   ,1.56506443026672   ,189.914118479018   ,-3.02202268576747  ,0.706782275524777  ,13.3514162362448   ,58.130313825108    ,93.7103822793012   ,266.526264836443   ,275.192066106081   ,52.1554941337146   ,0.00274779534337751,4.35750334337744   ,20.7758803066367   ,21.4317658973614   ,41049              ,dec                ,2008               
6.78034802597223   ,4.40511866109361   ,220.806483248497   ,-1.93016878741759  ,0.580453835002802  ,10.5967353653428   ,61.7557687079661   ,89.4088353817159   ,265.887178735929   ,272.985167979802   ,54.4281634133735   ,0.00263553583973908,4.25188456765909   ,22.3789827792635   ,21.6449615616661   ,41061              ,dec                ,2008               
11.0768658154155   ,1.30745890902579   ,190.777698282741   ,-3.03021307838007  ,0.688586267692301  ,13.3840087232316   ,57.6743343396996   ,94.5699416802275   ,266.744715243201   ,275.461467074521   ,51.6466420613257   ,0.00277319606757824,4.24586363727645   ,20.8134231885274   ,21.4257644784495   ,41021              ,dec                ,2008               
10.8302399148716   ,1.32206183178732   ,186.110249599518   ,-2.92470721473471  ,0.733248543152567  ,13.6589060133942   ,56.9336368097896   ,94.2522602717082   ,266.874373717429   ,275.7131205925     ,50.3295894951848   ,0.00278759896870953,4.68051101105255   ,20.7579310123451   ,21.1361726299829   ,41055              ,dec                ,2008               
9.20119209464845   ,2.4325257262393    ,195.107072126421   ,-2.39731168927568  ,0.698302266344417  ,11.9816716203549   ,57.9440875383153   ,93.0810469005677   ,267.075001314248   ,275.332961292756   ,51.950233724234    ,0.00279785936646577,4.72761783294652   ,21.8753790251488   ,21.4529116735407   ,41065              ,dec                ,2008               
