bi,pr,th,pdsi,pet,erc,rmin,rmax,tmmn,tmmx,srad,sph,vs,fm1000,fm100,countyfips,month,year
3.08993748038329   ,3.07732090987289   ,195.374224463871   ,3.52941628191908   ,0.612426234861246  ,3.0777668740313    ,59.8744880737491   ,95.9382072712361   ,267.437076264634   ,275.858581688027   ,59.4288127647967   ,0.00316165905697608,3.96413480043029   ,27.4628225294756   ,23.0573137999345   ,41059              ,jan                ,1996               
3.74620735997718   ,2.93330198355706   ,211.855392490724   ,3.86048800600714   ,0.556810667792941  ,4.25556295772556   ,60.5435059188371   ,95.5580804370043   ,265.295190365837   ,273.571691170143   ,62.8266534782709   ,0.00285700785297878,4.38329533329068   ,26.1960266030671   ,22.7983334588865   ,41063              ,jan                ,1996               
5.83887437627732   ,1.67076567262713   ,191.543454108805   ,2.62915824751579   ,0.695334229858652  ,5.38809953340861   ,59.1800825236275   ,95.9956679567254   ,268.10934674315    ,276.636743661178   ,60.1148111645867   ,0.00328350964492195,4.29527129370545   ,25.3571053294591   ,21.9930188066753   ,41049              ,jan                ,1996               
2.01202460838052   ,3.62910298813581   ,208.538835135479   ,3.80094675919647   ,0.567104409468608  ,2.02251768982973   ,61.2247638229923   ,95.9893563049146   ,265.688315654285   ,273.782837146195   ,65.8558218426934   ,0.00292334162197536,4.62174365238477   ,28.0421845422044   ,23.5526131886308   ,41061              ,jan                ,1996               
6.26002866715734   ,1.69235550440577   ,190.113029735739   ,2.73345246250006   ,0.664376205302233  ,4.65484609459631   ,61.27933603706     ,95.3478063337951   ,269.017715909724   ,276.994645725867   ,61.4593988728046   ,0.00342998600272902,4.21883650033833   ,25.7412306617127   ,21.9000625763598   ,41021              ,jan                ,1996               
5.3589220508256    ,1.88503379704614   ,189.294754523418   ,3.57930238460704   ,0.643827054328434  ,2.78985949054831   ,63.0952496149926   ,96.9234945278891   ,269.176324432379   ,277.412145767543   ,62.9067860693105   ,0.0035795492372507 ,4.55803685371796   ,26.9351004994696   ,22.7249769694039   ,41055              ,jan                ,1996               
3.35507396421334   ,3.46717716706871   ,199.542340281395   ,3.16207358989034   ,0.606873687362033  ,1.68830665672457   ,64.1226103838803   ,97.3545501818558   ,268.941657394706   ,276.913009046926   ,65.0641794880939   ,0.00358617774796921,4.88392581549952   ,29.1367502167347   ,23.7841624267765   ,41065              ,jan                ,1996               
4.46713651862647   ,3.05194894035497   ,173.222292311772   ,4.10656005854638   ,1.2613803013012    ,6.1859623185611    ,47.1725986501239   ,91.1183825502332   ,268.746907640203   ,279.565860158222   ,98.930511698592    ,0.00309903359892407,3.68853071561945   ,26.6727834982813   ,20.0558433373694   ,41059              ,feb                ,1996               
5.28886114552489   ,3.27905812958343   ,196.3025747241     ,4.41701102194253   ,1.25637752196652   ,8.3998297089762    ,43.9332246522565   ,87.6116171728719   ,266.88517056931    ,277.886934554779   ,105.596154063732   ,0.00272696268898194,4.12808992575247   ,25.6542695409411   ,19.0842766577785   ,41063              ,feb                ,1996               
6.53677303669114   ,1.83737388130057   ,154.992478444479   ,3.0430761463355    ,1.2386596938435    ,8.94315055435366   ,48.656662181499    ,92.8163287785843   ,269.256487501853   ,279.740077197775   ,101.824419844035   ,0.00322408455022946,3.66256279515892   ,24.5529851808241   ,19.8499002630976   ,41049              ,feb                ,1996               
4.02117660543331   ,3.57843719795215   ,185.426056287654   ,4.30908197875867   ,1.31917552444065   ,5.57422203599628   ,44.9618627456551   ,89.1835650938528   ,267.064313839436   ,278.078647029547   ,105.553680810979   ,0.00280792571122165,4.66061021085349   ,27.2018662808433   ,19.7762819703084   ,41061              ,feb                ,1996               
6.79675379013404   ,1.85442163315278   ,148.978162927952   ,3.35527137073295   ,1.14223114126107   ,7.86082193370243   ,53.1893677340501   ,93.9158603832308   ,269.71411483793    ,279.288311328777   ,102.738583922323   ,0.00335092885702171,3.5910034520147    ,25.0329833099074   ,20.3464187182965   ,41021              ,feb                ,1996               
6.83120963544246   ,2.27128444475712   ,144.753017154652   ,4.34924248482516   ,1.13357821111268   ,6.25452278831112   ,54.6249817104865   ,95.1438564318065   ,269.777481802524   ,279.448940576666   ,103.485520269239   ,0.00346509390083301,3.893345223844     ,26.0826369421424   ,20.8320976766628   ,41055              ,feb                ,1996               
5.45136570028347   ,4.20467779917758   ,161.164539111284   ,4.22544532583588   ,1.22828959532968   ,4.45498981649975   ,53.0176145545332   ,94.3338964038637   ,269.5146546918     ,279.415306457154   ,103.82308162009    ,0.00339577242569249,4.76336918877952   ,28.0454475697858   ,21.0854094942292   ,41065              ,feb                ,1996               
8.93875390933005   ,1.49875701344585   ,211.201836570988   ,3.94020779401261   ,1.87334530367807   ,13.8163734930756   ,48.3381183278329   ,91.7235824712905   ,272.658129394831   ,283.318809933042   ,158.135400403134   ,0.00397216866394072,3.3772672702473    ,22.4848820863181   ,17.7092964560067   ,41059              ,mar                ,1996               
10.894284182123    ,1.29937739709857   ,234.175540386128   ,4.13678281009197   ,1.87247273496344   ,17.5972019030837   ,43.6187435132291   ,90.3713848876437   ,270.224417637628   ,281.224763246791   ,162.928642706653   ,0.00341070925574583,3.62982237467762   ,21.0528694172086   ,16.8849088956345   ,41063              ,mar                ,1996               
12.1570635436473   ,1.14121586180754   ,190.665380045744   ,3.07608885134702   ,1.95064542511139   ,17.5343487773845   ,47.0989470572875   ,91.6398455757202   ,273.129226535101   ,284.04585644555    ,159.873318397562   ,0.00403885958647399,3.35433144252599   ,21.0114750754207   ,17.2625849133427   ,41049              ,mar                ,1996               
8.03072388430461   ,1.53124770426693   ,235.319063341359   ,3.91030127462536   ,1.90127635129131   ,13.4024063417852   ,44.5521245220371   ,92.6486598091931   ,270.299946075889   ,281.476635358135   ,165.882387530267   ,0.00355387659503643,3.98527464429395   ,22.4652121619464   ,17.7635606469124   ,41061              ,mar                ,1996               
15.1568546993138   ,0.81548823165885   ,192.876376591965   ,3.41191960651487   ,1.98135486083617   ,19.5389725702789   ,48.6258089413444   ,91.1925274992692   ,273.976516568099   ,284.605088295818   ,162.666363751006   ,0.00423919254171822,3.39429102564461   ,20.5169724655289   ,16.9193023737564   ,41021              ,mar                ,1996               
15.0710977538533   ,0.837011140546154  ,192.061843325961   ,4.34751539899592   ,1.99524554765982   ,17.9104464557391   ,50.3771676612427   ,92.5316303492807   ,274.271634331966   ,284.663093139441   ,166.348799813988   ,0.00440331980978891,3.71492873739688   ,21.0260586710701   ,17.3927093062215   ,41055              ,mar                ,1996               
10.3158637675804   ,1.39475493807929   ,202.728249321544   ,4.21478445880063   ,1.92236917477522   ,13.5220333812234   ,48.63593268658     ,93.9868779542778   ,273.121525653243   ,283.965460508441   ,165.776341425744   ,0.00423279707803238,3.53803217691159   ,22.8556376488121   ,18.1967371099022   ,41065              ,mar                ,1996               
8.17764933482856   ,2.55870386948583   ,217.194211414318   ,3.66589568756011   ,2.94073347079899   ,17.0015411980635   ,40.8568491945204   ,90.1309126641313   ,275.552838909494   ,288.144304276355   ,203.933021978458   ,0.00482263663601465,3.94844022371845   ,20.9870308110782   ,17.1052894325446   ,41059              ,apr                ,1996               
7.66484035225227   ,3.27059975517849   ,236.721568619489   ,3.96192931434213   ,2.66323042074284   ,15.5395161597952   ,39.6781621788487   ,91.1534070201687   ,272.613636283608   ,284.874748961798   ,203.64746980756    ,0.00420496654474922,3.99652841292617   ,21.4270179367288   ,17.6945015121173   ,41063              ,apr                ,1996               
12.1443213400887   ,1.47394583765385   ,207.839064171889   ,3.04079134572447   ,3.04681704465631   ,22.2741030387315   ,38.6197968082694   ,90.0365202116509   ,275.965639771466   ,288.778140065724   ,207.578528595636   ,0.00482898812780049,3.90849806567553   ,19.0562681159008   ,15.9934075546514   ,41049              ,apr                ,1996               
6.1418099436689    ,3.38641136866415   ,229.934408269184   ,3.49854655702418   ,2.6885491448371    ,13.4145412421043   ,40.7550147817164   ,91.0071862626566   ,272.759919791516   ,284.824302697201   ,205.17657023112    ,0.00423903570505656,4.25101415656722   ,22.1721379028917   ,18.0283684602196   ,41061              ,apr                ,1996               
13.4142583567112   ,1.27579106421128   ,206.816762028692   ,3.47065447594006   ,3.08219053740838   ,24.0119481896231   ,39.8640498492207   ,89.1518038899777   ,276.901833794463   ,289.092894634261   ,210.387171252509   ,0.00499849302031774,3.91418103985258   ,18.3246348673526   ,15.6588233162479   ,41021              ,apr                ,1996               
14.3788360925516   ,1.29763719421497   ,204.290700490688   ,4.38271502351668   ,3.07238682784997   ,22.9781665199681   ,40.9934069449441   ,91.4909179077743   ,276.887853474459   ,289.237020377295   ,211.787285292776   ,0.00513948722294083,4.06158469009121   ,18.7074559901425   ,16.1587859808121   ,41055              ,apr                ,1996               
11.0379277947252   ,1.82832382843304   ,211.994876574484   ,3.9915174428307    ,2.85036607148023   ,19.2655677717724   ,41.398103417587    ,92.9561590590399   ,275.672152764499   ,288.068005841781   ,204.596449702751   ,0.00493277249464848,3.93493495133836   ,20.2085545764381   ,16.9548258834415   ,41065              ,apr                ,1996               
14.086454276797    ,2.35271579823645   ,236.669650601612   ,4.02469019779306   ,3.46188040001605   ,20.5476126973179   ,44.3436554779586   ,89.2653921398692   ,277.025601159454   ,289.142891999367   ,247.492198123048   ,0.00550088575352817,3.5902458138826    ,20.5393644538452   ,15.9374498712331   ,41059              ,may                ,1996               
8.86580737476792   ,3.08895227041019   ,247.912609144276   ,4.48983533983716   ,3.05409126150105   ,15.8451746413237   ,45.7825623463218   ,91.296817744905    ,274.489541596547   ,286.07780107601    ,237.224843193225   ,0.0050698567282852 ,3.34682639910947   ,21.6283555408915   ,16.8309413954874   ,41063              ,may                ,1996               
18.1149931678505   ,1.60737562832891   ,230.185053001162   ,3.27270732500166   ,3.67434026197472   ,26.5168863173447   ,39.7029894065503   ,90.1832263043273   ,277.190184494145   ,289.879528900595   ,252.944173651478   ,0.00538740440106167,3.8188667266811    ,18.233227119114    ,14.9619216267432   ,41049              ,may                ,1996               
10.8044008653411   ,2.92461442635359   ,258.368211413836   ,3.90731214309425   ,3.12589605391049   ,15.2612037282505   ,46.8834434421164   ,92.1860815351297   ,274.376197816764   ,286.093824717629   ,252.148323017152   ,0.00514035608565857,3.70798622150433   ,22.227089302932    ,17.0926143622693   ,41061              ,may                ,1996               
19.9113434856259   ,1.27683526343122   ,235.793036371872   ,4.00711723744795   ,3.80520983275671   ,28.1655573912098   ,38.4750990645178   ,90.7221930856427   ,277.930826624687   ,290.590036381462   ,256.713358146593   ,0.00548665236224582,3.927623133963     ,17.5990184750656   ,14.6349067457547   ,41021              ,may                ,1996               
20.4401266251293   ,1.07565343197259   ,231.625032722765   ,4.9802164171639    ,3.84413267726877   ,27.9356508969226   ,38.6799458167481   ,91.9922178455893   ,277.955800826269   ,290.733932616013   ,260.587167409204   ,0.00556614861837761,4.06215918850076   ,17.6647812397699   ,14.6691245209651   ,41055              ,may                ,1996               
15.1452677289756   ,1.44054856994554   ,238.792890080726   ,4.37991167883958   ,3.56181966547626   ,23.5907147818648   ,40.6626693347816   ,93.6348747533375   ,276.518963846553   ,289.460294765246   ,254.969261479222   ,0.00538565882280335,3.60588167972946   ,19.0487957977426   ,15.5523821468398   ,41065              ,may                ,1996               
22.809148075145    ,0.82771210513236   ,221.496459985209   ,4.01469476109835   ,5.04564536360584   ,36.9887496464563   ,35.2983800044912   ,81.2770840758519   ,280.582555786874   ,296.318892620836   ,304.61676501091    ,0.00646590932506747,3.001090158657     ,15.8142078974915   ,11.8423603777854   ,41059              ,jun                ,1996               
17.0578217419809   ,0.845992374184839  ,219.803841928913   ,4.56539751478147   ,4.65161942936879   ,32.4880653526399   ,36.7968626530298   ,80.2174839468825   ,278.355248159128   ,293.960383357868   ,292.198378365523   ,0.0061263165469588 ,2.73366703519593   ,16.7663010500806   ,11.9404065369448   ,41063              ,jun                ,1996               
27.7078451353892   ,0.806460064362221  ,231.867958412847   ,3.2865989790745    ,5.34645653231814   ,40.8262441537351   ,31.5911718435104   ,82.6403657032765   ,281.08608587508    ,296.94494121212    ,312.7500215334     ,0.00626949725382479,3.28815241129923   ,14.8190209090398   ,11.6173388583082   ,41049              ,jun                ,1996               
19.6000987094171   ,0.922403226462902  ,237.101554059561   ,3.87663711738685   ,4.74200793595962   ,32.2545106757914   ,36.9021469226884   ,81.7193848357966   ,278.12702460395    ,293.847459014767   ,301.222259158539   ,0.00615895149153332,3.00029592839288   ,17.010737659784    ,12.2782067243553   ,41061              ,jun                ,1996               
32.0984445362877   ,0.667619580781962  ,244.306744165469   ,4.19458522111214   ,5.64968298079799   ,43.4895468492047   ,30.2706377538754   ,82.4242044628479   ,281.962509435112   ,297.599954847598   ,322.430940662559   ,0.00626497439852001,3.5657270691578    ,14.1970496743733   ,11.2751269044486   ,41021              ,jun                ,1996               
34.9547058835209   ,0.449431887919675  ,241.486275438049   ,5.21221659662198   ,5.79778370994341   ,44.243452869103    ,30.3464293940955   ,83.6535866516143   ,281.938575753552   ,297.731902258206   ,332.274986754895   ,0.00633413433632859,3.81505763969923   ,14.0324993152135   ,11.278761593129    ,41055              ,jun                ,1996               
28.2884681011471   ,0.561896860780138  ,247.708702369374   ,4.46758476781956   ,5.43270547597466   ,39.4210102226721   ,31.9607441600571   ,85.6628061582066   ,280.191079575569   ,296.791829257541   ,324.908907063209   ,0.00624054890652799,3.36344433029956   ,15.2216253356593   ,11.956829508757    ,41065              ,jun                ,1996               
39.7454526904695   ,0.0881632624181691 ,207.958062729269   ,3.87625940555242   ,6.06024159177504   ,55.8655721158763   ,23.9967567167382   ,68.1921684026362   ,285.003384396806   ,303.335988619062   ,309.868815292688   ,0.00693868662928416,2.67228997921974   ,12.1940781525174   ,8.84815685834622   ,41059              ,jul                ,1996               
33.9255000545875   ,0.266080374530515  ,217.433012475462   ,4.13177342344909   ,5.7375176801333    ,55.8755589713637   ,23.0601755629106   ,62.8960411418998   ,282.700828889571   ,301.187265685684   ,314.545460338924   ,0.00620360372227159,2.30464145619848   ,11.8797504204594   ,8.28755621892078   ,41063              ,jul                ,1996               
40.1902616304099   ,0.129277931358631  ,192.812085581481   ,3.27882119290284   ,6.38040849014304   ,54.5060065911642   ,23.7823737056206   ,72.2888025529601   ,285.355853542849   ,303.731869004824   ,312.322456504823   ,0.00713794695964032,3.13295631365103   ,12.187083631769    ,9.26582527088165   ,41049              ,jul                ,1996               
36.6134099519432   ,0.173068378809342  ,232.734330688182   ,3.59416595515891   ,5.74091048786622   ,54.0030384112335   ,24.1710728293631   ,67.2935636174769   ,282.473456705049   ,300.813638596134   ,312.954973907653   ,0.00652830464795472,2.57696229352841   ,12.4942228339289   ,8.84998629515696   ,41061              ,jul                ,1996               
44.0763131062525   ,0.137437278733849  ,197.859795648369   ,4.22904782150462   ,6.67263970703569   ,56.6982981248044   ,23.2350153722899   ,71.755532150232    ,286.53622904406    ,304.534873383267   ,314.223583354554   ,0.00719366623295889,3.39523272497761   ,11.7206796858147   ,9.1028059137598    ,41021              ,jul                ,1996               
46.2709939333111   ,0.127238021922818  ,192.097022958227   ,5.11796697166696   ,6.88860207848944   ,57.5152438846855   ,22.8941985019489   ,73.0518336045115   ,286.845911635878   ,305.13581130541    ,316.690361419459   ,0.00734758625146781,3.61300765306539   ,11.5151375223839   ,9.18295707133239   ,41055              ,jul                ,1996               
39.2627054902764   ,0.134388878292782  ,207.15806661547    ,4.27804251104339   ,6.33930189744522   ,53.0041166984351   ,25.8909391409222   ,76.0432204153226   ,285.091944102408   ,303.899980775234   ,314.077804833339   ,0.00767939890388485,3.11216188005078   ,12.3371421817335   ,9.87321516242867   ,41065              ,jul                ,1996               
48.0560984634838   ,0.137967183899482  ,210.588448487179   ,3.48826262782478   ,5.47531216736916   ,64.0365017453108   ,21.5948170754829   ,68.3332150598235   ,283.769783603511   ,301.729343113597   ,267.319922673959   ,0.00589041924617655,3.31004109650475   ,9.66199549717466   ,8.94437025935954   ,41059              ,aug                ,1996               
39.9395409030866   ,0.320888861279347  ,223.822923537859   ,3.56251838333288   ,5.05818678797327   ,63.8793479368484   ,20.2968951940214   ,62.1131545104912   ,281.483715704486   ,299.487173080014   ,269.853809498676   ,0.00513076498433687,2.84193270829793   ,9.47350766202706   ,8.35798241351007   ,41063              ,aug                ,1996               
51.3332014969946   ,0.0787888109543057 ,200.510159399064   ,2.92564688251073   ,5.6682335505653    ,62.9400970018951   ,22.8391304522667   ,71.4005741701801   ,284.205879418879   ,302.01922975813    ,271.057793350361   ,0.00630961271576845,3.70298082349148   ,9.90336821667549   ,9.32540372786661   ,41049              ,aug                ,1996               
39.9645830693031   ,0.36219189583733   ,219.822500419199   ,3.20139176937533   ,5.10461936191656   ,59.8764694327807   ,21.4423788776345   ,68.8438575541057   ,281.310399723395   ,299.321356168357   ,269.931606696527   ,0.00554571535222437,3.08217102278993   ,10.187737123162    ,9.3171747052304    ,41061              ,aug                ,1996               
54.1840726451961   ,0.0358896906398186 ,207.913955843157   ,3.80846071110339   ,5.87167891762442   ,63.7796799357467   ,22.5326865225162   ,72.576645034468    ,285.129014106345   ,302.897475255766   ,271.0593832583     ,0.0064765702788053 ,3.90062462156347   ,9.79165857337707   ,9.38209166091071   ,41021              ,aug                ,1996               
54.7219474624274   ,0.0162985621027577 ,207.004694212992   ,4.64117554730607   ,5.9229630932136    ,61.8994371759242   ,23.4720384134164   ,75.9090484510478   ,285.32394012526    ,303.100933406695   ,269.939951116781   ,0.00680586794113512,4.09566462354781   ,10.0754447887358   ,9.94697634374571   ,41055              ,aug                ,1996               
46.8378770974108   ,0.0384594718781044 ,211.892167611031   ,3.75597244626159   ,5.43196416840588   ,57.6627912460409   ,26.2915243286416   ,78.2483851038896   ,283.588789856338   ,301.927490170123   ,273.285414203736   ,0.00704778311921197,3.44433158740521   ,10.7898166612607   ,10.5972819673772   ,41065              ,aug                ,1996               
29.2290257088621   ,0.546600906417662  ,235.957480292844   ,2.90707441822319   ,3.24019091999689   ,44.0457451277748   ,33.1303576998363   ,87.4008901202389   ,279.126836432316   ,294.659121565998   ,186.279085710454   ,0.00602614781197374,3.27864836910966   ,12.4152977483425   ,14.2791441894525   ,41059              ,sep                ,1996               
26.5242091200314   ,0.81927763323076   ,249.591851484789   ,2.93987562405358   ,3.09162503059233   ,45.8839255738092   ,30.3852352693642   ,80.8078201769671   ,277.249973786183   ,292.117547267745   ,183.311592455733   ,0.00506971860823459,2.99711160649022   ,11.9811236302892   ,13.1219144131198   ,41063              ,sep                ,1996               
33.6542217282652   ,0.328986969986771  ,218.99989812641    ,2.38021283145558   ,3.45577961628246   ,44.6862202318967   ,32.4008523464203   ,88.6470576392834   ,279.486249796549   ,295.399176091965   ,191.972287159066   ,0.00611481137946939,3.63089715505562   ,12.4463445477045   ,14.2186039061655   ,41049              ,sep                ,1996               
25.3015279542145   ,0.722558800089997  ,248.716628524953   ,2.68983548434122   ,3.02239718335646   ,41.0764896820602   ,31.6720797928076   ,87.984212507868    ,276.613881858543   ,292.289941319595   ,186.964520079373   ,0.00548370486194337,3.15757443564419   ,13.072734043765    ,14.5362338411465   ,41061              ,sep                ,1996               
34.0578305660098   ,0.386478894923108  ,221.391167049004   ,3.21044379583522   ,3.5665930434009    ,44.3910069561359   ,31.945436077047    ,89.169385971249    ,280.360703008148   ,296.375952522817   ,192.752528333132   ,0.0063743420572469 ,3.74955186680273   ,12.6007763599079   ,14.3005500290621   ,41021              ,sep                ,1996               
34.4276521763224   ,0.514253379349355  ,220.463562572707   ,4.04259339921888   ,3.66122001781333   ,42.8168088085703   ,31.9664089851677   ,89.6630311226055   ,280.638393079375   ,296.671238176074   ,194.879527332536   ,0.00649614754837772,3.94772710502729   ,13.1150108838407   ,14.5398939593726   ,41055              ,sep                ,1996               
28.9015378943048   ,0.6540635452346    ,225.114149059801   ,3.2123204394654    ,3.28021140214354   ,38.9795213086529   ,34.2099031880371   ,91.7937903201941   ,279.080845312491   ,295.379541935658   ,197.052497357218   ,0.00640145051166438,3.32197209417403   ,13.9765286619754   ,15.3400970531973   ,41065              ,sep                ,1996               
14.4831912045803   ,2.03938202836738   ,218.409559463294   ,2.56707467046663   ,1.83813433476147   ,28.4275278659172   ,37.4611331789546   ,89.0932466410796   ,275.382818540277   ,287.886261240587   ,121.585347663335   ,0.00490171123823808,3.7040548299373    ,16.3864833623063   ,17.0715657290269   ,41059              ,oct                ,1996               
16.2864730589439   ,1.96354330409912   ,234.751945327705   ,2.51355005020063   ,1.90214497456527   ,32.2227800142662   ,33.2819269961975   ,86.7933878766315   ,273.25276516588    ,286.161868380446   ,130.404233804277   ,0.00413439239110923,3.60975043941856   ,15.3755009874866   ,16.1020396578374   ,41063              ,oct                ,1996               
17.5153874888062   ,1.11427720271339   ,209.861507852543   ,2.02190830258175   ,1.90979436550556   ,30.86026770985     ,37.0785209023254   ,90.2946536311063   ,275.702370037845   ,288.608552053639   ,122.146249826847   ,0.00505246207677166,3.88963532179035   ,15.4811201562271   ,16.6200429798079   ,41049              ,oct                ,1996               
14.4228074792799   ,2.29858171222624   ,239.144450951544   ,2.34484079310157   ,1.76602967052239   ,27.3391839166707   ,37.3415353531194   ,89.7184806755367   ,273.012390080812   ,285.62251366084    ,128.360245495838   ,0.00443569699953982,3.82308033749859   ,16.8149971445069   ,17.3613812485334   ,41061              ,oct                ,1996               
17.6549388005617   ,0.994651962165024  ,212.638734492942   ,2.88693331667629   ,1.89155625469115   ,30.4510127185474   ,38.4770333837556   ,90.8722214655905   ,276.493442071086   ,289.395740150848   ,122.578775201631   ,0.00537862705326686,3.82502042682912   ,15.5802267857172   ,16.7554148896333   ,41021              ,oct                ,1996               
17.9079186502486   ,1.02963280989536   ,212.552666070798   ,3.75829595664324   ,1.86071200035772   ,28.9484708872725   ,40.6059622982272   ,91.7855059590076   ,276.802122788572   ,289.634840735893   ,122.511762494525   ,0.00567957654902741,4.05855172629672   ,16.0258007624356   ,17.1270935176071   ,41055              ,oct                ,1996               
14.2356762177334   ,1.8936517900267    ,208.562617290682   ,2.99162456233463   ,1.65559501468763   ,24.7508168328859   ,43.8290207516709   ,92.7736529325827   ,275.73806966926    ,288.260903790227   ,121.054451239038   ,0.00559178842596485,3.76860751822189   ,17.4563648857222   ,18.1190476124247   ,41065              ,oct                ,1996               
7.65399768131073   ,3.31792912831731   ,201.392342008318   ,2.90391297658153   ,0.720351458344173  ,10.2689285494708   ,62.3246264349283   ,95.9223224921995   ,272.220274588814   ,280.836445349889   ,66.3594305826865   ,0.00445193043376975,3.5022891167872    ,22.8611711815756   ,21.9990056147902   ,41059              ,nov                ,1996               
6.98554614309967   ,3.42638392804716   ,221.445504363182   ,2.7457780478596    ,0.650521768878338  ,10.7167524065661   ,61.5478684719348   ,95.4141956962905   ,270.101181932818   ,278.929982456127   ,68.4636574295573   ,0.00415149471834617,3.80578955802502   ,22.3019664452626   ,21.9177163283308   ,41063              ,nov                ,1996               
10.2751539689924   ,2.78261355568653   ,197.978078784556   ,2.43585203751844   ,0.746551411060282  ,12.3255003996443   ,60.729492333547    ,96.5907938945564   ,272.305109918138   ,281.356218395932   ,67.8011392912939   ,0.00444514532471937,3.51208119730987   ,21.7007292791603   ,21.8212838947253   ,41049              ,nov                ,1996               
6.21668086981435   ,3.82399578991128   ,213.091026435664   ,2.64468951266366   ,0.624699509179089  ,8.08350791931687   ,64.646709458151    ,96.5911583634365   ,270.428234684948   ,279.046519146201   ,68.1698004096231   ,0.0044257177842528 ,4.04468855066555   ,23.7163380846565   ,22.6814526350312   ,41061              ,nov                ,1996               
9.68662593923855   ,2.91060417011251   ,193.599169347602   ,3.25448151045425   ,0.7103860791431    ,11.1895491555978   ,61.7870545414448   ,98.2347806545291   ,272.641576238961   ,281.56010273079    ,67.0628682690778   ,0.00455255343997389,3.44229881838056   ,22.1202301758077   ,22.4389079410643   ,41021              ,nov                ,1996               
9.2698132762994    ,2.82130886534153   ,191.472269180922   ,3.9515551749261    ,0.702725114149076  ,10.071910386459    ,62.2002049258345   ,99.4011423843414   ,272.844443052415   ,281.890325428031   ,65.231656487411    ,0.00468717734490523,3.67070328147091   ,22.4812801561858   ,22.7546684363664   ,41055              ,nov                ,1996               
6.71849369425545   ,4.63871991286096   ,205.236890871986   ,3.30357751914856   ,0.695139031927879  ,8.0778266471035    ,61.4194398111582   ,98.1739080975939   ,272.544910917601   ,281.381369969413   ,63.8153119990505   ,0.00458398091256012,3.61467862123191   ,24.1337715352702   ,22.9762669694822   ,41065              ,nov                ,1996               
2.48289004350264   ,4.59611439306708   ,198.56814369231    ,3.63757743326244   ,0.523075021524599  ,2.1299023393377    ,64.5351795209165   ,98.6489343508453   ,269.062100908561   ,277.090943851429   ,49.440962502288    ,0.00353115658136624,4.43409651214911   ,28.465981309356    ,24.623113650202    ,41059              ,dec                ,1996               
2.76395160961877   ,5.67430719871916   ,219.215246578023   ,3.39340998526741   ,0.346557571567239  ,1.74419642610486   ,72.0034103701443   ,99.6369849349513   ,267.046198645283   ,274.539316750907   ,52.8999450053368   ,0.00353995858273596,5.21482755498383   ,28.5197294728184   ,25.4820968027715   ,41063              ,dec                ,1996               
4.23889536229781   ,2.73877951115188   ,197.896520767745   ,3.58468295625991   ,0.546959572601056  ,2.84694391995386   ,63.9377632910044   ,99.5285181058847   ,269.337541880449   ,277.661130731393   ,49.6152984664078   ,0.00361158655930788,4.33587629028172   ,26.7810149515695   ,24.0194542184966   ,41049              ,dec                ,1996               
1.85923318117639   ,6.19383589821343   ,207.733919923325   ,3.20651770741851   ,0.397464224367169  ,0.868038673612122  ,70.4504389410451   ,99.6175917404865   ,267.404714297699   ,275.000249851054   ,52.5507596191752   ,0.00357162960691458,5.38088890812525   ,29.8819418094776   ,25.703088286443    ,41061              ,dec                ,1996               
3.33165263884953   ,3.03630709305978   ,194.46573461275    ,4.5886656156703    ,0.489754707955489  ,1.66158208319951   ,65.445479764312    ,99.7873964860389   ,269.762341855036   ,277.829352443842   ,48.7379657120214   ,0.00371149511674022,4.05595712559078   ,27.6387156454604   ,24.3232958623468   ,41021              ,dec                ,1996               
2.05043357637181   ,3.69508476123998   ,196.271681848418   ,5.04103691536084   ,0.461995313973774  ,0.813649443423452  ,66.4523586700767   ,99.9526207416378   ,269.959337358679   ,278.126211027328   ,47.0516474742406   ,0.00384746330000958,4.25316164380858   ,28.5020330696775   ,24.8003392639681   ,41055              ,dec                ,1996               
0.871880943756771  ,6.53393724273829   ,202.436894981307   ,4.52867988008997   ,0.447652307830942  ,0.278891044824214  ,67.8580911307346   ,99.7290648189921   ,269.56042873261    ,276.994200531456   ,46.7618168683411   ,0.00376604661773695,4.96130731917206   ,31.3918309065753   ,25.8797048655423   ,41065              ,dec                ,1996               
