bi,pr,th,pdsi,pet,erc,rmin,rmax,tmmn,tmmx,srad,sph,vs,fm1000,fm100,countyfips,month,year
4.93518659817173   ,3.09010687591243   ,175.859828157975   ,-3.62337235076801  ,0.618236481135879  ,4.25626002027245   ,65.7522733152944   ,97.5460368276432   ,273.15734289895    ,280.069461027951   ,54.8721792058694   ,0.00447570811352786,3.12251763598254   ,25.9910993533266   ,22.9065265455859   ,41059              ,jan                ,2003               
5.97452964297031   ,3.22511596609467   ,202.649897567849   ,-3.03382628044604  ,0.722695576252251  ,7.96364049405449   ,59.1727441035408   ,92.900205216127    ,271.039204556813   ,278.371323325417   ,59.4198849322213   ,0.00379512275267349,3.586585636524     ,24.3536296960008   ,21.2423454918658   ,41063              ,jan                ,2003               
5.69326939934019   ,1.97209754855503   ,159.143234921256   ,-3.28991926080477  ,0.604021379937118  ,5.02918178067842   ,67.2854812110201   ,98.3215442822403   ,273.414240102151   ,280.302456709365   ,55.1684982913951   ,0.0045647777279214 ,2.96006071369977   ,25.1060525596675   ,22.8676633603709   ,41049              ,jan                ,2003               
5.63499634360892   ,3.55522426055015   ,185.13088297842    ,-3.89987670580546  ,0.664679421226919  ,4.47876710014671   ,64.3313248453934   ,96.186757643201    ,270.944106925621   ,278.308378289336   ,59.8014289084206   ,0.00404847316325789,4.02328073743424   ,26.1303070054687   ,22.7033677843642   ,41061              ,jan                ,2003               
5.42071115000549   ,1.81798551136469   ,152.812717139942   ,-2.97288061923993  ,0.559157670917471  ,4.08885462670158   ,70.1073818684825   ,98.2637543495874   ,273.872144430801   ,280.079652247604   ,58.3028784922408   ,0.00460567275146636,2.8448590106609    ,25.5931617781647   ,23.1152873673389   ,41021              ,jan                ,2003               
5.09427997974663   ,2.10106950532803   ,148.876008715051   ,-2.4835253910944   ,0.520408965995786  ,2.91655696721683   ,72.6310640816148   ,98.3993445329679   ,273.888534908586   ,279.820800297666   ,60.5537523972361   ,0.00465121647829959,3.14183736775668   ,26.7255551068879   ,23.6210704870751   ,41055              ,jan                ,2003               
3.97853446607675   ,3.21050331814906   ,165.954232552417   ,-3.16690191031429  ,0.554817881175766  ,2.37314585883824   ,69.5069816341812   ,98.3840250536879   ,273.311250054018   ,279.716545104407   ,63.6350380769663   ,0.00454804572649048,3.60211794709736   ,28.2152117856042   ,23.7863176580891   ,41065              ,jan                ,2003               
7.08926514174269   ,2.01608438271758   ,198.234839101088   ,-2.78540955457598  ,1.00819191378836   ,6.59560755045052   ,50.3303637151574   ,94.9843351028951   ,268.988955189173   ,279.270201070419   ,98.6556062637463   ,0.00336212990868147,3.49183979323495   ,26.5368537334417   ,20.9133055448081   ,41059              ,feb                ,2003               
7.95942997221437   ,1.9682173086963    ,220.887224914847   ,-2.24434235184898  ,0.955018546421092  ,8.8433651304156    ,48.4003192702016   ,93.0632818533586   ,265.920865973512   ,275.92814712734    ,101.235066914535   ,0.00274982855147869,3.56367900841809   ,25.2360847497677   ,20.0820467478626   ,41063              ,feb                ,2003               
10.8326798373224   ,1.2704541032734    ,187.850530019973   ,-2.25734253859645  ,1.13919519319038   ,10.1616357045364   ,47.6304398902602   ,93.9975930697542   ,269.960473788881   ,280.519959189416   ,103.156318388149   ,0.00346603190675412,3.75917049561451   ,24.7690701712043   ,19.8226344102162   ,41049              ,feb                ,2003               
6.36023260734083   ,2.35037666388526   ,213.106597662372   ,-3.33619012400937  ,0.918770531957848  ,5.37148272176027   ,51.4163064102227   ,95.7132134149945   ,265.89276031548    ,276.096232545775   ,105.241072541696   ,0.00290994681638146,3.80249046490937   ,27.0467107613881   ,21.2483567500661   ,41061              ,feb                ,2003               
12.2819235578882   ,0.971018755773851  ,184.932850363948   ,-2.09065158877526  ,1.1768110022938    ,11.2102411972884   ,47.2536502639094   ,93.6934817909751   ,270.852590699685   ,281.332113583039   ,106.85976620627    ,0.00360049039897135,3.72879123634724   ,24.439279840908    ,19.5191598134793   ,41021              ,feb                ,2003               
12.0192832123793   ,1.02147309973512   ,176.412878551301   ,-1.62784872742889  ,1.19615406668749   ,10.0988610919938   ,48.2212405800321   ,94.1763223625763   ,271.205815339945   ,281.482552518024   ,108.515710697636   ,0.00367901928207353,3.99317313359744   ,24.9573315520434   ,19.8327850025698   ,41055              ,feb                ,2003               
11.4052625471814   ,1.18104388113027   ,184.65509247092    ,-2.51897322853684  ,1.17268311052949   ,9.54845410454571   ,47.9658680727511   ,93.2168760849085   ,270.282469646239   ,280.410142408861   ,112.328310121428   ,0.00347021481722572,3.93817203119025   ,25.5706550758996   ,19.6216655992247   ,41065              ,feb                ,2003               
8.02558699824009   ,3.14545199278996   ,229.742482809398   ,-2.08757505103715  ,2.15213515359771   ,10.9367066745839   ,45.3373902508704   ,93.1758776619709   ,274.894330726172   ,285.122957755653   ,139.855477700196   ,0.00450769268152412,4.78535371166319   ,24.2676647879379   ,19.0614492407825   ,41059              ,mar                ,2003               
4.43347024121853   ,4.0413891019469    ,240.940624432399   ,-0.856276193698803 ,1.92552531265544   ,8.02847724708469   ,47.3581003220388   ,91.6679515206139   ,271.972253712956   ,281.174751150078   ,148.475592917415   ,0.00380601893837772,4.83963830546872   ,24.7139628112598   ,19.5902492709066   ,41063              ,mar                ,2003               
14.1527249669447   ,1.25917395835611   ,229.233082961199   ,-1.71743940490495  ,2.27076991291248   ,17.1919449672244   ,42.5303099851636   ,93.23303051346     ,275.301095084712   ,286.107897317323   ,136.575341865876   ,0.00454904191796464,4.95762086801484   ,21.2900878602318   ,17.6413804995935   ,41049              ,mar                ,2003               
3.90974049812594   ,4.32624420351191   ,236.092448181614   ,-2.56833923049424  ,1.925707708422     ,5.57810595971588   ,47.2403574235218   ,94.7473477304718   ,271.983490495822   ,281.747758849101   ,150.129191230674   ,0.00400217087769325,4.93408923678928   ,26.0720846688116   ,20.4873868393832   ,41061              ,mar                ,2003               
14.9838168541963   ,0.834486609980391  ,229.583809082822   ,-1.68905816372147  ,2.21898793864699   ,17.8908328641189   ,43.3271661420594   ,95.1039093553713   ,275.763173764008   ,286.720168853295   ,137.912737639949   ,0.00475653231502509,4.77751456536125   ,20.7878593510469   ,17.7591908693113   ,41021              ,mar                ,2003               
14.4609729765549   ,1.01312202545769   ,227.344554157937   ,-1.06433115170481  ,2.18526049393165   ,16.0836105577787   ,44.8071980326159   ,96.4618477388679   ,275.743183388572   ,286.725112088917   ,141.266602007224   ,0.00487658396729392,4.93027593452083   ,21.5246252300289   ,18.3075084414623   ,41055              ,mar                ,2003               
8.9175023828535    ,2.87003482546997   ,228.408858535469   ,-1.9448219952235   ,1.92902448817755   ,10.8447031009668   ,48.4348457570775   ,96.5977844363344   ,274.455823334243   ,284.642285602345   ,136.048369370006   ,0.00463189310712687,4.95590206029424   ,23.7135836588851   ,19.7354037617013   ,41065              ,mar                ,2003               
9.24390448855784   ,2.13847941389476   ,218.364475546024   ,-1.35242110625666  ,2.79551383560199   ,16.0804629967744   ,42.737918705656    ,92.5142293165851   ,274.717552188427   ,286.734250260241   ,215.129967673514   ,0.00468917517883243,3.37257632796075   ,21.8122413934724   ,17.1476729434584   ,41059              ,apr                ,2003               
6.7401637892248    ,2.33808492849774   ,219.479991240039   ,0.579836662242185  ,2.63303432428128   ,14.4695368124498   ,41.8029468667535   ,90.203613332824    ,272.187724458032   ,283.6200141391     ,220.434219723593   ,0.00400073248035511,3.3187692792474    ,22.171483453226    ,16.902847575669    ,41063              ,apr                ,2003               
12.1237751813249   ,1.56835417862442   ,223.445658940628   ,-1.17492851505729  ,2.98869554423329   ,21.6822617749048   ,38.6754828005353   ,92.8153634019755   ,275.099548855127   ,287.570318871144   ,219.558242104149   ,0.00464046991972275,3.71618956217175   ,19.2035493645993   ,16.2731764170512   ,41049              ,apr                ,2003               
6.17238725250773   ,2.70450143830276   ,221.7889025364     ,-1.6521238888978   ,2.55425608009958   ,10.47484625417     ,43.8717596543865   ,93.9354997460636   ,271.859841351293   ,283.449036533685   ,221.343668580546   ,0.00414735869016813,3.54596331021913   ,23.9583351963341   ,18.1821727115333   ,41061              ,apr                ,2003               
13.2174749682268   ,1.33885748426452   ,226.388089284991   ,-1.10459386024629  ,3.05026202404218   ,22.4110972400344   ,38.1815669715626   ,93.7080422667322   ,275.801644672455   ,288.144061770906   ,224.575019041343   ,0.00479250727414674,3.83632388951388   ,18.8682150560684   ,16.2624242766048   ,41021              ,apr                ,2003               
15.4128885381369   ,1.16233253835993   ,226.114874510551   ,-0.140485994706609 ,3.01667831523841   ,21.7751300006814   ,39.2510895677012   ,95.4638017829166   ,275.535668041088   ,287.997420999925   ,227.327019186931   ,0.00485906432762644,4.07565687933163   ,19.2822946661862   ,16.5874559679459   ,41055              ,apr                ,2003               
10.6455468341835   ,1.52246629421389   ,224.616714654213   ,-0.655947217991302 ,2.7021641786745    ,16.3266998317121   ,41.8865968544907   ,96.2702386590799   ,274.276548968643   ,286.108368181942   ,217.489609229407   ,0.00460171951341031,3.58857314764481   ,21.5689891389848   ,17.4920705758979   ,41065              ,apr                ,2003               
18.4743322078534   ,1.5245323886944    ,231.07313911398    ,-0.428386615075286 ,3.99668805822937   ,27.0236561670629   ,38.0792913818889   ,84.706124243179    ,278.504616453566   ,291.80362473398    ,246.760673753982   ,0.00570966925162044,3.4515453967636    ,18.8227533089557   ,13.848621074014    ,41059              ,may                ,2003               
14.3532963932133   ,2.11228887356033   ,214.19501045285    ,1.41751726220051   ,3.79158422397943   ,26.0292868293303   ,35.7146654400093   ,80.4305526140498   ,276.114264913534   ,289.287095351922   ,248.859804258856   ,0.00502004180752819,3.11265181324      ,18.8401692823608   ,13.4257650741626   ,41063              ,may                ,2003               
22.655786276938    ,0.853249679013314  ,227.1418825244     ,-0.381617756073248 ,4.24748826943485   ,32.3585275100244   ,34.4104913080329   ,85.3282114863899   ,278.995937594166   ,292.616256849163   ,248.856000661568   ,0.00559048482087798,3.80923388495958   ,16.9976044247187   ,13.0135303228575   ,41049              ,may                ,2003               
13.6210033859019   ,2.16689304377229   ,240.17945880085    ,-0.848113058157909 ,3.73322399732175   ,22.2708163820738   ,39.208073983445    ,84.8350086142275   ,275.871511332802   ,289.045345596563   ,252.250693804864   ,0.00532207655285907,3.3959398154337    ,20.0894797374888   ,14.4401860452847   ,41061              ,may                ,2003               
26.6130457268679   ,0.558066999780744  ,245.350449050207   ,-0.277831215729944 ,4.44718750589027   ,34.8738377652647   ,33.615028978552    ,85.4937695867939   ,279.823172524788   ,293.411330726624   ,257.75235142395    ,0.00575153607753542,3.9782979438196    ,16.3365330463949   ,12.6297550951066   ,41021              ,may                ,2003               
29.3416001711087   ,0.301026457344062  ,246.289191470733   ,1.05986234737419   ,4.49193110058519   ,35.3407122824827   ,34.6074707083063   ,87.1521491241599   ,279.673234042571   ,293.227901548693   ,267.421909862634   ,0.00582048218780146,4.19137955358446   ,16.251151003673    ,12.7649004345591   ,41055              ,may                ,2003               
21.3081933045702   ,0.635884678918882  ,249.459613324896   ,0.462143210522692  ,4.11828797693064   ,29.7392628754718   ,36.8232120026573   ,89.0495966524009   ,278.058709981379   ,291.778526664703   ,264.131577250886   ,0.00561766230670846,3.66621020277852   ,17.7937826606526   ,13.7024975234256   ,41065              ,may                ,2003               
38.8775558066649   ,0.101972434250329  ,239.808744452219   ,-0.578472204786    ,5.89037929020707   ,50.5635578250253   ,28.1943245955124   ,72.5205487188124   ,282.222778241155   ,298.596804248734   ,322.194019203944   ,0.00604285627443428,3.39577925487465   ,13.1898191681498   ,9.55207201816125   ,41059              ,jun                ,2003               
33.8680794016722   ,0.489801250738559  ,253.121249185306   ,1.10042433789768   ,5.3507378271757    ,50.1417538212174   ,27.5412908257304   ,64.4488445166386   ,280.167017007041   ,296.380796185296   ,304.23917836276    ,0.00549965016903423,2.91956985282314   ,13.0777066296909   ,9.08475083924118   ,41063              ,jun                ,2003               
45.0496555869162   ,0.0713625254821403 ,232.752361003402   ,-0.651990771852759 ,6.2860779912996    ,53.3034247290193   ,25.7266829921729   ,76.6274725930645   ,282.884837489103   ,299.342702148597   ,332.961055838167   ,0.00606175486236505,3.9175519413921    ,12.4490925975703   ,9.72274072962906   ,41049              ,jun                ,2003               
34.1816058000269   ,0.314219351313978  ,265.50594085367    ,-0.874445506010527 ,5.40156986252271   ,46.6737654660857   ,29.5824937485275   ,70.9885129815561   ,279.532701619466   ,296.006634068116   ,317.073040504613   ,0.00578222576382191,3.23843135331884   ,14.0013765352351   ,9.80634077547018   ,41061              ,jun                ,2003               
48.964900077446    ,0.0357613153432529 ,234.300278358714   ,-0.609933914932915 ,6.56814995287667   ,54.6803529472304   ,24.8859025317054   ,79.6830664512984   ,283.461613265821   ,300.21612790662    ,341.358279746054   ,0.00623901356222244,4.21957517521089   ,12.0378423115873   ,9.92297305797851   ,41021              ,jun                ,2003               
50.5267334351799   ,0.0295453550464693 ,231.793353186899   ,0.710072555853377  ,6.67196441923666   ,54.5518191952919   ,25.2797069449174   ,81.2793786667941   ,283.369446309408   ,300.098042169463   ,348.60134416398    ,0.0063124665180784 ,4.45818402985616   ,11.9365351526361   ,10.1691923192602   ,41055              ,jun                ,2003               
43.3949715923676   ,0.0762077686392066 ,231.179458623166   ,0.326711602468498  ,6.1327943377932    ,50.7064927836954   ,27.3874853249752   ,80.9056412128487   ,281.733971563308   ,298.68478447737    ,340.471206529287   ,0.00620192196554842,3.87489028222448   ,12.8269824946862   ,10.494182823977    ,41065              ,jun                ,2003               
51.5907607490179   ,0.0490762189355347 ,259.384734715781   ,-1.24091493645909  ,6.65221610359085   ,68.7695965274891   ,20.9993772812568   ,61.1981321234806   ,286.513679647823   ,305.031385593296   ,315.39470869821    ,0.00649554308603494,2.9620557415628    ,9.46463014348097   ,7.55760259976934   ,41059              ,jul                ,2003               
46.0759188888665   ,0.292898515412051  ,248.208855101241   ,0.308755522250851  ,6.27802851630096   ,69.5944832076398   ,19.1593518330554   ,51.7460142172085   ,285.020969325469   ,303.817987358976   ,317.53231504661    ,0.00582668340594558,2.4563756707275    ,9.34818427917141   ,6.85647661316726   ,41063              ,jul                ,2003               
55.3928018229451   ,0.0252610804590799 ,263.975837122053   ,-1.23339348204473  ,7.06446317494107   ,68.6082860240862   ,19.7927656129413   ,65.6037275834253   ,286.770669983199   ,305.519319174479   ,322.101324769819   ,0.00659146220078813,3.39330407924254   ,9.46728159786982   ,7.83521257981399   ,41049              ,jul                ,2003               
44.1357119072951   ,0.198110248539515  ,270.07950099183    ,-1.38512759879538  ,6.23718637512386   ,64.3829342687524   ,21.8215822958177   ,60.5087800065819   ,284.423848721631   ,303.206831348317   ,314.841228283662   ,0.00650005563576188,2.71029290029225   ,10.0939612223968   ,7.83271575942547   ,41061              ,jul                ,2003               
59.3931498480427   ,0.00896447592465508,268.7395631011     ,-1.14045234292265  ,7.47587441540348   ,69.1359633045354   ,18.6594736389382   ,67.6335219046898   ,287.249233417394   ,306.240651322921   ,326.65050402933    ,0.00665117036738864,3.78460943037721   ,9.44537289915418   ,7.83138271301023   ,41021              ,jul                ,2003               
61.7301216904352   ,0.00372738622647595,265.284086564884   ,0.0311724200525247 ,7.68367782396497   ,69.2850878794133   ,18.6953408667286   ,68.5866304612389   ,287.299734878756   ,306.250763820266   ,331.139854896026   ,0.00673946071559501,4.08087232268727   ,9.42458418233735   ,7.76194625120301   ,41055              ,jul                ,2003               
51.4851632215275   ,0.010272145887561  ,290.158416611746   ,-0.303539300958316 ,6.83819650124675   ,64.1246537295255   ,21.1751642003078   ,72.5392398781163   ,285.014191026069   ,304.780619248312   ,330.319784124128   ,0.0068121239170159 ,3.25739665662125   ,10.2601643262998   ,8.63362745007444   ,41065              ,jul                ,2003               
43.3240818990043   ,0.394270707575194  ,231.755434261873   ,-1.70442989991595  ,5.36659151401639   ,63.6408312450589   ,22.100364786263    ,72.5937853230291   ,284.691332332397   ,302.396164761881   ,266.549351854575   ,0.00672647907303688,2.88515016535578   ,9.30888802624238   ,9.56513970844564   ,41059              ,aug                ,2003               
45.3908089677595   ,0.625488478056759  ,210.870935139197   ,-0.68088576244516  ,5.24888158653637   ,70.7572736239933   ,18.2251573460059   ,58.8354054826822   ,283.691638838107   ,301.509585589016   ,266.245623748189   ,0.00557593845302429,2.51804333919365   ,8.3049131706878    ,7.9714495489244    ,41063              ,aug                ,2003               
43.6571347876378   ,0.373810528919888  ,226.477081038474   ,-1.33437011187309  ,5.5418083555512    ,61.9629727646902   ,23.3389523751308   ,74.0126090967017   ,285.387760267369   ,302.565747398115   ,269.174221087138   ,0.00703702766030336,3.1815391049315    ,9.4957720982507    ,9.90267390317761   ,41049              ,aug                ,2003               
42.9155178147119   ,0.607888012972546  ,233.962635793666   ,-1.83319809347115  ,5.21258784410537   ,62.8769088568891   ,20.6997765623493   ,70.8783708243482   ,282.518671037134   ,300.845717251078   ,267.59085530289    ,0.00621768741926667,2.80321882281917   ,9.62720289287316   ,9.49742344336318   ,41061              ,aug                ,2003               
42.6310894313716   ,0.490045473962354  ,237.47350052988    ,-0.982267659706845 ,5.78365843688317   ,59.6825071118235   ,23.2744283095754   ,75.1302246688896   ,286.202736381204   ,303.346130387562   ,270.713666260593   ,0.00725273752677973,3.40861001951344   ,9.92019805320377   ,10.1905374733403   ,41021              ,aug                ,2003               
42.1134243144664   ,0.630586967558102  ,237.369287934894   ,0.178593265673338  ,5.8743862843563    ,57.1723037162742   ,24.1620994804266   ,76.9738482587001   ,286.533738152663   ,303.224609328944   ,273.046449345702   ,0.00746187036680442,3.62464072273219   ,10.4433833559691   ,10.6391420197069   ,41055              ,aug                ,2003               
38.9154997339381   ,0.384881950128848  ,256.556092076121   ,-0.461893827996702 ,5.40046367176279   ,55.1556691579132   ,26.225004678992    ,80.9651345048545   ,284.305401243942   ,301.87919241626    ,276.339904683328   ,0.00744493616428623,3.08710643669942   ,10.7429289684429   ,11.2172401517538   ,41065              ,aug                ,2003               
36.0064963227014   ,0.774544020469154  ,210.523890993617   ,-1.51425168078051  ,3.62335485430809   ,51.2004247183305   ,27.0775972357912   ,77.3984577832633   ,280.969116104833   ,297.535380195466   ,191.129964373338   ,0.00584861591060504,3.21654386719068   ,11.7773613154493   ,11.9548490374294   ,41059              ,sep                ,2003               
38.9383276531253   ,0.76237303922539   ,222.660085542273   ,-0.944412640802017 ,3.68268965681047   ,59.7661866387565   ,22.602838435123    ,63.8912044880829   ,279.91316998444    ,295.492509203468   ,196.932160697395   ,0.00473481923526822,3.08690516585202   ,10.1614995415116   ,9.73008376971269   ,41063              ,sep                ,2003               
40.1474182977174   ,0.545391413969935  ,202.137310443139   ,-0.970701737540659 ,3.8682001521242    ,51.9274453788112   ,26.709015501024    ,77.9623330222791   ,281.688924686239   ,298.189808202081   ,194.803911148524   ,0.00604179086824749,3.54118581987904   ,11.7840079208527   ,11.8588477382485   ,41049              ,sep                ,2003               
32.7470221901212   ,0.79154796081438   ,229.450704409635   ,-1.77255956243586  ,3.5236733254778    ,50.3410710299457   ,25.2894740382144   ,74.0861898301364   ,278.881365848745   ,295.427508155603   ,195.101684525101   ,0.00524521766190222,3.12984685969696   ,11.9269379208215   ,11.6179127022268   ,41061              ,sep                ,2003               
40.7468974003568   ,0.35169077506739   ,204.127014567181   ,-0.673821864642729 ,4.05206140590719   ,52.3320698721554   ,26.3880291260456   ,78.6360387383784   ,282.754187970356   ,299.326880177778   ,197.096678888163   ,0.00634248336457418,3.61525920187083   ,11.646607045111    ,11.8221130030749   ,41021              ,sep                ,2003               
41.767444751889    ,0.232721534560182  ,200.033444326407   ,0.416449650486007  ,4.18754871858258   ,51.6321482175043   ,26.9321628762035   ,80.1687675583897   ,283.074556403504   ,299.538325527258   ,199.720160560534   ,0.00655111396021698,3.82858074424792   ,11.718524720283    ,12.0338783808851   ,41055              ,sep                ,2003               
35.7050237865759   ,0.43841768241753   ,197.988198224798   ,-0.440209161527107 ,3.85261781117948   ,47.7523257740172   ,28.124985006528    ,82.3175164405746   ,281.446090388798   ,298.233321738076   ,203.771053104949   ,0.00645197268397053,3.37542606876076   ,12.5273279235265   ,12.735533322321    ,41065              ,sep                ,2003               
28.6343708962596   ,0.754294929041093  ,195.58789581616    ,-1.72313611289573  ,2.24619900099527   ,38.6267576330723   ,33.890068364994    ,83.9472143146325   ,276.478016004784   ,290.133463609578   ,117.274196426931   ,0.00495875824192133,4.03959919250284   ,14.1132331737416   ,14.8574639404974   ,41059              ,oct                ,2003               
34.6058650765166   ,0.642277092742424  ,209.157784340262   ,-1.71685632547507  ,2.29376561238693   ,49.4099371639515   ,28.4781323590936   ,74.9088935037781   ,274.86238146592    ,288.191637336495   ,124.500002211759   ,0.00406166037635393,3.90754139188071   ,11.7475314820133   ,12.3947682372878   ,41063              ,oct                ,2003               
30.5606156418559   ,0.495055667873553  ,191.154754431289   ,-1.24193810654664  ,2.39372203887022   ,38.9738222714353   ,34.9377058781677   ,85.5092980783144   ,277.120006619907   ,290.7646710654     ,121.605740165292   ,0.00518607755308787,4.43445986108167   ,13.8425458514837   ,15.0461091476807   ,41049              ,oct                ,2003               
28.9402191821778   ,0.784263855482373  ,205.48726300031    ,-2.03361799824876  ,2.10970958068712   ,40.5052752445058   ,32.1194855876484   ,82.285546490188    ,274.331988100016   ,287.759602845138   ,123.71435149712    ,0.0044598032313652 ,3.90461837148249   ,13.6861778208764   ,14.2353608470569   ,41061              ,oct                ,2003               
30.7138511878466   ,0.486959982867549  ,195.687296310053   ,-0.994344310297214 ,2.36791923947008   ,37.4751118865712   ,36.0573060425341   ,88.1161188099764   ,277.890647713437   ,291.686428168421   ,123.717145099359   ,0.00564885422369292,4.39453145107901   ,14.2008619223843   ,15.7139671186504   ,41021              ,oct                ,2003               
29.0525579926739   ,0.594628816664815  ,189.364713813579   ,-0.0765451471934905,2.32597995779803   ,34.4820074922655   ,38.041222447203    ,90.0866956446356   ,278.079013841014   ,291.588063992592   ,124.333608290898   ,0.00592348041720511,4.66743610366698   ,14.8452312219955   ,16.4191315300486   ,41055              ,oct                ,2003               
20.7603084573531   ,1.01949682940898   ,193.995098552369   ,-0.719466044584712 ,2.01571478956364   ,29.5169471966664   ,40.8517676657578   ,90.6626790347373   ,276.928171990966   ,289.822866192993   ,125.550281641689   ,0.00575684534796313,4.32576345626963   ,16.1009370344672   ,17.1917746461991   ,41065              ,oct                ,2003               
13.0593826455288   ,2.19619349388953   ,192.515818270288   ,-2.21093514597837  ,1.06081810895493   ,21.3460511214905   ,48.6452738810322   ,91.6712252787407   ,270.765069281976   ,279.770744958671   ,64.2030570196526   ,0.00345492897731654,4.45659141440857   ,18.16010272445     ,18.9152661011972   ,41059              ,nov                ,2003               
13.0337930193886   ,2.42444034032089   ,215.821408665264   ,-2.28271121266005  ,1.01024379765046   ,24.4343077169775   ,48.5594763866949   ,85.8970244683308   ,268.547520941176   ,276.856429524633   ,68.2427026204018   ,0.00293850774694891,4.65165445633354   ,16.9062367978352   ,17.6766973848109   ,41063              ,nov                ,2003               
16.3231947847079   ,1.19616496439171   ,177.120279564689   ,-1.93698737779421  ,1.1097493544377    ,23.051572297513    ,47.9619881178072   ,93.2032683054606   ,271.121701027169   ,280.444820440003   ,63.3047537223623   ,0.003574911104631  ,4.63144674429095   ,17.5746851009432   ,18.67346428381     ,41049              ,nov                ,2003               
9.96044498449276   ,2.91685298579343   ,209.455350099414   ,-2.35496945901172  ,0.96532725891336   ,18.1506928345995   ,51.9127275129405   ,90.3215233323211   ,268.810988141598   ,276.967964285391   ,67.389207317525    ,0.00315015648750381,4.93139843411897   ,18.8389729590867   ,19.3358861771336   ,41061              ,nov                ,2003               
17.262484217263    ,0.982368031903049  ,176.633728245613   ,-1.68232785747877  ,0.988313819926874  ,22.2351917511529   ,50.8370581968419   ,93.9557024328239   ,271.696832765109   ,280.439338402352   ,63.9207785327491   ,0.00374739104229841,4.48132483786367   ,17.8348145519786   ,19.0425481351926   ,41021              ,nov                ,2003               
18.017685129164    ,0.901828657055807  ,174.815981589051   ,-1.00398521257481  ,0.898606009533734  ,21.0963849755116   ,54.5265177178336   ,94.6750813385664   ,271.610323665388   ,280.064787539358   ,62.9531327035692   ,0.00386510899927663,4.81789111962095   ,18.1717835454216   ,19.490053725475    ,41055              ,nov                ,2003               
12.2377094373458   ,1.72646417804091   ,181.91424917456    ,-1.48677092673664  ,0.865918749543059  ,16.5869623179737   ,56.4000658573248   ,95.2065675968149   ,271.367759329937   ,279.310721696618   ,62.3127957514486   ,0.00382080132398782,4.78851746417518   ,19.8002350520421   ,20.2795638208901   ,41065              ,nov                ,2003               
4.05937717939747   ,2.90947713064766   ,186.850394311041   ,-2.22412669416887  ,0.438456692186618  ,3.62909787042578   ,66.3817664125371   ,98.9425478949978   ,269.950144454922   ,276.603494771322   ,49.0385283494364   ,0.00368780655017746,3.74309093649222   ,25.7637768821211   ,24.0293606686539   ,41059              ,dec                ,2003               
5.84379078983295   ,3.05327902893451   ,209.148619981107   ,-2.2059032366305   ,0.538178081209999  ,6.96924173341803   ,61.4589086682646   ,95.8959398551976   ,267.811175474865   ,274.835464014262   ,52.101392150481    ,0.00317674870626531,4.12388744432748   ,23.9597390638365   ,22.5731881576818   ,41063              ,dec                ,2003               
5.05121196208956   ,2.11518131761079   ,182.205772612274   ,-1.95468309287625  ,0.427421134539326  ,5.54858365260669   ,65.9124247139869   ,99.1749500660788   ,270.44444313249    ,277.199378426703   ,50.8856705787086   ,0.00379526523510961,3.54610734181462   ,24.1537855420437   ,23.4818691514966   ,41049              ,dec                ,2003               
4.09918514423988   ,3.58634856622405   ,199.996779605567   ,-2.32784038848347  ,0.500785219134311  ,3.04189532485987   ,65.8493414187333   ,98.0880855174124   ,267.935458584381   ,274.702356350118   ,52.8035081602026   ,0.00336101851242579,4.88174162290224   ,26.202583784802    ,24.043366976216    ,41061              ,dec                ,2003               
5.26111604968805   ,2.17993239706112   ,181.581790305897   ,-1.79271890621868  ,0.435932774204747  ,5.40406589594469   ,66.7341954929678   ,98.7302146183661   ,271.113417174234   ,277.412500559678   ,50.8210114753232   ,0.00381908951020803,3.44890411535308   ,24.1026858757567   ,23.3655764024349   ,41021              ,dec                ,2003               
5.53756349704856   ,2.16700732053546   ,179.924597079666   ,-1.26480559595147  ,0.390395611886944  ,4.29624554128903   ,69.8416107928776   ,99.1994474005746   ,271.107185548184   ,277.093069633499   ,48.8696856667889   ,0.0038882274809475 ,3.76191668147348   ,24.6941892187033   ,23.8290426981147   ,41055              ,dec                ,2003               
3.4987033054079    ,3.38699266123582   ,187.468789739246   ,-1.71165546865174  ,0.433341618899108  ,2.68035498557842   ,69.7013174882487   ,98.7073597573826   ,270.559188733697   ,276.52699297925    ,50.2313258371153   ,0.00375517864626374,4.08337055571615   ,26.470995387127    ,24.2398530351717   ,41065              ,dec                ,2003               
