bi,pr,th,pdsi,pet,erc,rmin,rmax,tmmn,tmmx,srad,sph,vs,fm1000,fm100,countyfips,month,year
12.1040919149464     ,1.44590899392109     ,139.797887645301     ,-1.53504292263647    ,0.7796871011758      ,12.4764816984831     ,58.9761379765945     ,88.1830280585514     ,272.25437688797      ,279.492867290299     ,62.8176777923599     ,0.00373289833584882  ,2.81383708994489     ,23.3692119936993     ,19.0483568987004     ,41059                ,jan                  ,2015                 
13.5676730140294     ,1.75188864017115     ,178.453541131206     ,0.0244256856620349   ,0.912031089877359    ,17.4733134384296     ,49.7277226412562     ,79.0412937386321     ,270.832302784506     ,278.489936404376     ,68.9891928320622     ,0.00312656461946207  ,3.14826249656285     ,22.0667149243978     ,16.497272117289      ,41063                ,jan                  ,2015                 
14.1864489493912     ,0.661819091547715    ,162.365319778379     ,-2.79725211442011    ,0.727233742242165    ,13.1574082834345     ,62.9548813430588     ,90.9625637551816     ,272.654248824375     ,279.700068541625     ,60.9484028257323     ,0.00402471177032254  ,2.80604730593536     ,22.6087871349214     ,19.7717599326383     ,41049                ,jan                  ,2015                 
12.4072523217522     ,2.07837916711907     ,127.072604924471     ,0.296749747322236    ,0.879377253688293    ,13.1496405151945     ,53.8566168789273     ,83.3253172960665     ,270.308797957687     ,278.016656427296     ,70.3778568229083     ,0.00321834689754123  ,3.43767380777795     ,23.7397572737298     ,17.8476847053856     ,41061                ,jan                  ,2015                 
11.9409506395289     ,0.672058894655797    ,154.451755407717     ,-1.68141438623676    ,0.689416489454322    ,11.1029313724153     ,63.9142602958729     ,93.38880897812       ,273.069530546987     ,280.202805731019     ,63.1200643036917     ,0.00418995393002666  ,2.70177162660299     ,23.2521820348549     ,20.4400590686636     ,41021                ,jan                  ,2015                 
10.5713436372594     ,0.850537196071592    ,162.554561961846     ,-1.11873722241349    ,0.700533617679307    ,8.67042456413964     ,64.434094216189      ,95.5146933445681     ,272.791225497396     ,280.394397680185     ,65.9270339734463     ,0.00425989605171296  ,2.9968248086366      ,24.1886466031164     ,21.3663213466658     ,41055                ,jan                  ,2015                 
10.3314162249161     ,1.5447825159763      ,152.703012645133     ,-0.302171134639796   ,0.80619594223864     ,8.92796489924322     ,60.8898940623833     ,92.4037098903586     ,272.958370841798     ,280.536589034115     ,70.5749408240892     ,0.004148464088384    ,3.28306054054718     ,24.7234732697212     ,20.4764264402053     ,41065                ,jan                  ,2015                 
13.3488509755374     ,1.50807143789483     ,168.771350532629     ,-1.57345401534079    ,1.4041460624481      ,18.0497054098446     ,47.4630039915682     ,86.1522038077676     ,273.236374931732     ,283.458149771929     ,100.880934401402     ,0.00403559202010825  ,3.43201655108224     ,21.0379182812507     ,17.5030904157949     ,41059                ,feb                  ,2015                 
13.2283419290563     ,2.05760215451759     ,184.268969936149     ,0.192308223192868    ,1.4371633767676      ,22.4141428295549     ,43.4641571972932     ,78.0327355903345     ,271.245517931737     ,280.707250840895     ,108.12422334874      ,0.00326379804542225  ,3.67482207849488     ,19.384436709183      ,15.6913811402185     ,41063                ,feb                  ,2015                 
17.1774885322768     ,0.764856167568107    ,175.246985306023     ,-2.9035405985894     ,1.37535430530536     ,19.5186126684866     ,48.5782345301105     ,89.0850558776684     ,273.407475991488     ,283.911298024271     ,104.999887032035     ,0.00424527621349298  ,3.50295503151087     ,20.5770660408772     ,17.8728945041737     ,41049                ,feb                  ,2015                 
12.5607417227309     ,2.03264328796791     ,166.606669770094     ,0.108427592154176    ,1.49667346556351     ,19.2638035075139     ,45.2456710288554     ,80.413645641892      ,271.397234656655     ,281.115854947529     ,108.626038423838     ,0.00343508547573552  ,4.01637630351742     ,20.5199278060301     ,16.3728575698493     ,41061                ,feb                  ,2015                 
15.4611910635401     ,0.897956204109499    ,173.590571170023     ,-1.69801618348659    ,1.32466571390099     ,16.8450716300012     ,51.7015550564529     ,89.3801443428672     ,274.43852005167      ,284.033098106364     ,110.147314679414     ,0.00444251962825698  ,3.41762847760005     ,21.6315947874265     ,18.4308173454511     ,41021                ,feb                  ,2015                 
14.870731623848      ,1.13385100625673     ,178.026528492309     ,-1.03298441563019    ,1.34289072012667     ,14.032206554228      ,53.1149538494491     ,90.467436717168      ,274.82319439065      ,284.088870027011     ,113.978231095431     ,0.00455784294153955  ,3.6756851935546      ,22.9278515817328     ,19.1131240459114     ,41055                ,feb                  ,2015                 
14.5543693399433     ,1.65356741386614     ,171.325601018511     ,-0.422714300713313   ,1.39709287487985     ,14.1523765418264     ,50.9143356581033     ,89.3645514328798     ,274.030567885636     ,283.540711428617     ,116.274935617869     ,0.00433716930279716  ,3.94410574069985     ,23.1455852694008     ,18.9087742408672     ,41065                ,feb                  ,2015                 
18.5449415093634     ,1.42760160537761     ,188.408751714028     ,-2.12324187471213    ,2.36653730609088     ,26.9602264874997     ,38.5371307399227     ,85.097703223095      ,275.039534518465     ,287.720228594915     ,164.485993694378     ,0.00437658053036036  ,3.39286563440256     ,18.1259666246065     ,15.471732571043      ,41059                ,mar                  ,2015                 
18.5123550704713     ,1.60903027636887     ,199.601724724723     ,-0.398364016856772   ,2.30726809070916     ,29.9264729749079     ,37.3444171780096     ,79.3909498250649     ,273.286505443798     ,284.567004768514     ,171.946702114702     ,0.00372790109590435  ,3.58750110271685     ,16.96896453149       ,14.529073446942      ,41063                ,mar                  ,2015                 
23.7622612182644     ,0.605947133339281    ,207.618426287019     ,-3.36374651631552    ,2.48869899211754     ,30.3577753666023     ,35.2169213275655     ,85.9430829184902     ,275.012483726621     ,288.579988851678     ,166.042774286771     ,0.00433906105124921  ,3.43865942716689     ,17.3080973634847     ,14.858057615101      ,41049                ,mar                  ,2015                 
17.222763113252      ,1.73926500115664     ,176.027793305008     ,-0.735336173426958   ,2.28336018930389     ,26.484361628924      ,38.6758897606665     ,83.6477537237948     ,272.629054431011     ,284.842944592378     ,172.19353955207      ,0.0038481843407297   ,3.65829585842382     ,18.0303818317202     ,15.4996805382079     ,41061                ,mar                  ,2015                 
21.048870912715      ,0.580600329090121    ,209.384664828063     ,-2.05412984996702    ,2.50622251805305     ,29.1972239349426     ,36.3976469827879     ,86.8471965757773     ,276.0116391258       ,289.319745901034     ,171.342923160365     ,0.00463269040318987  ,3.43217644878094     ,17.5203751550188     ,14.9203257781451     ,41021                ,mar                  ,2015                 
21.2551358143264     ,0.532153957411492    ,209.381412596056     ,-1.39176178861547    ,2.47800065172526     ,27.7965239044676     ,38.636745752422      ,89.6304999277561     ,276.05147635822      ,289.147204479886     ,178.429634490748     ,0.00484245415398185  ,3.64778830786512     ,17.9545461504083     ,15.4487317083827     ,41055                ,mar                  ,2015                 
17.4320274160557     ,1.11930170074622     ,202.303619271177     ,-1.10871278865099    ,2.37821848077499     ,25.4330805377003     ,39.0879648746301     ,89.0979047712594     ,275.24431059545      ,288.255845966909     ,178.906327315099     ,0.00466117395473554  ,3.40994085914363     ,18.6325284472551     ,15.8977907571105     ,41065                ,mar                  ,2015                 
25.3432895129353     ,0.662903787683342    ,212.481280469158     ,-2.51513343588932    ,3.38232012173329     ,34.1777361537052     ,33.8487505752256     ,79.9045576226106     ,274.412076987968     ,288.414937798708     ,242.517770671634     ,0.00386584563803742  ,3.56209619545252     ,16.7932576062137     ,12.8705689805496     ,41059                ,apr                  ,2015                 
22.7057401356997     ,0.847274459842462    ,220.18905182296      ,-0.851024867380972   ,3.15229263910394     ,35.2458156770898     ,32.8310607789002     ,75.9212514852866     ,272.701379454997     ,285.496362921797     ,242.858066247171     ,0.00342173113232985  ,3.41732666128096     ,16.0459626232827     ,12.4194872935057     ,41063                ,apr                  ,2015                 
32.6007596939646     ,0.485022365103555    ,216.447968910044     ,-3.82052881877876    ,3.57185190336658     ,38.9733414757314     ,29.5847715742717     ,82.1139694292092     ,274.202988678831     ,289.30784754595      ,243.282125526282     ,0.00375695039269703  ,3.813459331775       ,15.5162733088821     ,12.5884395211155     ,41049                ,apr                  ,2015                 
23.7877907106219     ,0.776113189371157    ,222.800879607338     ,-1.24092108458281    ,3.17847033756751     ,32.2273653639687     ,34.6634302688724     ,80.3592987055837     ,272.104654949173     ,285.616730140717     ,249.095407943726     ,0.00355122051306199  ,3.61259969845721     ,17.1592734781116     ,13.2472787204397     ,41061                ,apr                  ,2015                 
33.4803884182425     ,0.259466379457136    ,220.449453914033     ,-2.52454524205667    ,3.69789412791253     ,39.720339285249      ,29.434104571762      ,83.9065454972278     ,275.095726402689     ,290.303876571939     ,247.904661957127     ,0.00399372765281996  ,3.89678898613618     ,15.2654639453841     ,12.6699316803555     ,41021                ,apr                  ,2015                 
34.2174875538252     ,0.191638750302629    ,220.808944961667     ,-1.81990379594688    ,3.70535463424686     ,38.618086232823      ,30.9597108801903     ,84.825663257993      ,275.530088693124     ,290.294841140241     ,249.387346362138     ,0.00418098335622739  ,4.07340331607976     ,15.6367007442385     ,13.0188289379283     ,41055                ,apr                  ,2015                 
26.2310173288092     ,0.40737848689645     ,219.022325732417     ,-1.52269412534892    ,3.38211163171707     ,32.4904897904462     ,33.8345147066924     ,87.9130182312178     ,274.402184006958     ,288.98510320822      ,237.796749934246     ,0.00418488160546409  ,3.5960579989025      ,17.1853108155977     ,14.1585335429917     ,41065                ,apr                  ,2015                 
22.0944778755724     ,2.32988445448302     ,217.985376702952     ,-3.05528712548957    ,4.48199345723122     ,37.7940369251828     ,36.6413300752487     ,76.9885502063268     ,280.254698336315     ,293.620159335789     ,284.190431613185     ,0.0058388121382484   ,3.1523828108681      ,14.7742017831743     ,12.5858951864067     ,41059                ,may                  ,2015                 
16.6132842630666     ,2.8425376504305      ,226.060548107484     ,-1.62312419181538    ,4.13652861898838     ,34.4030481527708     ,36.9238565930281     ,74.6108653453411     ,278.656177117167     ,290.79031534451      ,275.241690539948     ,0.0053933199033657   ,3.03959915625802     ,15.2534556825301     ,12.9566206839024     ,41063                ,may                  ,2015                 
26.7771134044729     ,1.55518494555096     ,218.078113438652     ,-4.38020222911036    ,4.71780795479038     ,41.6106880104556     ,33.0364451433352     ,77.4821607660269     ,280.644658859709     ,294.288536436432     ,288.66074226056      ,0.00570879350602556  ,3.43161077016492     ,13.9220439213552     ,12.0562729159031     ,41049                ,may                  ,2015                 
15.7401812670764     ,3.35609953921067     ,236.31403963582      ,-1.87488271903109    ,4.05051770032235     ,29.8940009929516     ,40.051812179532      ,80.4041932053226     ,277.846075813783     ,290.440667197145     ,281.920870232136     ,0.00563232887784603  ,3.31507366796453     ,16.4846763028988     ,14.2042567770019     ,41061                ,may                  ,2015                 
29.9584890026628     ,0.988251014201958    ,228.69480622165      ,-3.23553390544291    ,4.99731967900637     ,43.7026956345283     ,31.5604620692341     ,79.4352144300116     ,281.344900725685     ,295.578936667305     ,299.438181962108     ,0.00592132885465163  ,3.62512187111333     ,13.4252860955246     ,11.8471780388257     ,41021                ,may                  ,2015                 
35.2189845052941     ,0.628684078607272    ,227.02432440596      ,-2.49658426090523    ,5.15657285284803     ,46.2398297797957     ,32.0506184046684     ,79.0958513836662     ,281.713592157974     ,295.670819121157     ,311.522459932913     ,0.00601838538652014  ,3.8332586006789      ,13.0642027962862     ,11.4545485295118     ,41055                ,may                  ,2015                 
28.5262776392099     ,0.980853914184824    ,240.022280680935     ,-2.17848952175947    ,4.70036082265431     ,39.6968922315482     ,35.8999679410751     ,83.4049865935779     ,280.082667133846     ,294.057994060888     ,304.349613465351     ,0.00602111120448687  ,3.47648231193834     ,14.577662678928      ,12.6838195451768     ,41065                ,may                  ,2015                 
44.0992203681937     ,0.0862399226667207   ,237.928897964612     ,-3.23300926068234    ,6.20193411713141     ,59.8376694466105     ,22.9664362950041     ,59.1971854562528     ,284.976227606632     ,301.547715606016     ,325.585728943006     ,0.0060463175221005   ,2.8422654045865      ,11.9075663687904     ,7.73368883496089     ,41059                ,jun                  ,2015                 
38.4964872845959     ,0.253409792013935    ,242.171549904208     ,-1.85749216409159    ,5.69440202856814     ,54.8736825245522     ,25.7631354344753     ,56.6599771474069     ,284.161321217641     ,298.923513265756     ,312.808996363731     ,0.00612850348957128  ,2.59586088215034     ,12.9004244946655     ,8.08533078515446     ,41063                ,jun                  ,2015                 
50.0538083844576     ,0.0222930359993826   ,246.629298659852     ,-4.45198512420604    ,6.6464458266894      ,64.4246045154219     ,19.7037354857926     ,61.4446864452662     ,285.397345888095     ,302.430715712036     ,332.742906121059     ,0.00594186492145011  ,3.19768641837604     ,10.832753641984      ,7.25848532290983     ,41049                ,jun                  ,2015                 
36.8544690513611     ,0.213957845065819    ,255.742106737051     ,-1.88824447589647    ,5.70454493003618     ,50.1628478280213     ,27.3333234739892     ,63.5496714399675     ,282.717873906893     ,298.417841320901     ,323.654473004753     ,0.00634054651801999  ,2.81564290081523     ,14.046220840878      ,8.83567232171204     ,41061                ,jun                  ,2015                 
53.438033330603      ,0.00666856404389295  ,255.765378739784     ,-3.5528493886248     ,7.01221580667862     ,65.7685176934451     ,19.1900664942268     ,63.7656561833775     ,286.378231752909     ,303.595756725515     ,340.199427022071     ,0.0062784499671833   ,3.44946111044033     ,10.4843598661517     ,7.33448512261685     ,41021                ,jun                  ,2015                 
56.086403623659      ,-9.38773155212402e-07,256.207113547818     ,-2.9740916227969     ,7.17498954722756     ,66.9707437046787     ,19.7808146707263     ,65.154170100266      ,286.887006436175     ,303.800527189675     ,347.333405416983     ,0.00659596282640675  ,3.62341714530428     ,10.1066387208117     ,7.44913593867601     ,41055                ,jun                  ,2015                 
48.7273718756118     ,0.0145035378710188   ,257.035190994867     ,-2.7155578449519     ,6.64610855885967     ,61.251817658268      ,22.2946416249827     ,68.6848914430228     ,285.116204071638     ,302.729608680707     ,339.207598732902     ,0.00676734148725149  ,3.14956651145669     ,11.291220703288      ,8.18979612547201     ,41065                ,jun                  ,2015                 
51.8466757899853     ,0.409137195890224    ,241.409737535838     ,-3.80144214886703    ,6.39523358454284     ,71.8000570421315     ,21.4593242177136     ,54.0694454063134     ,286.366672299912     ,302.776231322017     ,308.960281988159     ,0.005838345775062    ,3.17619007488419     ,8.49017907958896     ,7.25217629827462     ,41059                ,jul                  ,2015                 
41.4786771703944     ,0.669405780794398    ,235.987951755416     ,-2.61741921684264    ,5.98418517019822     ,67.5378788992806     ,21.4547530032162     ,47.0352535140775     ,285.058773755005     ,299.847165143654     ,311.131419911332     ,0.00521738147756195  ,2.81708111564072     ,8.93209567044192     ,7.20245539606922     ,41063                ,jul                  ,2015                 
53.2238356304056     ,0.253237708492006    ,249.022174290156     ,-4.7948695256864     ,6.66898595710961     ,71.5091672287541     ,21.6818997563995     ,61.0242323273039     ,286.778150692801     ,303.469324102597     ,314.728077542357     ,0.0063593755760481   ,3.55637010521249     ,8.22587895322905     ,7.5835445732145      ,41049                ,jul                  ,2015                 
38.8896222595768     ,1.13762751767795     ,238.644512488252     ,-2.37024243650613    ,5.67254339483619     ,58.9425628550449     ,24.5595154421969     ,58.4991165130369     ,283.147830748321     ,299.275862921894     ,308.236501595738     ,0.00581184893156458  ,2.79299183930832     ,10.7826798663677     ,8.79678247055652     ,41061                ,jul                  ,2015                 
56.7064294502852     ,0.139743160368413    ,252.713632645603     ,-3.89096805523467    ,6.97494294380653     ,72.296597478601      ,21.2216248308416     ,64.9552815637796     ,287.795017539318     ,304.704593724778     ,318.049525215981     ,0.00676115883867147  ,3.80255628599582     ,8.08712431149083     ,7.72841666519306     ,41021                ,jul                  ,2015                 
59.1495304748126     ,0.116380096766504    ,253.322636792669     ,-3.32619403166148    ,7.0883887442884      ,72.2126342166799     ,21.5639354811145     ,66.3321673735608     ,288.32139778533      ,304.852226552368     ,321.800776687619     ,0.00699843370369369  ,4.00103876167278     ,8.11888892901121     ,7.88603126015489     ,41055                ,jul                  ,2015                 
49.6003441286048     ,0.158845341207166    ,253.28894306174      ,-3.20755588109862    ,6.38894456179933     ,65.7175113783536     ,25.3707437084639     ,70.6048304357514     ,286.276704739588     ,303.395517637375     ,318.415134607486     ,0.00733222033489834  ,3.23272084747457     ,9.1682331301017      ,8.92155998272505     ,41065                ,jul                  ,2015                 
58.8640295078397     ,0.140248652878664    ,247.620723013337     ,-3.93251997008755    ,5.70692583327109     ,79.0100070319352     ,17.2602550538973     ,57.0215251174296     ,284.441501363988     ,301.674114723589     ,268.669209357842     ,0.00509452484194444  ,3.29914380529769     ,7.15559107175981     ,6.74992561740158     ,41059                ,aug                  ,2015                 
55.7582294287489     ,0.263484281332928    ,220.408564558746     ,-2.86723360471375    ,5.58485671840213     ,80.1813005995541     ,15.8875583369523     ,47.560295653994      ,284.114670519202     ,300.216210208465     ,273.672857352527     ,0.00452291213526463  ,3.11472827078808     ,7.06546836935476     ,6.0636400629214      ,41063                ,aug                  ,2015                 
61.5078664488777     ,0.0323822672795482   ,252.606546682555     ,-4.60830299225985    ,5.89303458394321     ,77.5362312379388     ,19.0366027076751     ,60.7761185240492     ,285.343052935427     ,301.889853685093     ,270.781011343365     ,0.00562068966568767  ,3.59882883468586     ,7.36051323896645     ,7.13440010038668     ,41049                ,aug                  ,2015                 
52.8839563669792     ,0.219601739208948    ,240.688750093461     ,-2.38052611797435    ,5.42504910655536     ,73.2152902948766     ,17.1366191665949     ,57.8562419726525     ,282.018184457382     ,299.545662223424     ,272.309314099748     ,0.00483041497352427  ,3.20420373214378     ,8.29727789429923     ,7.03642940605745     ,41061                ,aug                  ,2015                 
61.5074101036466     ,0.0395029395665035   ,254.278623577959     ,-3.77836313123597    ,6.11941904083318     ,76.0854068666443     ,19.8661110364128     ,62.3496916525397     ,286.71497694007      ,302.762805673856     ,271.232925778256     ,0.00604781408223023  ,3.80725097483276     ,7.5293427189844      ,7.31302600379241     ,41021                ,aug                  ,2015                 
59.6361873089154     ,0.0918043211757451   ,252.901908146258     ,-3.25347169751545    ,6.24440968016412     ,73.8081721183692     ,20.6894486246863     ,63.5897175809209     ,287.244300584662     ,302.942229954033     ,271.749749771403     ,0.00632911034521693  ,4.06560020664012     ,7.8004352879106      ,7.56803397204916     ,41055                ,aug                  ,2015                 
51.9401871580604     ,0.137972499149725    ,254.966257197596     ,-3.21094556047459    ,5.61818765719965     ,68.5360698698517     ,23.6895202343531     ,68.0025570219249     ,285.236197253261     ,301.703068207795     ,273.717592487928     ,0.00656347842354294  ,3.4383714852929      ,8.71012406198949     ,8.42883468195947     ,41065                ,aug                  ,2015                 
37.3406733985505     ,0.900977793178844    ,228.62370973886      ,-3.62407622339973    ,3.4263616390773      ,53.401580323394      ,26.6065929088108     ,75.6220864474905     ,279.816123327462     ,295.073907888383     ,192.96024329836      ,0.00514020656175638  ,2.95319498320486     ,11.0460298232948     ,11.8405787134276     ,41059                ,sep                  ,2015                 
34.5589816490253     ,1.04637799409277     ,220.085336937715     ,-2.85098624201643    ,3.43003038211024     ,56.0596927904027     ,25.294726569836      ,64.3677493436631     ,279.774772499991     ,293.43675409686      ,199.716106339657     ,0.00450833219346793  ,2.81593882161212     ,10.5274099299958     ,10.4635094524541     ,41063                ,sep                  ,2015                 
43.0442969581844     ,0.239868936592138    ,232.943867045963     ,-4.47560192402745    ,3.65250917914442     ,57.0786482875884     ,25.9260294057936     ,76.892676057699      ,279.885892618389     ,295.531953998719     ,198.746195002917     ,0.00515209842340397  ,3.26827118175712     ,10.2067201871522     ,11.4816603023552     ,41049                ,sep                  ,2015                 
32.29825446329       ,1.14675027875437     ,225.443186619449     ,-2.24696660573085    ,3.27902213231036     ,49.5741167623418     ,26.8000607455218     ,75.0199854131        ,278.111957929949     ,293.14710776749      ,198.292363480619     ,0.00484769963275128  ,2.90467303835806     ,11.8341186943957     ,12.0904856558396     ,41061                ,sep                  ,2015                 
45.2436248313686     ,0.132571435540619    ,237.66698751296      ,-3.74102368865905    ,3.8509275284103      ,58.1559795289825     ,25.6396574005614     ,77.1686155106498     ,280.939989895921     ,296.610179002046     ,201.661818999488     ,0.00540997844391077  ,3.46659204751585     ,10.0183490133345     ,11.3253406293921     ,41021                ,sep                  ,2015                 
48.3145910426655     ,0.12227667409048     ,238.360727220204     ,-3.1779432175917     ,4.01876524665899     ,58.6744997954043     ,25.5015357946095     ,76.380303521556      ,281.579711450053     ,297.013657457973     ,204.329917196828     ,0.00555342685564677  ,3.72771938773159     ,10.055908285154      ,11.1963596463901     ,41055                ,sep                  ,2015                 
37.9657071345521     ,0.340591213572553    ,239.074238303065     ,-3.06918185314839    ,3.67487127323343     ,50.9646119297801     ,27.7480817815918     ,80.1061781054054     ,280.078463211593     ,295.869895098019     ,205.830578154154     ,0.00560833499823873  ,3.30285796926016     ,11.5206430613393     ,12.4334124547711     ,41065                ,sep                  ,2015                 
28.2281202967415     ,1.23115315395822     ,188.488918075651     ,-3.66611805354259    ,2.32878344228439     ,42.807913143292      ,35.4072872724474     ,82.5522569989679     ,279.157458943654     ,291.869088303098     ,126.523794337384     ,0.00552647172677701  ,3.60647492220554     ,12.6947436707062     ,14.0826112041359     ,41059                ,oct                  ,2015                 
29.1411231530592     ,1.52134857790453     ,194.844304504552     ,-2.94352465076046    ,2.37148250378761     ,49.697665102832      ,32.0038258608539     ,72.1224701745016     ,278.371631029414     ,290.024151381913     ,132.26384584161      ,0.00465204790167994  ,3.5260039387204      ,11.2103538880519     ,12.0870850073035     ,41063                ,oct                  ,2015                 
29.7519058264745     ,0.608909042269933    ,194.7812337397       ,-4.51318813764196    ,2.34701119190917     ,40.9103737815653     ,36.550403668417      ,87.3055664995719     ,278.892643533432     ,292.237800183237     ,129.832700040811     ,0.00577283276410862  ,3.85617728682612     ,13.0925965789524     ,14.9645447260301     ,41049                ,oct                  ,2015                 
27.278775203679      ,1.53793582563284     ,179.617517528663     ,-2.40120674186528    ,2.3445065075565      ,43.9626395807376     ,33.9194084008725     ,77.8190206681908     ,277.517701498174     ,289.805207990603     ,131.061240608765     ,0.00490943743412063  ,3.73324841622193     ,12.4540373240843     ,13.3243308863        ,41061                ,oct                  ,2015                 
27.2792402555194     ,0.766699793003298    ,196.019945367204     ,-3.8092993361947     ,2.3367769475077      ,39.8759779886657     ,37.9659338132385     ,88.3910537538575     ,279.653104457084     ,292.701759030056     ,130.516838632509     ,0.00611856613947128  ,3.85314979106063     ,13.1326926698901     ,15.1595148557038     ,41021                ,oct                  ,2015                 
30.9819381512734     ,0.745014987229581    ,197.23028596692      ,-3.31601123247463    ,2.37028541670186     ,41.2258337119282     ,39.0555270422946     ,88.4598926039737     ,279.964256598935     ,292.565356220216     ,130.461464577318     ,0.00628304484640184  ,4.17039360126512     ,12.8957520882334     ,15.0345546598818     ,41055                ,oct                  ,2015                 
26.044031951291      ,1.49446598805963     ,193.381182419249     ,-3.11771687010785    ,2.19594577632951     ,36.8102999800277     ,40.237377531538      ,88.9990621303309     ,278.991174933229     ,291.473643520845     ,131.892117833829     ,0.00612131519629264  ,3.90244055345136     ,14.087557142216      ,15.6678031648099     ,41065                ,oct                  ,2015                 
13.269230011099      ,1.62565391064019     ,190.083874393141     ,-3.66276865579171    ,0.976970110066794    ,17.8459771138824     ,53.016664698266      ,88.6145478290701     ,271.165950763357     ,279.30680719843      ,73.3785295056981     ,0.00356221254198646  ,3.8053182620991      ,19.8619024276207     ,19.2916282629598     ,41059                ,nov                  ,2015                 
12.1671215764292     ,2.25422122171908     ,195.202905255542     ,-2.61967614008274    ,0.907830809688278    ,18.8406891143466     ,49.3633890844447     ,84.7443229606379     ,269.020969110769     ,277.17327588666      ,75.889834428556      ,0.00302166839039384  ,3.94545586166126     ,19.4668887159485     ,18.6150755803902     ,41063                ,nov                  ,2015                 
18.9867143976751     ,0.84436194203716     ,196.57506497934      ,-4.64550967719958    ,0.985163897852922    ,21.1287791203974     ,53.6739159074753     ,91.752529715826      ,271.279619651648     ,279.877168566852     ,76.7308729790892     ,0.0037315744173227   ,3.96304188707736     ,18.6290834639917     ,19.3154101217812     ,41049                ,nov                  ,2015                 
12.0614547691816     ,2.390145341589       ,175.998006610439     ,-2.34499242606998    ,0.905229235413818    ,15.8152429210582     ,52.5217233154705     ,86.7970977233761     ,268.91250412678      ,276.771308068797     ,77.2370827691349     ,0.00309720263075766  ,4.31182932423957     ,20.598563183443      ,19.4149361976184     ,41061                ,nov                  ,2015                 
14.0675542133596     ,0.963653193107694    ,189.597774448655     ,-3.7494421989058     ,0.904167919610125    ,17.8694825246432     ,55.1205441706538     ,94.274646123723      ,271.524136065137     ,280.285739211374     ,78.9449665654548     ,0.00390514806301023  ,3.89340983881457     ,19.4917933192247     ,20.2254407460214     ,41021                ,nov                  ,2015                 
12.3640468754499     ,1.12098812622111     ,192.030169551321     ,-3.28470509094104    ,0.899502024932476    ,16.1069450889738     ,56.8901680505764     ,95.6529949240285     ,271.478981859828     ,280.359691787928     ,79.0657957491587     ,0.00401239976528342  ,4.19687595081608     ,19.9271693681416     ,20.856426900265      ,41055                ,nov                  ,2015                 
10.8922431292234     ,1.66153626695229     ,185.406853230794     ,-3.0359494208178     ,0.831708997310296    ,13.0360734691777     ,58.9370083725165     ,95.0908797648681     ,271.054671470565     ,279.474252346605     ,78.8546652453763     ,0.00395496580754273  ,4.40545499429003     ,21.4071518022142     ,21.2630061156266     ,41065                ,nov                  ,2015                 
4.60698347269305     ,3.6389060258339      ,168.117817380728     ,-3.4132524840287     ,0.703203997273866    ,6.18761223577662     ,64.1832105173444     ,92.0201896920109     ,270.532162441902     ,277.034079813168     ,46.836867014146      ,0.00355040911206935  ,4.72527668697155     ,24.9049140107026     ,22.094364738517      ,41059                ,dec                  ,2015                 
4.27005504440594     ,4.07613939071955     ,185.081917532813     ,-2.23086140950868    ,0.686482144416351    ,8.26190886522857     ,60.2382006646314     ,88.6826323126857     ,267.386819200138     ,274.191249355681     ,49.9045534948647     ,0.00289483321304523  ,4.94860265923095     ,23.6702572680298     ,21.0028241785534     ,41063                ,dec                  ,2015                 
9.16605701509467     ,1.62379232656282     ,183.082609394083     ,-4.52114553258057    ,0.645479365886818    ,9.22137169026237     ,65.819018877572      ,95.7320065453414     ,270.934598021982     ,277.743400022497     ,47.3794370758596     ,0.00381903411569821  ,4.69923107929879     ,22.8957217748253     ,21.9582742340694     ,41049                ,dec                  ,2015                 
3.033605907346       ,4.99149847615035     ,156.5987484523       ,-2.0337355973084     ,0.629617310120981    ,4.42320893697386     ,65.2288846774945     ,91.2059935189078     ,267.42553836901      ,273.94060344178      ,51.7183758746646     ,0.00304317407572542  ,5.44845971715794     ,25.7170891960364     ,22.4614100098316     ,41061                ,dec                  ,2015                 
5.41537300505603     ,1.75616979011262     ,181.333686026203     ,-3.43645185210005    ,0.546860116039999    ,5.455982517366       ,68.6604552218166     ,97.0593770491589     ,271.39749141348      ,277.753101822523     ,47.6266393418058     ,0.00394308200556683  ,4.42834051803511     ,24.2585007012851     ,22.9247546932216     ,41021                ,dec                  ,2015                 
2.64415298524888     ,2.76285368743086     ,186.833911510192     ,-2.80540324512281    ,0.543156777065589    ,2.1203457797583      ,68.8440933461775     ,97.4403286255359     ,271.505837364271     ,277.939565254791     ,46.8381649682861     ,0.00401943703508822  ,4.59631603206807     ,26.4004469304522     ,24.0627656901324     ,41055                ,dec                  ,2015                 
1.86522883610755     ,5.11174636855895     ,188.387749993384     ,-2.60859409162215    ,0.62072857361737     ,1.81194598880557     ,68.2426829297318     ,95.4119177310709     ,271.3519408907       ,277.2506864072       ,48.3357541559274     ,0.00386024757367816  ,5.1983532903865      ,27.9916709165566     ,24.2843283902237     ,41065                ,dec                  ,2015                 
