bi,pr,th,pdsi,pet,erc,rmin,rmax,tmmn,tmmx,srad,sph,vs,fm1000,fm100,countyfips,month,year
5.30376818755394   ,2.21373254386614   ,193.100312006761   ,4.55657543238688   ,0.626248485143114  ,4.42345558148504   ,59.667391909465    ,95.089687372675    ,267.942620823206   ,276.326657845102   ,62.1994846804838   ,0.00315297707727154,3.31319877054384   ,27.5147587701414   ,21.6309864381469   ,41059              ,jan                ,1997               
5.51212920849475   ,2.4916636163367    ,211.275468719014   ,4.84843320293582   ,0.668819420330837  ,4.93217674597341   ,53.8659021664548   ,92.8101635594522   ,265.610669827262   ,274.51360319496    ,66.0022655270209   ,0.00273237218991173,3.8234542435686    ,27.8608869011666   ,20.9422683232314   ,41063              ,jan                ,1997               
7.78793440571116   ,1.45783970270084   ,188.32493669152    ,4.43179559853272   ,0.681268548887689  ,5.88912945911313   ,59.4818431225767   ,96.1060971703164   ,268.484691987104   ,277.17610684385    ,61.6706224738535   ,0.0032739111059771 ,3.48424691418109   ,26.0918791185781   ,21.5378805989853   ,41049              ,jan                ,1997               
3.7402903192585    ,3.02635227713459   ,206.700568975741   ,4.4899959102089    ,0.618307171763473  ,2.48781021987787   ,58.8051101465806   ,94.9342892372195   ,265.796162346491   ,274.451319143279   ,68.99848018944     ,0.00290812323449099,3.92989420485373   ,29.0556010081824   ,22.0962996224206   ,41061              ,jan                ,1997               
7.34619422742024   ,1.39448500137208   ,183.476014932892   ,5.61988462745922   ,0.669679796525773  ,5.48122554117237   ,60.9436159004681   ,95.1185758800898   ,269.42215581643    ,277.571078251872   ,64.687249804418    ,0.00337364168808126,3.37889897415558   ,26.2487685867659   ,21.2424526705218   ,41021              ,jan                ,1997               
6.28257899467988   ,1.40245254538441   ,183.799881033258   ,6.10110061210498   ,0.662842443629247  ,3.67843667252911   ,62.1292962266958   ,97.2895384102897   ,269.616915063979   ,277.816901767733   ,65.3026017390699   ,0.00348396583957381,3.7472485350654    ,27.2893585887996   ,22.0674843875401   ,41055              ,jan                ,1997               
4.06158939211029   ,2.49675148186433   ,188.050615912676   ,5.9550449062709    ,0.620532091765536  ,1.97506924663788   ,62.3652094192671   ,97.8733245869115   ,269.040367817751   ,277.122979885026   ,66.5345279798444   ,0.00346141948451739,3.89592873877588   ,29.8255352050669   ,22.9181334227133   ,41065              ,jan                ,1997               
8.06208538534831   ,1.72805906817515   ,192.68647953378    ,4.69787272804357   ,0.986797893677143  ,8.01813568750212   ,56.7187677085005   ,95.8554067611694   ,269.760144550392   ,279.302032165744   ,99.3183280050247   ,0.00361214159857106,3.46623368543998   ,25.2758401348101   ,20.81474123062     ,41059              ,feb                ,1997               
8.0207997342603    ,1.84593976992091   ,217.162099678352   ,5.00960799336156   ,0.925001912000408  ,8.32928226262535   ,50.6485176322224   ,97.4231964739172   ,266.049548473034   ,276.680538985398   ,100.942225173637   ,0.00295952136745821,3.54677111296714   ,25.0587917878316   ,20.9068159946314   ,41063              ,feb                ,1997               
11.4852040662832   ,0.985571010539356  ,169.623862721076   ,4.57005461410702   ,1.03594271252844   ,10.0409475247777   ,58.0451099025552   ,96.9281044494954   ,270.581899717127   ,279.959959237007   ,101.195791837611   ,0.00379789641346891,3.73606479158465   ,24.0909014036161   ,20.7453956177811   ,41049              ,feb                ,1997               
6.43183935602492   ,2.36287718554811   ,213.522218301997   ,4.70163402518127   ,0.939699525267832  ,5.08139279214457   ,53.0625600263135   ,97.950118809991    ,266.427361391797   ,276.9884496376     ,106.231576841849   ,0.00311615883252202,3.86604163227784   ,26.7789225779303   ,21.5953451883225   ,41061              ,feb                ,1997               
9.55653462110004   ,0.948378710610314  ,169.393214421771   ,5.73447568502272   ,0.98477854741123   ,8.03287584096743   ,61.5583448027653   ,97.3056233188793   ,271.375660201937   ,280.028686270205   ,101.598885261183   ,0.00394190398113633,3.69202855218694   ,24.4930964998913   ,21.2641977072395   ,41021              ,feb                ,1997               
9.31906333206186   ,0.898923000224217  ,165.048237903375   ,6.09381629802563   ,1.01461621948091   ,7.2522951481812    ,60.9565946520022   ,97.9422421618711   ,271.768758310112   ,280.586619451231   ,100.834383755001   ,0.00405805031060468,3.99493705805581   ,24.9203518090292   ,21.3436255072591   ,41055              ,feb                ,1997               
6.49748611622845   ,1.39768206213649   ,170.221754777523   ,5.95191049705482   ,0.98478174891138   ,5.06165385043919   ,59.2830555501716   ,97.903524832292    ,270.617495720679   ,279.667099077782   ,100.112962320889   ,0.00386674732319971,4.08244702683919   ,26.4783164422749   ,21.593457485333    ,41065              ,feb                ,1997               
10.0252089740619   ,2.52305615082119   ,218.84346036316    ,4.80100299677838   ,1.99717906127626   ,12.1716597236072   ,45.8752158517844   ,92.0266159367699   ,272.879474383189   ,283.787989382712   ,142.72924381697    ,0.00402055743369491,4.27486464431515   ,23.8920573829662   ,18.6052887597621   ,41059              ,mar                ,1997               
7.68484585669043   ,2.16592096737624   ,235.792670561375   ,4.93904890915453   ,1.94707925836859   ,12.6869024962444   ,42.0077095540522   ,89.6734496257979   ,269.719758077424   ,280.838758926856   ,148.056332680702   ,0.00326366205503309,4.46337129287934   ,23.0670361982466   ,17.834731074211    ,41063              ,mar                ,1997               
15.5827473827268   ,1.38772826139519   ,214.693044391214   ,4.73635169182356   ,2.07246226307871   ,16.2233746367475   ,44.6402289753447   ,92.703036685023    ,273.214764437026   ,284.568701489111   ,144.3633735678     ,0.00411651443880856,4.41248098695787   ,22.0922607794905   ,17.8422408490905   ,41049              ,mar                ,1997               
7.97747571243371   ,2.48707755346      ,228.3855020641     ,4.61777880064254   ,1.96178160907737   ,10.315323859967    ,43.0148953350072   ,91.3477643227587   ,270.118735292982   ,281.15112692629    ,151.361711571199   ,0.00343811618470543,4.62241791095073   ,24.5977082284785   ,18.5354712146347   ,41061              ,mar                ,1997               
15.0292992300022   ,1.05625435213585   ,219.005609583215   ,5.78738147027726   ,2.0268347280848    ,15.4668746881305   ,46.5522400807642   ,94.2002641188611   ,274.04979532253    ,284.957649136722   ,144.257963151494   ,0.00434985347386436,4.3519991281822    ,22.2123472793795   ,18.1542218408792   ,41021              ,mar                ,1997               
15.6294019949438   ,1.02501798405991   ,218.533175374978   ,5.9562419771451    ,2.01619760726133   ,14.525558945304    ,46.983678186104    ,96.3826936147186   ,274.211369458155   ,285.123866897465   ,145.492126903811   ,0.00448016735234144,4.50779914939163   ,22.5794456867289   ,18.7297066431454   ,41055              ,mar                ,1997               
9.9886398359862    ,2.21352795440464   ,216.50695722724    ,5.71100295562566   ,1.86815932043711   ,10.6449647341317   ,47.9554980391532   ,96.9622299907996   ,272.939915793651   ,283.697879425538   ,143.223720018447   ,0.0042566270807678 ,4.40383574898794   ,24.3802825193565   ,19.673352082427    ,41065              ,mar                ,1997               
9.72058068092483   ,2.7075260224216    ,222.419738540369   ,4.79101265700448   ,2.7328500074464    ,19.0368566672694   ,41.8947140968399   ,89.2468918758249   ,274.333780087435   ,286.178306358961   ,203.353334726245   ,0.00443241940841472,3.84952115351396   ,20.3207743958922   ,16.5670254571548   ,41059              ,apr                ,1997               
6.59450496405494   ,3.18075196841604   ,231.737734254632   ,4.815460058359     ,2.5002606256268    ,18.6826239750957   ,38.8552826325654   ,88.5000210673103   ,271.533612590514   ,283.045056357751   ,196.421139869156   ,0.00373466557945643,3.74713380681676   ,19.8710994041327   ,16.3284524857025   ,41063              ,apr                ,1997               
12.2819545084372   ,1.68431127365576   ,210.98668822202    ,4.93864873379313   ,2.87764924571672   ,23.7677486866401   ,39.2000892095749   ,89.8678373057181   ,274.686875686512   ,287.020816534019   ,207.92045791819    ,0.00443961080267333,3.88797555918469   ,18.3888963786719   ,15.772726098946    ,41049              ,apr                ,1997               
8.30275934154712   ,3.52736636655014   ,248.591765610737   ,4.33791754854069   ,2.49571642805519   ,15.7593848202117   ,42.2451340205974   ,91.6154431127226   ,271.639153193721   ,283.011849260997   ,204.679901571392   ,0.00396620356515644,4.12650197045793   ,21.2848787578536   ,17.4685769769881   ,41061              ,apr                ,1997               
15.7151821644157   ,1.13799029316192   ,212.892317110839   ,5.95200036744941   ,2.91174354462375   ,24.9404490274715   ,40.2597852190483   ,90.8949465469209   ,275.532335554121   ,287.606317747511   ,209.804245826126   ,0.00466279719449589,3.89603775126266   ,18.1751368977028   ,15.6336401456055   ,41021              ,apr                ,1997               
17.2303270991822   ,0.943128747001679  ,208.776419398822   ,5.99832627647801   ,2.97212137197658   ,24.941950261802    ,40.2165477438512   ,91.7990236483122   ,275.846338423047   ,287.984854506703   ,211.15520208184    ,0.00477309427339834,4.05528895989728   ,18.2959042976707   ,15.6126369598084   ,41055              ,apr                ,1997               
11.828715122607    ,1.46277334385515   ,203.300985753268   ,5.64931466399743   ,2.70357286599874   ,19.3308373588006   ,42.0688284210762   ,93.8857053512182   ,274.390057099171   ,286.565954588658   ,205.058042279935   ,0.00460665778042756,3.7384125231724    ,20.3120081316156   ,16.7691502813415   ,41065              ,apr                ,1997               
19.0600712595384   ,0.880669539883111  ,221.260017153571   ,4.90672528612166   ,4.29179016202593   ,31.3850368221653   ,37.9826925133467   ,84.4852846101216   ,279.859075985106   ,294.496127675624   ,269.154569876039   ,0.00646370252935018,2.8532817482509    ,17.2660462116742   ,12.9896184892335   ,41059              ,may                ,1997               
16.8818970383848   ,1.18828204184143   ,229.566085487692   ,4.87961606677873   ,4.05784107722172   ,29.3603163007861   ,38.4252954929859   ,83.6827762566327   ,277.493187351687   ,292.065520168884   ,269.439751541805   ,0.00593975034308186,2.71925003172823   ,17.6715405033588   ,13.4004839043463   ,41063              ,may                ,1997               
24.0473553514515   ,0.715821345819935  ,217.244497820707   ,5.234907538895     ,4.50153488078807   ,36.1554018246163   ,34.1818384529066   ,85.3624613920874   ,280.244280940917   ,295.176084418249   ,271.937670272984   ,0.00630323451715544,3.02688029886621   ,15.9663833119825   ,12.4701563013383   ,41049              ,may                ,1997               
16.6355553648035   ,1.07991479990996   ,239.19927084698    ,4.29053686499105   ,4.10024834109796   ,27.2779106917774   ,39.5897498668973   ,86.4875308597007   ,277.487448235576   ,292.051799709452   ,275.447430673931   ,0.00616957885264195,2.938730920275     ,18.3563502954326   ,13.7981022249508   ,41061              ,may                ,1997               
27.8242625222502   ,0.571863636498776  ,225.914215519511   ,6.21009563956562   ,4.75391091295735   ,38.9580553396527   ,33.5378385869301   ,85.5334741787053   ,281.190651692908   ,296.135091957049   ,279.695077622333   ,0.00650790016225388,3.19501692173878   ,15.2162647902043   ,12.1746694782338   ,41021              ,may                ,1997               
27.8470437963683   ,0.526905717283742  ,221.03327855239    ,6.15406435042562   ,4.89452710472802   ,38.4381368970268   ,34.2710257154032   ,86.5349429540197   ,281.32772839238    ,296.324871697216   ,287.144516817333   ,0.00667755504356094,3.42149005385305   ,15.1426740925934   ,12.386078658497    ,41055              ,may                ,1997               
22.9500578483246   ,0.764768343306894  ,217.271523282415   ,5.57248859713035   ,4.62010851358326   ,32.917866592109    ,35.6647118703164   ,89.4437723599374   ,279.725481784418   ,295.192016744983   ,285.514150344283   ,0.00651949905596477,3.15538881966401   ,16.819289508749    ,13.4061405319712   ,41065              ,may                ,1997               
21.3806244612103   ,1.14046713446388   ,255.436896462806   ,4.52886550987004   ,4.59866267002576   ,31.9119525787583   ,40.4707606342981   ,88.4030417271797   ,280.747696596529   ,295.034509405342   ,284.795891852305   ,0.00712985731409472,3.26193156717037   ,16.7138347707311   ,13.8723727398361   ,41059              ,jun                ,1997               
16.5772965075524   ,2.17289928028475   ,249.326047911527   ,4.3722550975276    ,4.15676162422815   ,29.0813880042874   ,42.4455949457097   ,85.1434152512006   ,278.938763144077   ,292.041117005248   ,275.142370954927   ,0.00660558503832384,2.88138921392999   ,17.1430697326616   ,13.9821718048105   ,41063              ,jun                ,1997               
24.7664423051042   ,1.17109088843792   ,242.766105385486   ,5.2463920580363    ,4.93209862899406   ,34.0520876607762   ,36.4360140649852   ,90.0439081045554   ,281.163109033395   ,295.795853935362   ,293.649972564138   ,0.00697429456134907,3.60276596648115   ,16.2615510436253   ,13.721520925442    ,41049              ,jun                ,1997               
18.7330091949559   ,1.65912092126327   ,279.761876105545   ,3.71444156670276   ,4.26235400374534   ,28.2677922070664   ,42.4219502069921   ,88.9668753544686   ,278.163692728678   ,292.15137512835    ,289.96482357763    ,0.00670358712340364,3.28207142992275   ,17.6190844952619   ,14.3875725661384   ,41061              ,jun                ,1997               
26.3663022428704   ,0.989229961173768  ,246.38124657856    ,6.26779232119687   ,5.21758382994003   ,35.1921108625783   ,35.1048077414322   ,91.2972019717891   ,281.912496952024   ,296.71359514617    ,303.835504045924   ,0.0071373641548639 ,3.90858793742447   ,15.7601657078021   ,13.7378577706834   ,41021              ,jun                ,1997               
28.1112652688877   ,0.78396210521505   ,240.90992126344    ,6.12194631485446   ,5.32824692856266   ,35.8652612363618   ,34.7989170459279   ,91.6741083896183   ,282.108298092372   ,296.809624967519   ,308.955466352615   ,0.00716078319490595,4.15261057427055   ,15.5119591059508   ,13.6438951059159   ,41055              ,jun                ,1997               
22.4647454311352   ,0.998410962349334  ,261.16636668503    ,5.35541696518822   ,4.80219896152766   ,31.2907395326359   ,38.0710668549764   ,94.3983620336098   ,280.223819640781   ,295.202867375443   ,301.817876153337   ,0.0070021081274041 ,3.46022983310569   ,16.7423298517492   ,14.5610147115697   ,41065              ,jun                ,1997               
24.8332059852187   ,0.838263849296021  ,219.961867783536   ,4.48456515644823   ,5.43174144967553   ,40.4977931908068   ,33.1345976370315   ,85.1897751209803   ,283.886234660761   ,300.751393903909   ,296.791238389955   ,0.00829523264850663,2.85257998410007   ,14.3980613448533   ,12.3661680962637   ,41059              ,jul                ,1997               
18.3723772823576   ,2.31093833200942   ,209.567378550553   ,4.92127835090622   ,5.08537725666939   ,34.7147350054198   ,33.2384523006747   ,79.5888559931749   ,281.948462625887   ,297.893741358114   ,298.966179520503   ,0.00750877092265573,2.49105110677443   ,15.8882422487542   ,12.496947266543    ,41063              ,jul                ,1997               
31.6286586781763   ,0.442485280427931  ,223.712867323691   ,5.26086885600398   ,5.76625696283159   ,44.9795344026079   ,30.9895044878274   ,85.2748016479188   ,284.499307165676   ,301.412881237533   ,303.046670945587   ,0.00812507138544358,3.18724787553366   ,13.5338509361036   ,11.6910408664205   ,41049              ,jul                ,1997               
18.0269725834448   ,1.7215881958197    ,228.730018886748   ,3.83967186080085   ,5.02643185575281   ,32.4274609172263   ,34.8628221252059   ,86.4989394921318   ,281.416025334476   ,297.901939155703   ,297.684000721532   ,0.00801587309269216,2.72614447357929   ,16.2817592510328   ,13.559607221633    ,41061              ,jul                ,1997               
37.0709081525765   ,0.218785315488067  ,236.331268355098   ,6.24329389692682   ,6.06974055033992   ,46.9653540029273   ,30.1865671545299   ,85.6106389390291   ,285.498290042166   ,302.320054430858   ,307.271792588267   ,0.00829423019877042,3.48753880300115   ,13.369352964492    ,11.4503697344033   ,41021              ,jul                ,1997               
37.6874360961392   ,0.248576969655775  ,235.857222411143   ,6.00623772623014   ,6.1775320376614    ,46.6332729106083   ,30.2020045524947   ,86.6594986220257   ,285.578598143357   ,302.294325593417   ,311.583174928047   ,0.00831915509785668,3.70180415850814   ,13.3208333081827   ,11.5955008713845   ,41055              ,jul                ,1997               
31.4171912778115   ,0.319151926669178  ,249.558451080078   ,5.09017119392834   ,5.68130010685102   ,42.1850725872838   ,33.0242256390725   ,89.5368112896392   ,283.611975505429   ,301.03094155079    ,310.981730184534   ,0.00840009481398426,3.11351496764202   ,14.2585488837575   ,12.4391625567714   ,41065              ,jul                ,1997               
37.8386206032674   ,0.144047257002263  ,216.940817407765   ,4.38491101757054   ,5.26607655628296   ,53.4892927638691   ,25.0161991825829   ,77.9838862273459   ,284.645622652735   ,302.319420494857   ,262.168961469344   ,0.00732864641432353,2.79978445875825   ,11.9606956635956   ,10.3760651985923   ,41059              ,aug                ,1997               
31.4053119653184   ,0.683142623932446  ,191.832236362345   ,5.2804149868605    ,5.06928210626357   ,50.1992918218793   ,23.6084796594439   ,69.8072202421326   ,282.795254104755   ,300.153087362113   ,267.428081869998   ,0.0063166178862521 ,2.63725853922632   ,12.6433061036734   ,9.82010232020037   ,41063              ,aug                ,1997               
41.3191173368643   ,0.133296527715928  ,230.688593589858   ,4.97664427299566   ,5.41230540172088   ,54.8990187019215   ,26.6514656342801   ,80.2206783847136   ,285.447300464312   ,302.458314181461   ,266.703039991717   ,0.00781169381823386,3.02374258199529   ,11.4352284351971   ,10.7005949803773   ,41049              ,aug                ,1997               
32.4093838952117   ,0.363353825139037  ,209.745489382871   ,4.0127909209012    ,5.07438319168068   ,48.4685826425009   ,24.2769619979311   ,76.0534171830226   ,282.179922289679   ,299.986661594259   ,266.389537199955   ,0.00666089365460952,2.83083862094754   ,13.0978548475681   ,10.4044763617666   ,41061              ,aug                ,1997               
42.7930802892318   ,0.189525925145967  ,239.48768854793    ,5.75209724976966   ,5.60104480360406   ,55.1259325690543   ,27.2235874887822   ,82.0665179301915   ,286.583344728173   ,303.319139260327   ,265.817554434079   ,0.0083030662848656 ,3.2263691921874    ,11.239277294663    ,10.9941326626657   ,41021              ,aug                ,1997               
41.295941116529    ,0.310482862713987  ,241.402805209475   ,5.5828620643876    ,5.67243792522271   ,51.3599620778433   ,28.5142106414403   ,85.2755444092563   ,286.998678273962   ,303.666400367551   ,265.076859299135   ,0.00886023572867097,3.42312223855965   ,11.9375795296196   ,11.837130897024    ,41055              ,aug                ,1997               
33.1018985845335   ,0.539447590117228  ,241.774810752939   ,4.75741046329015   ,5.13170524922266   ,44.5912156240215   ,31.8873095423828   ,89.3376765486011   ,285.023089117946   ,302.084696439202   ,265.75113689739    ,0.0089713184311472 ,2.92921042367026   ,13.2931475686313   ,13.0780417023319   ,41065              ,aug                ,1997               
22.2537486037968   ,0.98056867418525   ,172.34807381451    ,4.02858109768916   ,3.46751637485775   ,35.7548822489006   ,33.3894619982764   ,90.1185078334598   ,281.176087645137   ,296.451310472299   ,184.610882772989   ,0.00692063659353996,3.51621676336719   ,14.6128816061462   ,15.0719620946754   ,41059              ,sep                ,1997               
22.585141558859    ,1.36313773466492   ,169.177216206517   ,5.10175954823172   ,3.51813314979796   ,38.7480465545243   ,30.1998402100899   ,78.8962594721423   ,279.709084511248   ,294.7061364474     ,191.268502999464   ,0.00581000034792603,3.34999455368463   ,14.2744192120634   ,13.1956664964869   ,41063              ,sep                ,1997               
24.2317878682209   ,0.657778861688817  ,176.428682104408   ,4.65010709163406   ,3.54552585279754   ,36.2810452707567   ,34.2757876871352   ,90.8228028816702   ,281.776044673154   ,296.641549706584   ,184.842482265586   ,0.00711517418238186,3.78270394557642   ,14.414573172749    ,15.0550096552201   ,41049              ,sep                ,1997               
22.4720474137721   ,1.22507215554757   ,177.930901386679   ,3.78752759749016   ,3.4791111348784    ,35.9048367207139   ,31.1727291999629   ,85.8100456536061   ,279.085218103982   ,294.520024607466   ,191.344273006926   ,0.00612592573195251,3.57773680264567   ,14.8566433306486   ,14.4414201814157   ,41061              ,sep                ,1997               
24.837780945308    ,0.696671157497209  ,187.675538761672   ,5.4501936858176    ,3.58505374192453   ,35.3807971768811   ,35.4217223178055   ,90.8692855972044   ,282.887188510824   ,297.251592280165   ,182.331432119414   ,0.00748949684629671,3.82999043142633   ,14.7606411709957   ,15.218945905208    ,41021              ,sep                ,1997               
24.0091070915217   ,0.628218548883072  ,189.4758817956     ,5.36858940728691   ,3.59172680670755   ,33.5009528846071   ,36.8862543464869   ,92.2365779363621   ,283.228766142787   ,297.614863955254   ,180.614126508835   ,0.00792004409387751,4.04473684794954   ,15.2339224815369   ,15.5490885401795   ,41055              ,sep                ,1997               
18.8760039768007   ,0.92302528489135   ,185.427291676187   ,4.69444912834138   ,3.24077503027708   ,28.6229401988026   ,40.2619935815985   ,94.2548621906082   ,281.623629274642   ,296.209426523014   ,181.81678354579    ,0.00791368917182157,3.83306785959927   ,16.6260059244057   ,16.5225936229042   ,41065              ,sep                ,1997               
16.0929820754252   ,1.7213355827662    ,214.496852487722   ,3.81087174834005   ,1.78114974698741   ,24.0556486767344   ,39.4967899422339   ,94.7934098725542   ,275.070191042516   ,287.386898494689   ,117.24232917106    ,0.00484879671606336,4.09421215700756   ,17.8700886465907   ,18.0294790747226   ,41059              ,oct                ,1997               
18.6908765329621   ,2.02058237022114   ,218.500514517055   ,4.7078227372992    ,1.73806025195063   ,29.9775522363775   ,37.7757487177123   ,89.372797000712    ,273.108026998887   ,284.683070516898   ,116.161797353007   ,0.0041210832355383 ,4.04090452076228   ,16.0116490212515   ,16.3697600631716   ,41063              ,oct                ,1997               
20.9447732018717   ,1.11961970340041   ,205.027786984272   ,4.29428894669598   ,1.85742682510233   ,26.5889475492182   ,39.1067455966938   ,95.595810823033    ,275.464059426079   ,288.095047029284   ,121.058497927395   ,0.00497673477480985,4.27120969201278   ,17.128481041759    ,17.8999391570121   ,41049              ,oct                ,1997               
18.9088880052675   ,1.96150953311526   ,225.336157125917   ,3.4873120633663    ,1.7023918343903    ,26.9795956465411   ,39.136755600644    ,91.9519877421243   ,272.784966872081   ,284.459848475789   ,119.443096762034   ,0.00423509729594958,4.2654449061396    ,17.0181684769752   ,17.2035174462103   ,41061              ,oct                ,1997               
20.1556204634043   ,1.1686261771693    ,205.259763970851   ,5.15815378505797   ,1.79570978656206   ,24.6573556921353   ,40.992665864135    ,97.5988906611497   ,276.159140051977   ,288.856275105365   ,120.62233718303    ,0.00538170683645078,4.17532239617568   ,17.7048184883396   ,18.5576100442632   ,41021              ,oct                ,1997               
19.5820619974304   ,1.3245493475969    ,203.882387012789   ,5.19978600031684   ,1.78950515731261   ,22.906018179546    ,42.6102679611894   ,98.0457747523638   ,276.547870433774   ,289.239532839148   ,119.495559293354   ,0.00561774394360638,4.33886595021169   ,18.3669006532598   ,18.9320007588499   ,41055              ,oct                ,1997               
14.4996199269772   ,2.38294342385426   ,207.329878513352   ,4.74262188123749   ,1.56045480581417   ,18.2914962974831   ,46.7544629068803   ,98.0390685651076   ,275.454357095299   ,287.632594087857   ,119.160633048722   ,0.00550144983379592,4.23940205997126   ,20.0841343170701   ,19.7484481226942   ,41065              ,oct                ,1997               
9.98021950506056   ,1.44652333526644   ,172.659047985606   ,3.56345303287569   ,0.821072378471724  ,12.9373172134093   ,55.4991068178981   ,95.661853208605    ,273.35831793644    ,282.10999454052    ,72.1904674963709   ,0.00454359414654981,3.20768716210298   ,21.762334152668    ,20.7240697184935   ,41059              ,nov                ,1997               
9.92411749595434   ,1.60191251598982   ,192.013335485565   ,4.37780722399136   ,0.8844295470374    ,16.8255422216535   ,50.1012136557163   ,90.9172274505064   ,271.140233214585   ,280.12058132056    ,75.9264379972067   ,0.00384507775769378,3.39183967197553   ,20.1249287407437   ,19.2016620773536   ,41063              ,nov                ,1997               
12.1725769020158   ,1.09212575427404   ,161.432021226766   ,4.1876110315947    ,0.762039494931854  ,13.2895998152433   ,57.0725460751518   ,97.3722880405073   ,273.51647448315    ,282.436036656831   ,74.657598385969    ,0.00472658002283018,3.18391931967169   ,21.7392460893794   ,21.120089000141    ,41049              ,nov                ,1997               
11.0667312062232   ,1.70941714738913   ,189.032288743007   ,3.10060758453338   ,0.922211587940469  ,15.3745754111403   ,52.6992494244046   ,92.4788312119221   ,271.342358228895   ,280.057990672422   ,75.7764622703207   ,0.00395338085787601,3.82807567414433   ,20.7224353798132   ,19.7423548852661   ,41061              ,nov                ,1997               
12.1327601366731   ,0.81920257283235   ,162.370859235459   ,4.96667197335608   ,0.649778588118015  ,11.9532072555479   ,62.329799978736    ,99.008463587046    ,274.010111812322   ,282.367568774974   ,74.6183986984073   ,0.00501494483173741,3.20738406480097   ,22.0942482849036   ,21.7825676295246   ,41021              ,nov                ,1997               
12.3051118825816   ,0.690005255305185  ,158.319952123393   ,4.94870163288265   ,0.618149236289033  ,11.3355874837919   ,64.4903135954056   ,99.7016329216911   ,274.212696915714   ,282.579751470912   ,73.8755829996998   ,0.00522020391313827,3.57070982915732   ,22.2504528331942   ,22.0373347059328   ,41055              ,nov                ,1997               
10.9903410912375   ,1.19173612382749   ,164.926854654014   ,4.58904707570732   ,0.619243576240428  ,9.44395190991648   ,65.2398344620865   ,99.3427455312259   ,273.749581328231   ,281.862591416389   ,74.8249802553107   ,0.0051003677848377 ,3.82113067646219   ,23.3161302058939   ,22.3260225132999   ,41065              ,nov                ,1997               
10.6034105674525   ,1.37447556699374   ,197.874125670347   ,2.92441775585642   ,0.517670043900395  ,10.2176727652399   ,61.561703816997    ,95.14913687506     ,269.660492143778   ,277.007838732991   ,56.8559506547898   ,0.00339351115881534,3.43023630927006   ,23.1441075402906   ,21.4207279192691   ,41059              ,dec                ,1997               
11.9912341402306   ,1.56352192894651   ,223.902188848153   ,3.77549962157553   ,0.581905804246899  ,13.8124079748101   ,54.7733755554075   ,91.3918017747519   ,266.149477353574   ,274.911794417944   ,61.6736884059328   ,0.00269724634206813,3.68206377628939   ,21.8429015632554   ,20.2136679893329   ,41063              ,dec                ,1997               
11.514710095793    ,0.687167049658421  ,191.720272955772   ,3.62389444743151   ,0.476702307142564  ,11.2917966186292   ,61.925679802853    ,97.0032716005468   ,270.156476462532   ,277.797183247511   ,58.2847951140911   ,0.00361281521871311,3.32420783070994   ,22.4630206191311   ,21.5450750895196   ,41049              ,dec                ,1997               
11.0999958023247   ,2.0138826798361    ,214.959493473646   ,2.46901779792927   ,0.602867152820276  ,10.3612868663178   ,58.2395577500583   ,92.8274169165215   ,266.764099619673   ,274.815420085138   ,61.7966543866381   ,0.00285831503665895,4.31629779870618   ,23.1402211861944   ,21.1044572150854   ,41061              ,dec                ,1997               
11.733551630565    ,0.427958759587648  ,190.827782095114   ,4.22125590999773   ,0.427524605135594  ,10.4665556572702   ,64.26222576061     ,98.551865182756    ,270.664372162659   ,278.060267535166   ,58.9277814336869   ,0.00377952249488728,3.25288519954962   ,22.7875561533364   ,22.0127316177113   ,41021              ,dec                ,1997               
13.1152756039868   ,0.384758430941858  ,188.791580503586   ,4.07761981264192   ,0.418502647193334  ,10.4155591491277   ,65.1313870948658   ,99.3981502109104   ,270.910473742866   ,278.330763048317   ,59.0336600483974   ,0.00389053043174116,3.55099498455287   ,22.9521303355345   ,22.2744369138751   ,41055              ,dec                ,1997               
11.9056075739504   ,0.748622857767505  ,192.975277163395   ,3.75406429039571   ,0.450888154712428  ,9.5651418431585    ,62.5342625814347   ,98.914441916548    ,270.086105300441   ,277.685904684711   ,62.0047486969178   ,0.00368323688317168,3.70777517962845   ,23.6508960502316   ,22.1937333759821   ,41065              ,dec                ,1997               
