bi,pr,th,pdsi,pet,erc,rmin,rmax,tmmn,tmmx,srad,sph,vs,fm1000,fm100,countyfips,month,year
15.3100081799086   ,1.10867307390051   ,205.950973933625   ,-0.30669014812919  ,0.858308239693737  ,17.9563913627048   ,51.0099751689041   ,84.4432831812913   ,267.050806185293   ,275.869904055042   ,67.0337869759885   ,0.00253825736533784,3.68711916153068   ,21.5792243381363   ,17.1801037243405   ,41059              ,jan                ,2007               
17.5854992239644   ,1.09502188422285   ,210.609145208493   ,-1.31997495196925  ,0.898178501315575  ,25.0093988050872   ,43.5536619024408   ,76.1902174202067   ,264.661096091414   ,274.397500485404   ,71.9935690404706   ,0.00204284458140492,3.82078297254049   ,19.1542545009783   ,15.0080994836584   ,41063              ,jan                ,2007               
18.405990828898    ,0.611530677454281  ,173.015112285506   ,0.285456345992689  ,0.867144811220858  ,19.6474258399175   ,52.7994985345287   ,86.5605552578633   ,267.471413455004   ,276.046850365856   ,68.0145342604894   ,0.00264348196688788,3.882442720666     ,20.6854529919163   ,17.4517208520796   ,41049              ,jan                ,2007               
17.0250042364831   ,1.38737445683866   ,218.356747395477   ,-1.4022371734366   ,0.904131051840439  ,21.9147921498831   ,47.204252804992    ,76.1952434204053   ,264.88658340922    ,274.334630308527   ,74.8919132982388   ,0.0021463698984697 ,4.15130294202951   ,20.3252690845066   ,15.300388307279    ,41061              ,jan                ,2007               
16.6836821129796   ,0.629906397694835  ,173.182898498837   ,1.634074398006     ,0.790714299979721  ,16.4598282723985   ,56.4596914706977   ,87.6238192828071   ,268.059817120989   ,275.902835227929   ,70.5225990201404   ,0.00275437823888598,3.78023272348202   ,21.9534701155107   ,18.0270064213047   ,41021              ,jan                ,2007               
16.2524404747651   ,0.720188499267226  ,174.410015471048   ,2.36187758884932   ,0.816836898615508  ,14.8930433458498   ,56.1736214023742   ,88.0877737783976   ,268.330204659825   ,276.168268954657   ,71.73673485945     ,0.00277833629074427,4.14462081230355   ,22.7944606548209   ,18.179862405147    ,41055              ,jan                ,2007               
14.7314910380984   ,1.51404002388399   ,179.066451357795   ,1.67831644414987   ,0.85460745404359   ,14.4659347592656   ,54.3269801576905   ,86.5754854684307   ,268.06649752163    ,276.233216622815   ,75.8827937812642   ,0.0027509165001855 ,4.31067353872457   ,23.1663637640279   ,17.8938703024976   ,41065              ,jan                ,2007               
7.30955880625977   ,2.32867237355282   ,196.16306897472    ,-0.871472139619679 ,1.15519215659104   ,12.1760455865436   ,53.7590218161003   ,94.9889726365864   ,271.921632470787   ,280.329639234516   ,92.4751239837964   ,0.00376669103346343,3.83313717450436   ,21.5994626857136   ,20.5277218370925   ,41059              ,feb                ,2007               
8.53162323238662   ,2.49876636253218   ,217.139442651541   ,-1.70902152545316  ,1.16600424558721   ,17.1043186883878   ,51.0949722971473   ,90.4840202298198   ,270.19175963921    ,278.011605993494   ,98.8642912904223   ,0.00329445943589871,4.2069110348523    ,19.4445096978417   ,19.083605187518    ,41063              ,feb                ,2007               
10.4348039291198   ,1.27532647720071   ,197.528194576435   ,-0.151218552208818 ,1.19412417989015   ,14.7131434291345   ,53.2189290363038   ,94.7146587589381   ,272.280899260413   ,280.880336701558   ,93.9302302020293   ,0.00383287163553689,3.93295749172669   ,20.7940528075376   ,19.8367196756597   ,41049              ,feb                ,2007               
6.97607333759319   ,3.17350732485716   ,203.295674684985   ,-1.93418782253447  ,1.16722317564792   ,14.8551441664559   ,52.0912386389636   ,91.7772238178018   ,270.393467191666   ,278.399210700787   ,102.459932595376   ,0.00343811920849357,4.25065965976244   ,20.2106660156654   ,19.6816715602522   ,41061              ,feb                ,2007               
11.9910420464907   ,0.871591372960467  ,190.991138181722   ,1.09025413336641   ,1.16241696748964   ,15.1415324453274   ,55.7552988079717   ,94.2643894918789   ,272.673648516168   ,281.133051316661   ,95.7548848429197   ,0.00392253401067154,3.79481948100612   ,20.8130464857712   ,19.5494231276226   ,41021              ,feb                ,2007               
13.6515071712701   ,0.798217754804824  ,189.448110183678   ,1.76231916466652   ,1.16385316924692   ,16.1437675670076   ,56.9031905347144   ,93.0732174023251   ,272.852627909572   ,280.985427958426   ,95.735585728584    ,0.00391657992692391,4.08808089032109   ,20.5703592535448   ,19.1115628549628   ,41055              ,feb                ,2007               
11.0447886060343   ,1.61742264795906   ,200.102086226304   ,0.921712481113557  ,1.17170005786669   ,15.5799040289513   ,55.1833275786408   ,92.0440827149611   ,272.302831462412   ,280.371942628752   ,96.7831156561067   ,0.00380339256141487,4.27798817174517   ,20.6785589433137   ,19.2170049306594   ,41065              ,feb                ,2007               
13.6036302947628   ,1.56175999045913   ,211.468067379327   ,-0.938326146173639 ,2.28365098666722   ,18.6934276044896   ,43.208479533005    ,88.4881541982112   ,274.408551801858   ,286.386296892237   ,156.736500172247   ,0.00427539824738972,3.71333181858063   ,20.9984196140022   ,16.8131462496281   ,41059              ,mar                ,2007               
16.212213216772    ,1.20734296681537   ,220.3176760012     ,-1.7983156100604   ,2.29056195175234   ,25.7809271170232   ,39.1306292452985   ,79.623051663056    ,272.851187080609   ,283.872228411178   ,166.754223949399   ,0.00360679373040926,3.78841744914244   ,18.6030446910815   ,14.4075059834813   ,41063              ,mar                ,2007               
18.2325727187231   ,0.90046478035814   ,214.822066675185   ,-0.39965111501138  ,2.37226091558578   ,23.0315411866725   ,40.5704252356272   ,90.1956140466325   ,274.55265433014    ,287.195253195341   ,155.97831400559    ,0.00431680595980423,3.74593150302619   ,19.4131185348484   ,16.3893866265994   ,41049              ,mar                ,2007               
14.7964452845029   ,1.43923329498867   ,213.378442539593   ,-1.95888755468483  ,2.2412709700615    ,20.6610208121056   ,41.6920416555857   ,85.4129591431004   ,272.464680061052   ,284.098109659053   ,169.635152503363   ,0.00379489088490901,3.83506772414663   ,20.3999266513929   ,16.0376980448092   ,41061              ,mar                ,2007               
20.9096639138229   ,0.530697583550028  ,216.428323018059   ,0.50957125329783   ,2.44534380730929   ,25.400189623242    ,40.6921668772589   ,90.1021436702034   ,275.273788902282   ,287.946664578023   ,158.270482246389   ,0.00446517708597298,3.75363009123797   ,18.6374349634143   ,15.9828535268198   ,41021              ,mar                ,2007               
22.3564564118098   ,0.449204047577176  ,211.618737912362   ,0.945240997896325  ,2.45609704755181   ,26.038162786451    ,42.2557030976257   ,89.7704032044482   ,275.441314777863   ,287.621577601279   ,162.814186611438   ,0.00449580037746321,4.00389647637869   ,18.3722662536227   ,15.906036554519    ,41055              ,mar                ,2007               
18.275836885419    ,0.793033970930413  ,220.476225541672   ,0.194816571265957  ,2.32277059996968   ,22.8267775543914   ,42.5992680153136   ,89.7086243715866   ,274.639474470783   ,286.665074622741   ,159.687136201395   ,0.00433701612306357,3.72516802432654   ,19.6491157612197   ,16.3824015952329   ,41065              ,mar                ,2007               
16.8752173560037   ,1.33179783528181   ,226.792725493017   ,-1.20974897005027  ,3.11825628451033   ,26.1416191498702   ,38.2445946800788   ,82.1880342557204   ,275.319787085662   ,288.030498071801   ,213.702500837212   ,0.00441955621036902,3.57519999894809   ,18.5408306710767   ,14.2479133037016   ,41059              ,apr                ,2007               
19.8786165105953   ,1.37784479547092   ,230.989512331197   ,-2.1978173499128   ,2.99261120578973   ,32.0460594323409   ,36.5553230956996   ,79.022982391722    ,273.517696613587   ,285.917544148407   ,214.743272465481   ,0.00395862344359476,3.44594840726236   ,16.526816817347    ,13.3903887635067   ,41063              ,apr                ,2007               
19.2440270670751   ,1.29393184676272   ,217.639440955864   ,-0.876616663092727 ,3.26149390981147   ,28.690228300985    ,34.9247483797722   ,83.8139828147688   ,275.46144181363    ,288.65257456648    ,218.501188078809   ,0.00438784684097625,3.73660403667944   ,17.5997551944243   ,14.133745376269    ,41049              ,apr                ,2007               
17.0417343107307   ,1.50356041568174   ,232.588553056962   ,-2.26792145498258  ,2.96488076184512   ,26.0675596216775   ,39.2564857800017   ,82.2863445550424   ,273.213173659839   ,285.778645044649   ,219.231892379949   ,0.00409828260363704,3.64092850304925   ,18.4525317513894   ,14.5116749456586   ,41061              ,apr                ,2007               
20.6197993038802   ,1.22442065567295   ,216.433579992066   ,-0.0429928700400394,3.35592667699746   ,30.0308748974381   ,34.6004253810519   ,83.6958735133931   ,275.957087374738   ,289.296587336846   ,221.029735587875   ,0.00445742569896975,3.82274877277227   ,17.0677528309852   ,14.0277475013166   ,41021              ,apr                ,2007               
22.4882718693167   ,0.883151780156016  ,214.612699719897   ,0.30103810651266   ,3.32165424096422   ,31.6363561953718   ,35.8529614680924   ,83.8200888866105   ,275.864624279238   ,288.858521914715   ,221.706739279912   ,0.00443362365034273,4.02237974530772   ,16.456515755105    ,13.7549620272356   ,41055              ,apr                ,2007               
18.4728276127548   ,1.01892690866746   ,224.851472752318   ,-0.49546618008206  ,3.04978937914692   ,27.8859171284575   ,37.7330668447179   ,86.7689061060374   ,274.711496814648   ,287.601167359015   ,216.845632733017   ,0.00433255313808263,3.48509161884505   ,17.7322521863284   ,14.6838783973303   ,41065              ,apr                ,2007               
28.2324852878445   ,0.767407397532076  ,226.843250221731   ,-1.66536571504857  ,4.7455639883548    ,41.1237520777856   ,34.6941770146327   ,73.9090646685914   ,278.873174755779   ,293.972738062666   ,300.823732887469   ,0.00520033949938947,3.30675973855731   ,14.8255759600619   ,11.3535905424995   ,41059              ,may                ,2007               
24.0475619618144   ,1.21512845647411   ,231.478447190214   ,-2.61162538979298  ,4.302392302431     ,40.11197493804     ,34.4185240821593   ,70.8578211971311   ,277.135392348868   ,290.791400485186   ,294.862579577184   ,0.00478284464304069,2.97159183950422   ,14.652665441068    ,11.3815527781121   ,41063              ,may                ,2007               
33.5633739221325   ,0.456908843603524  ,228.292272434003   ,-1.43297131398748  ,5.05061609057272   ,44.3729074492968   ,30.9425296354205   ,75.051733385971    ,279.329227490676   ,294.864246510791   ,305.14807065285    ,0.00503268594094609,3.66929067285495   ,14.2468407627619   ,10.9756421822387   ,41049              ,may                ,2007               
24.1345185946843   ,1.04872536572362   ,247.272897326698   ,-2.71400139071814  ,4.35785312706234   ,37.3118063881501   ,36.770754636858    ,75.288179904842    ,276.647481229076   ,290.994915324234   ,303.324229357016   ,0.00503672304583067,3.23314507478074   ,15.4676388770544   ,12.0136778302422   ,41061              ,may                ,2007               
36.5082019350706   ,0.356802877200881  ,246.916292080665   ,-0.463949649175802 ,5.38981931208706   ,46.2027301251967   ,29.285516957897    ,76.44017293971     ,279.923491522225   ,296.061474338197   ,315.452495184287   ,0.0051747030711149 ,3.91085562035969   ,13.7584716985803   ,10.734083780097    ,41021              ,may                ,2007               
41.4004841717628   ,0.217195025880794  ,251.626503355029   ,-0.224357337660027 ,5.52188651864427   ,49.2114588962908   ,29.2816225935931   ,75.8119940452813   ,279.886706447403   ,295.862385149475   ,322.328405263311   ,0.00517139532981931,4.15193439854516   ,13.0247337502863   ,10.3592494521315   ,41055              ,may                ,2007               
34.2485303441662   ,0.330049286758875  ,250.71777386147    ,-1.18779645831829  ,5.05034715546299   ,44.6798791868165   ,31.4998660057826   ,78.3719706958071   ,278.403436594363   ,294.307456468243   ,315.8258338436     ,0.00512311771217102,3.60142848049575   ,13.9935325480501   ,11.1608960795953   ,41065              ,may                ,2007               
31.3882407652475   ,1.15986417664861   ,244.891463899139   ,-2.18695720069719  ,5.24389854957726   ,46.4911803837117   ,32.5461667836633   ,74.0383416575838   ,281.436474184958   ,296.338469871201   ,305.451255730972   ,0.00616680718152722,3.54041271862999   ,13.0690544736306   ,10.815330768342    ,41059              ,jun                ,2007               
31.872115870724    ,1.31812109333704   ,245.566872609902   ,-3.059310008318    ,4.86650226295411   ,48.1876888121758   ,33.1212794726823   ,69.0578358087784   ,280.234085912638   ,294.368016939674   ,291.074791313829   ,0.00579649607573868,3.04411417948547   ,12.8161801747231   ,10.2235165578641   ,41063              ,jun                ,2007               
35.9038973641193   ,1.09944721077411   ,256.145862429736   ,-1.88257674486693  ,5.50374398325126   ,48.4399017290711   ,29.8319723997233   ,77.5439002557991   ,281.716092218529   ,296.779833690117   ,312.454920252455   ,0.00610140803979911,3.9716729807292    ,12.6125246491108   ,10.7706938400735   ,41049              ,jun                ,2007               
30.1021103598677   ,1.27169797422341   ,263.888272801806   ,-3.22466571767634  ,4.88782715694404   ,45.1244844347165   ,34.2902438858409   ,74.2783245543492   ,279.375735442236   ,294.214105279868   ,303.873841997311   ,0.00604118288520517,3.29388577072709   ,13.3541100690002   ,10.9323973384708   ,41061              ,jun                ,2007               
38.8711163915279   ,0.90711991387746   ,264.903030937489   ,-0.964347899809498 ,5.75315822910938   ,49.41648743581     ,28.570352133381    ,79.0989716587752   ,282.294551334121   ,297.368578220448   ,316.297037762307   ,0.00613488906397527,4.26112826834381   ,12.4110905741227   ,10.7492072601153   ,41021              ,jun                ,2007               
45.1385417517599   ,0.583891816001538  ,262.561016650878   ,-0.895381742983069 ,5.81046889272117   ,53.2717753904837   ,28.3855349628084   ,77.2563863315545   ,282.618261578952   ,296.924460838273   ,317.778372324745   ,0.00602137921970305,4.48135233521461   ,11.6877474551545   ,10.1848737508      ,41055              ,jun                ,2007               
35.2355210062808   ,0.67308342800459   ,271.320909955785   ,-1.81566529762124  ,5.15486069540692   ,47.2816220211631   ,31.9838056315353   ,82.0808212429957   ,280.706167601353   ,295.263235417909   ,308.318722955664   ,0.00607031441585645,3.72247360282474   ,12.7453301569799   ,11.308905365028    ,41065              ,jun                ,2007               
45.3630531201576   ,0.216679193889629  ,238.209521471146   ,-2.58748629070802  ,6.54855130014703   ,62.4254511483992   ,24.7885763584562   ,66.9618502576951   ,286.857474909153   ,304.431134913982   ,312.262815687754   ,0.00735090884327916,3.05424733889381   ,10.2284091774456   ,8.68131000179176   ,41059              ,jul                ,2007               
46.7664087045064   ,0.195992615600821  ,211.997792162527   ,-3.65114852112212  ,6.21218569214716   ,69.9422782332801   ,21.1897035368189   ,53.9787955413197   ,286.292264451729   ,303.464834025233   ,313.154321511766   ,0.00649106146185344,2.45652703007403   ,9.08041792547302   ,7.12170163417492   ,41063              ,jul                ,2007               
49.4655859683551   ,0.083944239408115  ,234.55203594855    ,-2.13052494098379  ,6.8734364396232    ,63.6834479151415   ,24.5303847541722   ,70.1816933541216   ,287.33036511316    ,304.82951962523    ,315.965517838769   ,0.00755937634964515,3.41581537069813   ,9.91244326356979   ,8.75775474228381   ,41049              ,jul                ,2007               
43.4050091216711   ,0.312998888347549  ,254.85048032075    ,-3.77168274543903  ,6.24965724314603   ,61.6651386585334   ,24.1772322653965   ,65.1340651293002   ,285.047069520088   ,302.711221167634   ,312.073588075262   ,0.00716768778344651,2.92791859216303   ,10.3286619645198   ,8.64298620423393   ,41061              ,jul                ,2007               
53.5974607884086   ,0.0400791627363073 ,241.897804351506   ,-1.26475310110968  ,7.13810275830101   ,63.8568838640774   ,23.6000954102149   ,73.7953456693851   ,287.793826720657   ,305.592580258925   ,314.260372538349   ,0.00775861895338783,3.77672700838214   ,9.93316432280082   ,8.94682224949911   ,41021              ,jul                ,2007               
56.2077541059091   ,0.102945340166585  ,239.91185421587    ,-1.30024606616873  ,7.20011499555038   ,64.9317134010906   ,24.0567745539945   ,74.116156070733    ,288.055342162787   ,305.038319514127   ,315.556053481132   ,0.00778604112539164,4.05577974363535   ,9.61165339981378   ,8.94186342461922   ,41055              ,jul                ,2007               
45.6531883946246   ,0.234369624211417  ,251.331159906641   ,-2.15184843975532  ,6.36582048682039   ,57.726936766721    ,28.3432252799867   ,77.6964999736095   ,285.979032492815   ,303.059811460801   ,312.388747137465   ,0.00796323079312674,3.27790005214322   ,10.8853695640547   ,10.1074667359503   ,41065              ,jul                ,2007               
46.1764312354953   ,0.505935081009986  ,238.825692957852   ,-2.74523110329184  ,5.18662432543146   ,63.3348290000912   ,23.3550846449358   ,69.1521742725902   ,283.550400360505   ,300.381927353326   ,267.053301628062   ,0.00607878979995402,3.1352716776467    ,9.65619269756394   ,9.49435014290271   ,41059              ,aug                ,2007               
45.1552582454147   ,0.559148303133295  ,237.332644929676   ,-3.94949691793024  ,5.06877455211119   ,70.4682569756025   ,20.1054160096106   ,57.928392276467    ,282.83923774838    ,299.193477140117   ,265.474171808657   ,0.00517028581980835,2.80333576452751   ,8.25378262921378   ,8.03698548782821   ,41063              ,aug                ,2007               
46.5635927883592   ,0.320702309325889  ,240.565674908082   ,-2.2136129150736   ,5.34035719270502   ,62.7503819725759   ,23.801164862957    ,71.1044005514943   ,284.262805400759   ,300.794767220305   ,271.478375140285   ,0.00636090941092805,3.34353979683128   ,9.58677254647666   ,9.61347167364268   ,41049              ,aug                ,2007               
42.0755615334875   ,0.695929468237086  ,249.657501925088   ,-3.96995343200464  ,5.01640614387477   ,61.4020578227922   ,22.2552810271106   ,68.5775016992798   ,281.552785584007   ,298.627936177499   ,267.308980000935   ,0.00564407936245617,3.06291621798588   ,9.935978869336     ,9.62014426919199   ,41061              ,aug                ,2007               
46.5981135394821   ,0.360877299881665  ,251.730241413602   ,-1.42013235410498  ,5.49841711920419   ,60.2171360202967   ,24.2432759122921   ,74.6350750459414   ,284.919524690862   ,301.522552854367   ,273.921462298612   ,0.00672124601397279,3.52164025713549   ,10.0500712765537   ,10.1709480027184   ,41021              ,aug                ,2007               
46.8925390813236   ,0.376051626299782  ,260.516441710338   ,-1.30136321580898  ,5.42075456252437   ,57.5998512365935   ,26.349538542059    ,78.0926209759024   ,285.192385932765   ,300.916510230257   ,274.869273604008   ,0.00705677500142477,3.69338550084808   ,10.5147203037231   ,10.872811358552    ,41055              ,aug                ,2007               
38.7380465721163   ,0.436497805353681  ,259.579458996799   ,-2.01685036192037  ,4.93098854803037   ,51.2972414045551   ,29.6904624346208   ,81.5125909974964   ,283.326181875421   ,299.26391435539    ,276.11350584213    ,0.00713564599859283,3.15001438156412   ,11.7857092846891   ,11.8707000233283   ,41065              ,aug                ,2007               
43.8096534279481   ,0.449354751069288  ,234.872632911835   ,-2.71303040302352  ,3.75935681796495   ,55.1251883779404   ,26.3203638487831   ,76.5181477808794   ,279.145400408141   ,294.469774816315   ,202.078581342634   ,0.00501934167833651,3.80118728618222   ,10.9674680070109   ,11.3624362997925   ,41059              ,sep                ,2007               
41.421114774446    ,1.05887173495596   ,230.878213794821   ,-3.88587988624762  ,3.66933378665458   ,59.1953200444197   ,23.6764108034559   ,66.3019921772964   ,278.219383358011   ,292.501433290246   ,204.395109369149   ,0.00430759096669173,3.57599646923564   ,10.0479436627079   ,10.0178179184457   ,41063              ,sep                ,2007               
43.0336987639404   ,0.449673693976893  ,219.245300137248   ,-2.07533068810614  ,3.87222747362721   ,53.7499501920703   ,26.7174125375548   ,78.1855021314471   ,279.750483611741   ,294.963488621737   ,205.536694636187   ,0.00517547352684021,3.93007931847639   ,11.1185863137453   ,11.7244055748402   ,41049              ,sep                ,2007               
39.8825142562302   ,0.716107310553392  ,248.422037879228   ,-3.81816448772886  ,3.61833352599615   ,52.9409561371509   ,25.0333316025911   ,74.5659352805683   ,277.158146137504   ,292.368715822824   ,204.913738638795   ,0.00459135828060654,3.85485090059999   ,11.4215500654213   ,11.2636648943591   ,41061              ,sep                ,2007               
42.7394883424304   ,0.384670220777078  ,226.703112052165   ,-1.25359739516452  ,4.03319099966847   ,52.7098344490874   ,25.9777385828073   ,79.9586491940485   ,280.398474680772   ,295.990845607677   ,208.717082223809   ,0.00532789803736138,4.00806692181319   ,11.3795084861131   ,11.8771733609274   ,41021              ,sep                ,2007               
44.6148791243458   ,0.328095957477074  ,228.132487583014   ,-1.13087645971142  ,4.0934535939733    ,52.9164623905576   ,26.2028703530629   ,79.9494940071775   ,280.668051177205   ,295.874640945524   ,211.82914738274    ,0.00536592276583083,4.18613371556265   ,11.4318817469576   ,11.764720783875    ,41055              ,sep                ,2007               
38.0931511081815   ,0.46024653352826   ,241.184240727555   ,-1.75508762915599  ,3.69177221777185   ,48.0180068987511   ,29.1186657683277   ,81.9532108577352   ,279.353551081826   ,294.159454693087   ,212.869659371661   ,0.00533793920921719,3.80045188327769   ,12.4378200048241   ,12.4910596259731   ,41065              ,sep                ,2007               
17.9527311730831   ,1.4962319602326    ,204.894884533373   ,-2.37560114192121  ,1.91658778260551   ,25.8847781802772   ,40.762302941732    ,91.1368488856957   ,275.586385054202   ,287.90971862819    ,118.883039325966   ,0.00476976008610265,3.77630564217873   ,17.2838587992162   ,17.7294111684254   ,41059              ,oct                ,2007               
21.1396230509297   ,1.48163801318292   ,222.834919860558   ,-3.40321747809301  ,1.94661828169308   ,32.5506922709009   ,38.3205537371137   ,82.60394290616     ,274.6532912733     ,285.523349948696   ,123.394956876913   ,0.0041849036939369 ,3.87436929589842   ,15.2944106798045   ,15.5611851613623   ,41063              ,oct                ,2007               
18.9797297256741   ,1.27746470293681   ,204.377073039116   ,-1.5889578150426   ,1.99116386241394   ,26.4489919359751   ,39.4089327823308   ,91.6350189800742   ,275.776246982981   ,288.552010087624   ,121.336253152991   ,0.00474516659790982,3.83442485701683   ,17.1864112633504   ,17.6875017020292   ,41049              ,oct                ,2007               
18.7443952836496   ,1.83436130613077   ,218.815264311334   ,-3.39510217605795  ,1.90583214135533   ,27.4650598026756   ,41.1666253091804   ,87.0337747143161   ,274.179250800871   ,285.328730397773   ,123.333851608495   ,0.00438283698163943,4.17262035559867   ,16.6346053815087   ,16.9243512384543   ,41061              ,oct                ,2007               
18.313787808823    ,1.29184658241788   ,208.746467721507   ,-0.713966905853747 ,2.00039143879103   ,25.3803272203285   ,39.6194847934694   ,93.7627338181155   ,276.008809391694   ,289.145695701093   ,122.483818906662   ,0.00488687137029918,3.78114931402067   ,17.5085036828658   ,18.1650771484599   ,41021              ,oct                ,2007               
19.3655709139302   ,1.52969955712405   ,209.968856644932   ,-0.500308158560556 ,2.02136747854158   ,25.4070905496705   ,40.3111335457192   ,93.8666379274096   ,276.091823362715   ,288.860453302153   ,123.053293022698   ,0.0048666753405561 ,4.02289169707448   ,17.5379443897254   ,18.1975701113868   ,41055              ,oct                ,2007               
16.7388924406799   ,2.16440567541068   ,205.51172315109    ,-1.17278891861172  ,1.80648253196002   ,23.1133150401613   ,43.7502028938343   ,93.1512203331289   ,275.52776753335    ,287.404492906668   ,122.225531378351   ,0.00483195509071116,3.86616198558881   ,18.2343321240247   ,18.5134342636629   ,41065              ,oct                ,2007               
14.5612600997469   ,2.37117040355342   ,193.068472294345   ,-2.34596073666945  ,0.958137850467502  ,19.5891056298862   ,51.804576966831    ,90.3610684285364   ,271.284404134856   ,280.805431162179   ,72.0089449890928   ,0.00376105436516327,3.32604661382587   ,19.3875257535749   ,19.0874384099548   ,41059              ,nov                ,2007               
18.5078959017297   ,2.76679940341531   ,212.123500304517   ,-3.22210741703049  ,0.998691190911201  ,24.972006388632    ,48.2418835797232   ,85.5965240945349   ,269.863348233061   ,278.7892996728     ,75.7222836722305   ,0.00328622299325457,3.62773788567537   ,17.7277696008727   ,17.7009611267588   ,41063              ,nov                ,2007               
15.7135782012322   ,1.44631768640059   ,184.11862191073    ,-1.48271704600887  ,0.971456329088925  ,21.2238515366159   ,51.3311217233981   ,90.8961840491436   ,271.589894785723   ,281.404172758199   ,74.8997707684835   ,0.00386819423001217,3.34997003938723   ,18.6496015515835   ,18.6877075957586   ,41049              ,nov                ,2007               
17.0193169874336   ,2.89780801054136   ,205.770494166755   ,-3.18954650345163  ,0.999801273482695  ,21.4078238477899   ,50.3650540653276   ,86.7160316652526   ,269.717063245734   ,278.905713022491   ,76.0798608319946   ,0.00336596298454053,3.821275125948     ,18.9725452579294   ,18.2935577097057   ,41061              ,nov                ,2007               
15.1326509022292   ,1.47859679869707   ,180.339087927533   ,-0.385350551484776 ,0.879671735697353  ,19.5240922866507   ,53.6124642068421   ,92.4364656835979   ,272.08549598968    ,281.477638006388   ,76.9650158037188   ,0.00402434281478295,3.24977305397816   ,19.2754004289374   ,19.2426356470422   ,41021              ,nov                ,2007               
15.6881221859073   ,1.5344001303436    ,177.701848945608   ,0.188398939029987  ,0.84816030424386   ,18.2536267094329   ,54.6876507084272   ,94.3064747849403   ,272.162901758265   ,281.373003397862   ,77.9924629516304   ,0.00411948306986619,3.52068663766974   ,19.741819251397    ,19.8238801750756   ,41055              ,nov                ,2007               
14.7697077394465   ,2.24189354459051   ,188.642170777391   ,-0.682524997310781 ,0.869402166864116  ,16.9862493483837   ,53.3540492277138   ,93.5288945406282   ,272.037199080555   ,281.021096306173   ,80.1926942773447   ,0.00403414977787326,3.78783609979636   ,20.3804052567797   ,19.830969327276    ,41065              ,nov                ,2007               
6.63618509435757   ,3.09445378727241   ,223.837658740754   ,-1.91994916344222  ,0.783373753120814  ,7.11798825689744   ,57.8112709226461   ,91.2080282943928   ,270.055987141253   ,276.975865222181   ,51.7329842844283   ,0.00323377884634658,4.88320542236103   ,24.907886993964    ,21.0429092785117   ,41059              ,dec                ,2007               
5.96301529878088   ,3.45792631558848   ,227.019366828156   ,-2.6868870941909   ,0.656860563314426  ,7.96869231503938   ,60.0002093352916   ,89.8121867239892   ,267.057606779334   ,273.459143325165   ,53.8290125481176   ,0.00274191973884582,5.13444301319984   ,23.7161182839832   ,20.8495145108594   ,41063              ,dec                ,2007               
12.7090831221716   ,1.42542506935787   ,221.720323335688   ,-0.99160007798937  ,0.872024288120148  ,11.9355745405067   ,55.3018331584298   ,91.0423703348449   ,270.72726120075    ,277.91889379478    ,52.0705184423903   ,0.00333915142035461,5.03824173279146   ,22.623153101753    ,19.9053013626818   ,41049              ,dec                ,2007               
4.9042391768375    ,4.1844740464474    ,227.700641210933   ,-2.7859872609009   ,0.668707756539922  ,5.76479706630998   ,61.8700757600447   ,88.6666157789191   ,267.434212333773   ,273.696426788456   ,57.3884221872871   ,0.00283729047258193,5.40338098265997   ,24.9208703555197   ,21.0986729048113   ,41061              ,dec                ,2007               
11.5378869469038   ,1.03671684282309   ,223.69348099409    ,0.101616670450258  ,0.788644182931313  ,10.7593191816641   ,56.8417294389992   ,93.6688801761897   ,271.219772858838   ,278.242199258911   ,50.0084408586353   ,0.00349558900141295,4.73768980921866   ,22.8267845911312   ,20.4965004672791   ,41021              ,dec                ,2007               
9.89044264231674   ,1.40011507581491   ,215.368141673005   ,0.495636263056195  ,0.754055301214752  ,7.68934976382764   ,57.3653932526795   ,96.3494345458627   ,271.367861617239   ,278.414946801853   ,46.8981615131594   ,0.00359915733016523,4.90624058811288   ,24.0378972360265   ,21.6533530967742   ,41055              ,dec                ,2007               
5.91242091584511   ,3.18339090740602   ,228.649612672215   ,-0.494212038342847 ,0.670047222957791  ,5.32853505853283   ,60.7350202849417   ,96.3566118351507   ,270.708009344307   ,277.218211151336   ,47.8451227097708   ,0.00352476625365879,5.07144148923115   ,25.5952015006829   ,22.7222566025889   ,41065              ,dec                ,2007               
