bi,pr,th,pdsi,pet,erc,rmin,rmax,tmmn,tmmx,srad,sph,vs,fm1000,fm100,countyfips,month,year
9.2093335907359    ,3.47674562296551   ,218.80326035175    ,-2.06914263591993  ,0.897729314732369  ,9.23539796739928   ,51.17580107465     ,90.8047535284491   ,269.545495911557   ,277.886601163444   ,62.6183110473248   ,0.00315518265532958,4.49224638344895   ,25.1953866066675   ,20.3619612976161   ,41059              ,jan                ,1989               
7.78813941866167   ,3.30653029467062   ,232.367290890946   ,-1.93035920349868  ,0.732355975693215  ,7.82078995683242   ,52.4375713930532   ,92.80562607623     ,265.772339128786   ,274.577329406291   ,67.460689925459    ,0.00262259466073992,4.46751459317688   ,25.0601964852569   ,20.9679299057027   ,41063              ,jan                ,1989               
14.6000125999403   ,1.62700657568132   ,222.243712701139   ,-2.09058235109789  ,1.06775033444649   ,14.229314207973    ,47.6380277245336   ,90.4710110514737   ,270.311645208873   ,279.39415889921    ,61.2357454772657   ,0.00325001520143046,4.87239201975179   ,22.3529593935288   ,19.3237677420984   ,41049              ,jan                ,1989               
6.65642110837842   ,4.53865388603369   ,220.996251717054   ,-1.75358566205197  ,0.746868604224595  ,5.69722522304993   ,52.0001981746623   ,91.6861462616246   ,265.88842496701    ,274.153961703028   ,69.9503565985384   ,0.00256865024867077,4.73296328296893   ,27.0024438197942   ,21.0498309825911   ,41061              ,jan                ,1989               
15.659690236609    ,1.10958374985789   ,222.533950594321   ,-1.94334775615654  ,1.04276863701525   ,15.5749719535815   ,48.6128361790368   ,91.2130614743986   ,270.933839985758   ,279.916513381008   ,62.2183848524111   ,0.0033622648033704 ,4.66149064062568   ,21.5463053708683   ,19.2091634547143   ,41021              ,jan                ,1989               
16.4348191804489   ,1.16368354374993   ,225.039347173852   ,-2.00309824838973  ,1.07985399307575   ,15.6496181243302   ,49.3231140959602   ,91.6238341519482   ,271.176532687072   ,279.9865456455     ,62.5935838224752   ,0.00337304155207616,4.94361784218775   ,21.5150622490374   ,19.2420841925685   ,41055              ,jan                ,1989               
10.1077588332409   ,2.34051389588951   ,224.788263309736   ,-1.68140941342048  ,0.921041089066308  ,9.87922300389867   ,51.8753418815935   ,93.2914092821666   ,270.33726735527    ,278.853878204532   ,66.047070015677    ,0.00332761455912334,4.70478731312244   ,24.3112135456956   ,20.6920822196118   ,41065              ,jan                ,1989               
12.7028393267508   ,1.55485879776404   ,183.631604434093   ,-1.64227425756044  ,0.853778932049744  ,17.4459110105594   ,45.116205775016    ,86.345946307665    ,263.385847040247   ,273.194540890862   ,94.9018998897177   ,0.00210424473482739,2.68817846759865   ,21.3768676060376   ,17.6744769023856   ,41059              ,feb                ,1989               
14.3753970345507   ,1.2714395329985    ,199.744485183032   ,-1.67971362680683  ,0.911984669708914  ,20.7728748261467   ,39.6294206246272   ,83.7822971139159   ,261.323952556728   ,272.284162952945   ,100.049098393419   ,0.00182480197415046,2.90234221839025   ,20.4162614129997   ,16.4193597495199   ,41063              ,feb                ,1989               
13.6750307685443   ,1.13448435161765   ,149.306856382067   ,-2.18068968854441  ,0.876344650792948  ,21.4932680724247   ,42.8766053117472   ,86.3306107817966   ,264.13101330959    ,274.087331445162   ,96.5366362460799   ,0.00223399231858885,2.68950723050888   ,19.4208585406384   ,17.2135186540653   ,41049              ,feb                ,1989               
15.0452957649664   ,1.76870029301693   ,206.925723908774   ,-1.36892526372961  ,0.931524687019264  ,19.5513722704411   ,38.9613593022449   ,82.6042809030577   ,260.936858964681   ,271.869735133795   ,104.595903636959   ,0.00181221426277521,3.42408499724545   ,21.10255738768     ,16.5781357011257   ,41061              ,feb                ,1989               
14.3482301600687   ,0.904981294534217  ,148.165556276946   ,-2.29613419573251  ,0.892866911060922  ,22.7675702059706   ,46.7740266599113   ,85.4629286137022   ,264.814598549444   ,274.467981505635   ,101.183166912877   ,0.00231868950150246,2.77343741566164   ,18.7688068496504   ,16.8094656908696   ,41021              ,feb                ,1989               
16.9499207980886   ,0.802758781904621  ,141.239846607398   ,-2.46311062795145  ,0.912950501163352  ,23.0178590042948   ,51.0578570820036   ,84.736651392708    ,265.021367703265   ,274.452630048607   ,104.286757567572   ,0.00235605646251368,3.11534922834526   ,18.7780926384922   ,16.6678972438463   ,41055              ,feb                ,1989               
16.5467759424051   ,1.13470458483049   ,165.286012274521   ,-1.98943875697619  ,0.97658488148829   ,21.3049125266896   ,47.9028283022183   ,81.8506966097689   ,264.67691138614    ,274.398699485736   ,104.304059684098   ,0.00224768419599205,3.49932459579819   ,20.0209950662398   ,16.2046403886079   ,41065              ,feb                ,1989               
4.63079329921943   ,2.73617046383148   ,203.858691523616   ,-0.892566645382256 ,1.6771021966632    ,9.37772866087645   ,48.3295091715819   ,94.4509513091389   ,272.389119315112   ,282.307964940225   ,129.247454241284   ,0.00401626790953066,3.81594436493625   ,23.4809883184296   ,19.7576545387526   ,41059              ,mar                ,1989               
5.25620010755059   ,3.03853645246562   ,223.797127024734   ,-1.25511586435122  ,1.71802087945827   ,12.3811738023861   ,45.1383866511374   ,92.1937350906262   ,270.227305528678   ,279.977493163939   ,139.722664922348   ,0.00345785091767738,4.14822543380009   ,22.0004588188879   ,18.9364488580387   ,41063              ,mar                ,1989               
6.1282265056404    ,1.83198144825909   ,196.087988336465   ,-1.49951471885045  ,1.68618453496882   ,12.0803284475123   ,48.8146336102401   ,95.005519684294    ,272.782469423613   ,282.723423016391   ,130.284181559897   ,0.00407701914268573,3.46303116199113   ,22.1621585389968   ,19.281765304492    ,41049              ,mar                ,1989               
3.81357602676229   ,3.38931004336595   ,214.483612211251   ,-0.858664758141639 ,1.65189123275341   ,8.28648703731656   ,46.7122982072242   ,96.3274595648774   ,269.755955436704   ,280.158359289682   ,138.929178480378   ,0.00362947533799229,4.49576577224469   ,23.5937140398318   ,20.3772187642014   ,41061              ,mar                ,1989               
6.35058691940409   ,1.61263611832219   ,198.293413182931   ,-1.66087127599722  ,1.6237317652586    ,12.455903725739    ,51.4110980856717   ,96.6617709918193   ,273.433098173296   ,283.007818939103   ,132.050760610196   ,0.00429374858139098,3.32013947097557   ,21.75204773043     ,19.5787844620158   ,41021              ,mar                ,1989               
4.81905695365103   ,1.7301638758239    ,196.587891890719   ,-1.86310433795345  ,1.54655456167699   ,11.1780973140574   ,53.9236205938829   ,98.3134203365537   ,273.301762818166   ,282.749389049715   ,133.200796129118   ,0.00441519412419122,3.40116505358854   ,21.8550558622728   ,20.1416197406011   ,41055              ,mar                ,1989               
3.57510978092287   ,2.71263964499587   ,197.812168462112   ,-1.4578935891714   ,1.49250484687582   ,8.67184177336359   ,52.798585904488    ,98.3587869686761   ,272.349760512623   ,281.696406862325   ,126.635020508391   ,0.00417550586416314,3.61720927957933   ,23.2640503687521   ,20.7752310767713   ,41065              ,mar                ,1989               
16.294076402804    ,1.70432978937853   ,194.371291447692   ,-0.135387415415864 ,3.32075621139003   ,25.6266716936393   ,36.5624987101186   ,80.8586842311665   ,276.57534730587    ,289.632326975774   ,220.21677301209    ,0.00466732603192502,3.40703954226594   ,19.2845367286379   ,14.040335241243    ,41059              ,apr                ,1989               
17.9898665498654   ,1.30760194264648   ,209.784342602499   ,-0.895591663366014 ,3.24801532169392   ,27.904149727412    ,32.7925133396696   ,81.0726342323499   ,273.713447817111   ,287.49145127232    ,224.437558185248   ,0.0040470757940065 ,3.51290766608257   ,18.5802930271709   ,13.5660311605825   ,41063              ,apr                ,1989               
20.278899963121    ,1.63172228282987   ,184.547026101524   ,-0.985011667864849 ,3.48868692593737   ,29.5855829800604   ,33.8340770945291   ,81.1667561772398   ,277.209120085019   ,290.471633327943   ,221.483857213764   ,0.00469746318793885,3.61607260596898   ,17.8446365334809   ,13.7143474228511   ,41049              ,apr                ,1989               
14.3518470718544   ,1.86119964314474   ,215.511229069872   ,-0.0747857166845121,3.15983569796193   ,22.222754007378    ,35.6356502773144   ,83.2474464705353   ,273.623485420133   ,287.083199696482   ,227.700865583067   ,0.00417745132796436,3.49134967228267   ,20.4541436258167   ,14.7431230133747   ,41061              ,apr                ,1989               
20.0932871110108   ,1.31774067737152   ,194.558662901558   ,-1.16838974865728  ,3.58769447600384   ,29.7908100771047   ,34.1211260965766   ,82.503070159827    ,277.945303339054   ,291.128591816842   ,226.567154957134   ,0.00489072468689478,3.69549981074632   ,17.6161288429222   ,13.7883455682421   ,41021              ,apr                ,1989               
21.2876065112054   ,1.07619189007242   ,186.29596851927    ,-1.43851263655557  ,3.69027385134214   ,29.517101364805    ,34.0759400462547   ,83.5160965568141   ,277.881954063728   ,291.306646535178   ,230.904460347791   ,0.00490849776857044,3.97155693769455   ,17.8219924354181   ,13.8423631830755   ,41055              ,apr                ,1989               
17.379166755345    ,1.48375042069121   ,193.903568296433   ,-0.776004738606391 ,3.48676293698409   ,24.8405531490293   ,34.4873214973622   ,86.596451992607    ,276.438077845718   ,290.496530923199   ,228.272030917081   ,0.00478931485031056,3.61440036197735   ,19.489585070473    ,14.8761200817408   ,41065              ,apr                ,1989               
15.5635170002297   ,2.04975932552113   ,254.084261627944   ,0.629035681248288  ,3.9853700510306    ,27.4781203071701   ,38.6311891191511   ,83.4973695539455   ,277.779196591083   ,291.337025380598   ,267.58339160682    ,0.00537354042117409,3.41738576565039   ,17.8891741909601   ,14.154545961499    ,41059              ,may                ,1989               
14.8841092595355   ,2.2045904175335    ,265.739410071005   ,-1.00931231223811  ,3.62306801951243   ,28.0701531145176   ,37.4765885511425   ,84.645425434659    ,275.098832238643   ,288.757300690338   ,254.066287636838   ,0.00488316563983872,3.25612242662716   ,17.3240329004856   ,14.2612201717619   ,41063              ,may                ,1989               
19.9532374640402   ,1.21836471482374   ,256.183450687739   ,-0.0988473726605532,4.17375962000061   ,31.9715517306928   ,35.1283041676684   ,84.6964372199364   ,278.155032123913   ,292.041749925554   ,271.77592294922    ,0.00533515467258758,3.67328049019268   ,16.6128142268608   ,13.3743877029967   ,41049              ,may                ,1989               
11.7373050948319   ,2.22989070073312   ,274.092067025741   ,0.5317899298904    ,3.62722131991377   ,23.1113490649686   ,40.4928069342184   ,85.9508704232201   ,274.755945486588   ,288.457053972288   ,262.652999083391   ,0.00492462262035392,3.44772016955106   ,18.9860309546519   ,14.881383051012    ,41061              ,may                ,1989               
22.4773850473678   ,0.86177238116662   ,262.315972889193   ,-1.07357302284165  ,4.34991326974241   ,34.3274162980718   ,33.7487460913054   ,86.9531313457825   ,278.633073471221   ,292.87428915342    ,278.433454389809   ,0.00551283775083799,3.8154083453847    ,15.8275362945229   ,13.1281406258147   ,41021              ,may                ,1989               
24.7498234930182   ,0.69775095400136   ,264.05631518328    ,-1.55882856210278  ,4.51177686179635   ,37.0422027600844   ,32.4663796391583   ,84.5059514559343   ,278.887842316152   ,293.097852783549   ,283.499903489095   ,0.00541706617600609,3.97361362896827   ,15.2113155293208   ,12.3810497021994   ,41055              ,may                ,1989               
20.3829509505787   ,0.778927642725512  ,266.013010549831   ,-0.374100398765074 ,4.17568131853507   ,31.9207441794423   ,34.725061939537    ,87.0465548585811   ,277.385159766211   ,291.728562429405   ,277.355365796487   ,0.00530944770682163,3.54644383775694   ,16.7644558773963   ,13.3203843576279   ,41065              ,may                ,1989               
30.7434183342583   ,0.701084101581473  ,217.668646760499   ,0.618900856237538  ,5.3726874769655    ,44.975680933146    ,28.7646191178042   ,73.3812138405857   ,281.527536807365   ,297.372628649444   ,298.246970360274   ,0.00603795508476577,3.23492452520672   ,14.2091393324976   ,10.0444072613127   ,41059              ,jun                ,1989               
27.4768818222012   ,1.30855978093298   ,217.782335768056   ,-1.14668709184936  ,4.88113613020985   ,41.0976850244549   ,30.8561907899408   ,74.6548543029732   ,279.410214737579   ,294.958913912473   ,290.142698167254   ,0.00591009472331818,2.9073108706302    ,15.0736597280958   ,10.8797473740189   ,41063              ,jun                ,1989               
35.2465305513991   ,0.429738321797412  ,219.953194197269   ,-0.277833205490108 ,5.68310074427573   ,48.2488817264896   ,26.3577160497402   ,76.933192225651    ,282.047002787698   ,297.967481316904   ,304.044008892119   ,0.00605551306734083,3.67280316261305   ,13.2192527339929   ,9.91916111464276   ,41049              ,jun                ,1989               
28.2551918377069   ,1.05924936186384   ,228.933305884782   ,0.398945381339575  ,4.97320743363581   ,41.3640138717149   ,30.724100705449    ,74.7283080954218   ,278.707100611557   ,294.828619181315   ,299.318900235651   ,0.0057730635132357 ,3.11806336626594   ,15.027359463727    ,10.7046423174619   ,41061              ,jun                ,1989               
41.7052577073815   ,0.203739324567523  ,227.218822975143   ,-1.42405346989669  ,5.88520748529588   ,50.1416737054213   ,25.8189784717678   ,81.1637176010245   ,282.434049562362   ,298.629395669514   ,307.67367775975    ,0.00620693769129951,3.94298923540736   ,12.9116580396484   ,10.1476806456567   ,41021              ,jun                ,1989               
46.214530611506    ,0.121297734967464  ,225.5024319731     ,-1.9075082168564   ,6.05923292183737   ,53.9531168192218   ,24.7565883264672   ,78.132037245321    ,282.634378622847   ,298.514533178616   ,311.387297696119   ,0.00594542520715298,4.18076569681976   ,12.0423464231324   ,9.54285600338763   ,41055              ,jun                ,1989               
34.2269447008898   ,0.353070852181874  ,231.046454899586   ,-0.658969637278609 ,5.43923710884748   ,47.0019395940139   ,27.7578698459853   ,80.6351315273827   ,280.941505187893   ,296.862987654063   ,302.276737566446   ,0.00595823360481115,3.56922335270401   ,13.2312444695041   ,10.5278428398924   ,41065              ,jun                ,1989               
41.7762453475456   ,0.237905124519425  ,263.338213544916   ,0.31554988599187   ,5.92156069796581   ,56.1170092988946   ,27.0119592653485   ,74.8089266369369   ,283.657160202577   ,301.122033718788   ,309.433405864547   ,0.00694625464068474,3.06588470242811   ,11.4241474533      ,9.77299740497334   ,41059              ,jul                ,1989               
36.6982225287306   ,0.38520691222235   ,218.146562395771   ,-1.33353087918926  ,5.78127527317612   ,57.5020358593126   ,23.1101791270829   ,64.931980071099    ,282.393696622119   ,300.248681393483   ,311.674083735317   ,0.00604317104664501,2.60429048144922   ,11.2465000218203   ,8.62340190747831   ,41063              ,jul                ,1989               
42.9367590732107   ,0.190641359500137  ,262.771747850116   ,-0.637159242787208 ,6.09545150582924   ,52.9397247999308   ,28.2546961928839   ,83.8123029983642   ,283.61209748134    ,301.197508643314   ,317.363428933096   ,0.00751219506670334,3.59259161059165   ,11.7688711110331   ,11.0129957144334   ,41049              ,jul                ,1989               
37.3402439868054   ,0.342378832497465  ,256.431514652734   ,0.1721693305383    ,5.64596020819323   ,54.7027634619527   ,25.2716687837477   ,72.2888764678031   ,281.337835571824   ,299.509607958138   ,308.614068954753   ,0.00640859126637433,2.86259874772475   ,11.6776193762718   ,9.52691772731354   ,41061              ,jul                ,1989               
46.5921323193774   ,0.138750275488197  ,270.426646020583   ,-1.73765908338619  ,6.26486957375559   ,52.7389762250336   ,27.9742606048433   ,88.0288328645841   ,283.787330985169   ,301.490765166406   ,321.943945052941   ,0.00768250747871278,4.00387644209526   ,11.8086116039749   ,11.4713245076604   ,41021              ,jul                ,1989               
50.1503229193907   ,0.121551376429257  ,274.630150694731   ,-2.1532318056443   ,6.32285504692164   ,55.3832987753136   ,27.8179146730322   ,87.079222349373    ,284.105729338224   ,301.075050047446   ,323.381555597909   ,0.00754261808702678,4.28226549206894   ,11.1493501257523   ,11.1267581796493   ,41055              ,jul                ,1989               
39.3372749980807   ,0.288740131079913  ,278.348832956193   ,-0.92794243848574  ,5.56470056934656   ,47.6518004039722   ,33.1300831814172   ,90.7334261080387   ,282.124009645042   ,299.189134618001   ,318.607561735759   ,0.00782118040854866,3.52955139216664   ,12.6543057685741   ,12.4973878296473   ,41065              ,jul                ,1989               
29.9944230178271   ,1.44949993848223   ,233.362703274817   ,0.260988652291754  ,4.47984511238264   ,47.0110847989073   ,32.574935819929    ,82.683865675532    ,282.921110129158   ,298.397531812147   ,249.12144957096    ,0.00723176243399341,2.97688558449401   ,12.308881561997    ,12.8713819281562   ,41059              ,aug                ,1989               
21.5226011810384   ,3.84938143614939   ,236.433951227444   ,-0.990398400419745 ,4.2271914125504    ,44.3923454325274   ,30.1505624436375   ,77.9064967807087   ,280.760604395437   ,295.896946939528   ,246.614322373218   ,0.0061994970148186 ,2.65398947980962   ,12.6060170143634   ,12.8554949812337   ,41063              ,aug                ,1989               
30.7263845358711   ,0.892100929897736  ,224.961874216251   ,-0.562332298980971 ,4.57936809724739   ,44.4991000291766   ,34.2461199326363   ,87.1892179398294   ,283.408054322815   ,298.653693761118   ,256.892370674341   ,0.00788550427466004,3.37263799610623   ,12.7269794240712   ,13.4281338737776   ,41049              ,aug                ,1989               
23.0915659274185   ,2.71505850839127   ,254.614647089336   ,0.299377455749193  ,4.19750648304458   ,41.5054294340072   ,32.1506652598075   ,83.1160234821218   ,280.049503437317   ,295.697966512044   ,250.639587764824   ,0.00653507250289932,2.86635156926383   ,13.3439710326519   ,13.6612918971497   ,41061              ,aug                ,1989               
30.2890300704886   ,0.691308400725138  ,240.733403561963   ,-1.5028855612056   ,4.75441734709533   ,42.0813284651069   ,33.5631224561015   ,90.677969160948    ,283.648346659062   ,299.287720057758   ,259.70976466929    ,0.00809657376613376,3.65528348707612   ,13.2217111785944   ,13.8499930801259   ,41021              ,aug                ,1989               
33.9776603340616   ,0.550007818414679  ,239.918006689156   ,-1.87735644332179  ,4.96313594034586   ,44.2767690555304   ,31.9626112538359   ,89.4989080873441   ,284.221958597209   ,299.472707127023   ,261.083369030005   ,0.00792996114301022,3.90567276679532   ,12.8741155800516   ,13.3133064343601   ,41055              ,aug                ,1989               
28.6479364821191   ,0.741044957956455  ,254.327921930151   ,-0.595149909015875 ,4.52511926029076   ,38.7194198111016   ,36.1041357072101   ,91.4605808764331   ,282.774242162185   ,298.031773673976   ,264.229265008925   ,0.00813967489890381,3.34459244011847   ,14.3532516233311   ,14.361252358591    ,41065              ,aug                ,1989               
31.2841214050152   ,0.543388212760026  ,161.34613975999    ,0.949035861388581  ,3.50877982887211   ,42.6258620094779   ,29.1376698858164   ,83.3693061807561   ,279.685194733811   ,296.255344205608   ,202.599304809739   ,0.00587102469438728,2.95655937226074   ,14.1925443078245   ,12.8346634140078   ,41059              ,sep                ,1989               
26.7006383820649   ,1.05330886082368   ,168.141643226078   ,1.68358602690131   ,3.41016868470988   ,41.3397680161994   ,26.9639788767119   ,76.1470156147208   ,277.97546183535    ,294.088130450304   ,206.404447519084   ,0.00515895262794077,2.82526908601984   ,14.7351483012969   ,11.8848986438938   ,41063              ,sep                ,1989               
32.0117457931292   ,0.208367380702388  ,148.437626279494   ,0.0845048148900166 ,3.5597266052874    ,40.7490226261279   ,30.4888035470487   ,88.3356943376817   ,279.785850865762   ,296.612223706736   ,206.125644125281   ,0.00624021738781846,3.19230382488504   ,14.4296496328051   ,13.7536136438709   ,41049              ,sep                ,1989               
28.5449463649215   ,0.93143290988845   ,196.393909441463   ,1.70170111479084   ,3.35244356938105   ,39.3304359467432   ,29.0149326064655   ,80.6470231830927   ,277.279651501816   ,293.533376997332   ,206.935079710219   ,0.00536644734471937,3.07302249684255   ,15.2355670612633   ,12.7219299823463   ,41061              ,sep                ,1989               
34.2916688493316   ,0.0881505563130001 ,154.247827977877   ,-1.03622316934002  ,3.66161664901613   ,42.3393887577742   ,29.7543999637074   ,88.3988479465357   ,280.212854034159   ,297.484308704627   ,206.531876128905   ,0.00635939609926411,3.27407590881673   ,14.1691219791308   ,13.5355295457214   ,41021              ,sep                ,1989               
39.1243999196342   ,0.0855674009494208 ,154.080885068343   ,-1.58427955249422  ,3.88346571924626   ,46.8841120110153   ,28.8228215471346   ,84.4586381659406   ,281.020155227393   ,298.016241407487   ,208.672797294899   ,0.00629019359068593,3.49159857888668   ,13.1433115472106   ,12.6401759923782   ,41055              ,sep                ,1989               
33.4043771109935   ,0.184535451852966  ,148.382395540445   ,-0.306477532980033 ,3.75449974106186   ,42.7352581486557   ,30.2784463540102   ,85.4781158018964   ,279.882931049053   ,297.065791786745   ,211.076426998218   ,0.00623591751921792,3.27499537444337   ,14.0555034264725   ,13.1075128392277   ,41065              ,sep                ,1989               
23.5944644096177   ,0.898222595595547  ,201.366396479631   ,0.53887262550197   ,1.84835392070062   ,33.0123713513173   ,37.7039473397537   ,90.2038788201589   ,275.0868114055     ,288.181740441146   ,128.495580699499   ,0.00474451303891561,3.13195385318986   ,15.5921175317921   ,16.519808828054    ,41059              ,oct                ,1989               
24.2280687262857   ,1.28087616555846   ,209.91754957401    ,1.79118424149269   ,1.86983253060427   ,34.8489204342898   ,34.9885465568488   ,85.8244735699272   ,273.250727617577   ,285.72143833669    ,132.737929314274   ,0.00404907430755158,3.26701324680657   ,15.2476306426291   ,15.6651631779523   ,41063              ,oct                ,1989               
23.363068918595    ,0.676314309981316  ,187.255532871909   ,-0.307228226993594 ,1.86959815019038   ,31.0456993961592   ,38.9054876358761   ,92.6624116602831   ,275.338744838865   ,288.684022093923   ,131.717262308655   ,0.0050014521583117 ,3.2293641703281    ,16.0524587805177   ,17.050140170869    ,41049              ,oct                ,1989               
23.4278985109646   ,1.21050105588502   ,216.432517418288   ,1.57078831095877   ,1.80283578072516   ,31.8169354044931   ,37.2535946900319   ,89.1427347604804   ,272.78325837871    ,285.449565534694   ,133.216104054271   ,0.00421874982822087,3.48295893962523   ,16.0047133555881   ,16.6198025432634   ,41061              ,oct                ,1989               
23.9857253969527   ,0.599189578263131  ,189.49591695984    ,-1.27451615741152  ,1.86347469780739   ,30.4185020039873   ,39.4356935180653   ,94.7382830212565   ,275.6493573091     ,289.186277344467   ,133.608195657223   ,0.00521946939491656,3.27873496867967   ,16.1699446743806   ,17.5773120206642   ,41021              ,oct                ,1989               
26.5812971142993   ,0.545096838951161  ,185.833992447485   ,-1.79854568366332  ,1.97669803449128   ,32.4972689660444   ,38.9442575921025   ,93.9722699545123   ,276.224628223246   ,289.565784056397   ,135.706161037028   ,0.00525156975452101,3.49010845628061   ,15.5601410336864   ,17.2728589296656   ,41055              ,oct                ,1989               
22.8166459636804   ,0.847000092042457  ,185.797166566073   ,-0.651621092673863 ,1.85726978895211   ,29.9293405934825   ,40.1138544234667   ,93.8027225250283   ,275.572337140176   ,288.770585861912   ,137.631173079565   ,0.00520366354554422,3.35085989052267   ,16.3348061207838   ,17.6413417572778   ,41065              ,oct                ,1989               
15.0775497637628   ,1.65850423521919   ,206.6579969895     ,0.020646235489011  ,1.08536241855349   ,17.3647428482823   ,48.0439531335767   ,91.6205219296167   ,273.642441043475   ,282.635683190217   ,67.9430470193985   ,0.00432567520538154,4.10744775767555   ,20.5184992931273   ,19.2239527766541   ,41059              ,nov                ,1989               
12.8892654231995   ,1.57458063145058   ,226.94357052783    ,1.46796426866182   ,1.02169585015738   ,17.9932314593089   ,44.8612679410926   ,89.1336248597899   ,271.058853885677   ,280.142955778251   ,69.6207650133502   ,0.00368450536156678,4.17010637469642   ,20.0594206554906   ,18.6917038440982   ,41063              ,nov                ,1989               
18.3356424350158   ,1.14518786637506   ,199.515471703324   ,-0.540775722448582 ,1.12549205778417   ,18.2339822934248   ,48.2949219578016   ,93.6125511971652   ,273.966219701318   ,283.433491757112   ,70.7193754226125   ,0.00452243050708262,4.36455447219221   ,20.2097013723164   ,19.5170001596264   ,41049              ,nov                ,1989               
10.3093888931612   ,1.86446653901345   ,217.033293742113   ,1.16334590958211   ,1.00888962083761   ,15.1319045885657   ,47.2139997871619   ,89.6703214017452   ,271.04061548806    ,279.956970354245   ,71.7046763006454   ,0.00373640754970592,4.25601106097178   ,21.0600635822908   ,19.1616748671277   ,41061              ,nov                ,1989               
17.6234149327436   ,0.886510787618057  ,199.475697632025   ,-1.40342964325331  ,1.06698217106962   ,17.7133040277784   ,49.2433452154772   ,95.0857311745115   ,274.265906075592   ,283.831631146399   ,71.6116821722766   ,0.00466915062662443,4.21621398814992   ,20.309940533833    ,19.7484227895441   ,41021              ,nov                ,1989               
18.9016230552982   ,0.708773425446921  ,197.501489405046   ,-2.00637548534494  ,1.08722367869367   ,18.8609646522976   ,50.0249054386369   ,95.4505975823653   ,274.621029597649   ,283.979812678584   ,71.3254904378924   ,0.00475453972348083,4.51378671800533   ,19.7269268413269   ,19.6143616573155   ,41055              ,nov                ,1989               
12.7117579570923   ,1.19032097164023   ,204.776575009362   ,-1.15034640017172  ,0.972659625021542  ,16.3739563646477   ,50.8605722198397   ,93.8902870394596   ,273.703427363516   ,283.101030895408   ,74.5524507011289   ,0.00455613349233852,4.03163897530368   ,20.6861028460078   ,19.7257713015541   ,41065              ,nov                ,1989               
14.0779823857655   ,0.803911758576963  ,218.486727077976   ,-0.519195474822241 ,0.522799454606806  ,16.8422847135669   ,55.9529171012095   ,92.5357573462901   ,270.064224694528   ,277.617639048999   ,60.0311434595264   ,0.00340670951530049,2.71267451504636   ,20.9108695167053   ,19.5150440552377   ,41059              ,dec                ,1989               
16.6513768813447   ,0.672119733003361  ,252.249696819561   ,0.77998527119887   ,0.682789389094846  ,21.4713485123818   ,46.9144347468734   ,88.9217325132766   ,267.807838722709   ,276.989334716441   ,59.7966583085227   ,0.00292469295841318,3.15608108010325   ,19.465802673082    ,17.7763451873839   ,41063              ,dec                ,1989               
13.9684969962412   ,0.501860255972819  ,201.512430746872   ,-0.67312573102493  ,0.457662288216065  ,15.8318891845032   ,57.1851898039407   ,95.5389040389402   ,269.998192820125   ,277.995977234632   ,62.5561560224696   ,0.00356566714212082,2.63459335171323   ,21.1756104582475   ,20.3778866410463   ,41049              ,dec                ,1989               
15.9859618910608   ,0.89364340861669   ,241.576370326776   ,0.296031033735216  ,0.693222553133351  ,19.2115542395287   ,45.8094393050425   ,89.9377383017834   ,267.874627441909   ,277.103420693982   ,63.5591427640562   ,0.0029697834145433 ,3.36142281739309   ,20.5403420169658   ,18.25508906023     ,41061              ,dec                ,1989               
12.8815155281349   ,0.469023109675654  ,192.395353428345   ,-1.56019962310348  ,0.405751072924672  ,13.6669508023924   ,59.432400604872    ,98.2641583666039   ,269.734171337709   ,278.293784293514   ,63.7367833345501   ,0.00364259287489629,2.53254897330219   ,21.8008008824553   ,21.4002945176731   ,41021              ,dec                ,1989               
13.2378000453466   ,0.464617492482211  ,192.141731693498   ,-2.31112762309654  ,0.422034095062876  ,13.3160921535064   ,61.4647656628495   ,98.7866048407601   ,269.971520445826   ,278.500795000757   ,64.5139606667309   ,0.00367800690631743,2.79998320423604   ,21.7995198577003   ,21.7169182788559   ,41055              ,dec                ,1989               
13.6418560758488   ,0.828899531115336  ,188.839168505272   ,-1.72547082738443  ,0.564726369157897  ,15.6282649389057   ,53.6201539756164   ,94.3432627253321   ,270.143703729234   ,279.102586118139   ,67.6748148131204   ,0.00353585625515647,2.96043014952214   ,21.5851852314733   ,19.9368897435085   ,41065              ,dec                ,1989               
