bi,pr,th,pdsi,pet,erc,rmin,rmax,tmmn,tmmx,srad,sph,vs,fm1000,fm100,countyfips,month,year
14.2894102130293   ,0.349322509235967  ,197.213975206353   ,-2.76607967751153  ,0.536808811908449  ,13.7163735967906   ,54.992579004742    ,95.0073381524616   ,266.92357757027    ,275.19392326958    ,61.3821688813652   ,0.00270382450578792,3.25724277605897   ,22.1669319694472   ,20.6329934676827   ,53017              ,jan                ,1989               
4.46107135155407   ,1.73182556442678   ,198.505130446533   ,-1.91440727766282  ,0.453214704202155  ,3.41451642401896   ,66.7494922353305   ,96.4831291402201   ,267.796426992438   ,274.934253673552   ,53.3384244538999   ,0.00308015615589059,3.65259514014877   ,26.4736002355314   ,22.9500688354061   ,53063              ,jan                ,1989               
15.94272827129     ,0.278428296796209  ,195.422418132821   ,-2.50290593056327  ,0.637701364958519  ,14.5559658229684   ,54.0819402135557   ,95.1904720742375   ,268.514665805092   ,277.175180046332   ,58.6107594878731   ,0.00298929899403244,3.33422040183245   ,21.9629525759805   ,20.4893432951707   ,53025              ,jan                ,1989               
10.5273038931691   ,0.63424138743905   ,195.806779201683   ,-2.20147588421119  ,0.479894131650052  ,8.40630196446559   ,61.5807216280703   ,97.230448243616    ,267.0162232176     ,274.970230820309   ,54.3782013342391   ,0.00291423658560707,3.54276222902391   ,23.9008956779664   ,22.0726485478886   ,53043              ,jan                ,1989               
11.585796084914    ,0.686754147774286  ,186.714330753763   ,-2.34876002919253  ,0.593352952616191  ,10.6488592996914   ,58.3538376139739   ,96.3472288325463   ,269.004308058667   ,277.167953705587   ,54.8443158367709   ,0.00317651562403085,3.15578554255408   ,23.0860925322375   ,21.384504654346    ,53001              ,jan                ,1989               
5.95919591927521   ,2.02448053517929   ,199.301672868893   ,-2.66535330636829  ,0.642659305153128  ,5.89466036767966   ,61.3214752578011   ,93.7211399965811   ,269.442423319228   ,276.726779567422   ,54.1013010685177   ,0.00320288830659435,3.68877298165996   ,25.0311310417421   ,21.5929415488922   ,53075              ,jan                ,1989               
16.1685348861242   ,0.733722774199125  ,190.636674950103   ,-2.94859100671915  ,0.84905143064486   ,15.9605554076878   ,53.7904799234187   ,91.4656165513448   ,271.414001801824   ,279.530865152894   ,54.4717419638527   ,0.00340334769955399,3.48468167108874   ,21.3981765115232   ,19.4199324601933   ,53021              ,jan                ,1989               
18.6056361897682   ,0.621823853812934  ,195.017924113682   ,-2.8926995962094   ,0.956220117106246  ,19.6375706463648   ,49.5488397644139   ,88.692371686603    ,271.709902878958   ,280.210112053102   ,57.5509842403701   ,0.00333006221424487,3.41269657586078   ,20.2402688219566   ,18.234058223396    ,53005              ,jan                ,1989               
6.56546969887964   ,3.39634577570656   ,219.782406257045   ,-2.24171160133729  ,0.80822967875251   ,7.06587944336015   ,54.9358239451909   ,91.1399746976809   ,269.540349521228   ,277.358193173004   ,56.4392085735556   ,0.00311945820799382,4.01269443855332   ,25.3317623545426   ,20.8031460064204   ,53023              ,jan                ,1989               
6.37154881774013   ,4.56424090769652   ,217.545897659227   ,-1.99176314717604  ,0.881752324104812  ,6.39510371800081   ,53.653552555148    ,90.6127392453653   ,269.917085286472   ,277.680726677396   ,60.1164890739326   ,0.00317439114758054,4.66157934976135   ,26.5211767187958   ,20.9431489526652   ,53013              ,jan                ,1989               
11.9082955027598   ,2.20293820984984   ,209.952207963985   ,-2.75544632094985  ,0.965974253721275  ,11.847807708092    ,53.9834219272012   ,89.4843698762203   ,271.900014597695   ,279.623992683817   ,54.7768618548413   ,0.00347825123684788,4.48648334918859   ,23.354574416586    ,19.6647335256831   ,53071              ,jan                ,1989               
10.8325586624565   ,2.01876418126564   ,242.108297162542   ,-2.36255786671256  ,0.885001010734922  ,12.558470945395    ,54.8212736725723   ,89.3210717594873   ,269.739886940241   ,277.100279554525   ,58.5025137413354   ,0.00305490024029682,4.73114083183494   ,22.3940549418874   ,19.4336380036769   ,53003              ,jan                ,1989               
16.3415984002227   ,1.13615601693257   ,165.976886241782   ,-3.13237255388621  ,0.747062327019644  ,25.4425799551954   ,50.1125282066163   ,76.1613160226269   ,264.23774020636    ,272.538659005795   ,97.216018897458    ,0.00199361693787263,2.72022980304695   ,18.2744419797366   ,15.0298458315751   ,53017              ,feb                ,1989               
13.3319816133261   ,1.29955762226977   ,134.733669425113   ,-2.04497656796841  ,0.693417431638648  ,18.2157905720339   ,52.8831222205384   ,82.9980550178796   ,263.858134714873   ,272.077820039551   ,82.6251376943385   ,0.00211315269924408,3.01896933818505   ,20.9579536835111   ,16.7402064755747   ,53063              ,feb                ,1989               
16.0168210988056   ,0.941748662429068  ,135.414120043245   ,-2.8542124214585   ,0.74202999518637   ,23.1734495071743   ,52.4024965525857   ,82.5851205643738   ,265.055113489306   ,273.783123642012   ,93.356169372976    ,0.00223794357817905,2.60674602232852   ,18.847164587241    ,16.3891903875888   ,53025              ,feb                ,1989               
13.6856202915645   ,1.02058680342516   ,133.051502028888   ,-2.48067001961675  ,0.705905892577262  ,20.7738666591732   ,52.2099474413664   ,82.0925114017438   ,264.133479961469   ,272.207722768904   ,86.7164953204499   ,0.00209467173181498,2.81553846061169   ,19.7177874706241   ,16.3332388323808   ,53043              ,feb                ,1989               
12.6873850637912   ,0.991420789067232  ,135.388412011565   ,-2.55085897679088  ,0.677439998014938  ,19.4125967830651   ,53.3469199120291   ,86.1946175712276   ,264.85933816311    ,273.520598122296   ,86.9609829172266   ,0.00228983499337465,2.09516345209401   ,20.0505225675007   ,17.342597134085    ,53001              ,feb                ,1989               
13.0335367868469   ,1.18860062129318   ,153.652157305639   ,-2.55564243681291  ,0.725242063319232  ,17.99025934582     ,52.8211980140109   ,85.1293029358808   ,264.860913658463   ,273.123977603432   ,84.4392061647046   ,0.00226891611246373,2.3895055823842    ,20.965571921052    ,17.2132001399994   ,53075              ,feb                ,1989               
14.2279243337779   ,1.01319999430844   ,189.35427769246    ,-3.09840862781574  ,0.698933184404786  ,20.9679933198861   ,54.9358414052607   ,87.5269503027528   ,265.702323029067   ,274.555577929989   ,91.7281518611279   ,0.0024489755067107 ,1.87340973757289   ,19.4241515159607   ,17.7129873671374   ,53021              ,feb                ,1989               
15.731878930027    ,0.856319164333941  ,163.370766614784   ,-3.24593024199766  ,0.723151006451662  ,23.2982703842859   ,53.2073536034066   ,86.9869416564174   ,265.659783248063   ,274.541840233243   ,94.5810595776001   ,0.00240999213099786,1.91709913466274   ,18.5304275862967   ,17.3449105023834   ,53005              ,feb                ,1989               
13.8310077753487   ,1.33972396684014   ,178.943959007934   ,-1.78993822057301  ,0.791943590341015  ,18.5198881149874   ,49.368894912124    ,84.0186916607719   ,264.616503316952   ,273.132897487867   ,87.8992681905244   ,0.00220356846935359,2.28764547382505   ,21.1656359868866   ,16.9402192459766   ,53023              ,feb                ,1989               
12.2814736460534   ,1.4994884654183    ,170.218106135046   ,-1.59173660346975  ,0.773440084666036  ,16.9010550960161   ,48.9525410328325   ,84.8912478063921   ,264.454902253761   ,272.935888682717   ,94.9208645624462   ,0.00218352361212338,2.22363916479703   ,21.8227655361549   ,17.2901287316028   ,53013              ,feb                ,1989               
13.0144290848441   ,1.26290568381788   ,168.593810758085   ,-2.54139939742037  ,0.745712418476948  ,18.1929019237506   ,54.209215843996    ,87.5858488869307   ,265.56728709284    ,274.022348578937   ,89.4771638027328   ,0.00238892006498848,2.19585870033721   ,20.6540120758384   ,18.002178388744    ,53071              ,feb                ,1989               
15.5992425347381   ,1.01540866427753   ,195.389049880323   ,-1.99240323806911  ,0.861535950652222  ,22.5355197341027   ,49.0500866173455   ,82.5096007621574   ,264.970638941426   ,273.153663710832   ,88.7036984386981   ,0.00218996341680052,2.70800945499176   ,19.1463320924045   ,16.2108797741135   ,53003              ,feb                ,1989               
12.6260194211858   ,0.963253644189523  ,174.110373807994   ,-2.34120570633289  ,1.56350100624511   ,17.938547623939    ,49.0183869270581   ,94.338089848651    ,271.300253787587   ,280.785714200803   ,143.145927547279   ,0.0036392507466004 ,3.24790718052535   ,20.1050592858152   ,18.3188290118383   ,53017              ,mar                ,1989               
4.69148783777167   ,2.75177440423848   ,180.597812574282   ,-1.31528174901323  ,1.5003238897199    ,8.58265367834608   ,52.0864287959044   ,95.4960055545284   ,271.899798703972   ,280.920716917904   ,129.547309789836   ,0.00389130076301074,3.6064291768874    ,23.5712758092416   ,20.2445605869258   ,53063              ,mar                ,1989               
12.292786054893    ,1.08912774834758   ,170.622734956853   ,-1.98512893719037  ,1.7764869819376    ,18.1721558856565   ,44.9896476057444   ,94.0495691892778   ,272.824041985788   ,283.1636201004     ,142.839397313214   ,0.00387940484815569,3.24242027370957   ,20.2432284303141   ,17.9667835763134   ,53025              ,mar                ,1989               
8.06297278765393   ,1.7960979535227    ,175.263903876156   ,-1.61136987568276  ,1.58786059711471   ,12.3147413537187   ,49.5419328047723   ,96.189561259876    ,271.660027413145   ,281.421538987109   ,141.253317559892   ,0.00382992950903646,3.46030342914792   ,22.0788778449988   ,19.5134417727487   ,53043              ,mar                ,1989               
7.92051496709686   ,1.71393558433889   ,167.915551092821   ,-1.48528083102865  ,1.75169317608444   ,13.87835350282     ,45.4475098589738   ,94.0410270560459   ,272.958475285156   ,283.31154827834    ,140.593673615791   ,0.00392623655055458,3.00734665863438   ,21.7687311672285   ,18.5929369747071   ,53001              ,mar                ,1989               
5.51553024859608   ,2.62335694429332   ,191.992559693516   ,-1.71074696089707  ,1.71731860596948   ,10.7834901639333   ,48.5123221708294   ,92.6342988716719   ,273.380759427905   ,282.731415895176   ,131.406836128307   ,0.00403533866902481,3.53117192661966   ,22.8855795351061   ,19.1803616474521   ,53075              ,mar                ,1989               
9.26037988525725   ,1.55740248077819   ,163.322520413819   ,-1.98359770071812  ,1.88261275974012   ,16.088760356276    ,44.344986124725    ,92.5084315742512   ,274.454933488339   ,284.722052971246   ,138.819978427177   ,0.00412361244829926,2.97788815144865   ,21.1833105593698   ,17.9863029771052   ,53021              ,mar                ,1989               
11.0432763598535   ,1.30411262020891   ,167.278777753625   ,-2.36059058676575  ,1.84623045378581   ,17.9345652748551   ,44.3587109713546   ,92.5507832549187   ,274.596913625503   ,284.589055758347   ,136.431632411641   ,0.00416418705099808,2.90679811751554   ,20.4617139569082   ,17.7406566543055   ,53005              ,mar                ,1989               
4.34889507613707   ,2.92341625844895   ,208.562904655993   ,-1.15054111395563  ,1.72441034584766   ,10.094542314511    ,49.1216003969804   ,92.3620824559708   ,273.359523093717   ,282.371884232316   ,130.119022766829   ,0.00407895167887045,3.7320630738       ,23.0622238624648   ,19.3992495176621   ,53023              ,mar                ,1989               
3.17704814581752   ,3.68213701988656   ,201.131703585975   ,-1.03151481312555  ,1.71316754004577   ,7.73241375656045   ,50.1966819402395   ,93.0779153205035   ,273.29039221546    ,282.313397170925   ,134.748583540927   ,0.00410150625702509,3.79869612542545   ,24.4231387386248   ,20.1213509597965   ,53013              ,mar                ,1989               
5.25976696142793   ,2.47908529323891   ,189.084295606851   ,-1.56532782550427  ,1.85163041269282   ,11.8130964485775   ,46.8412276137197   ,91.7857789300478   ,274.663548351241   ,284.329540041592   ,129.21818795393    ,0.00421929431164421,3.57418980357405   ,22.6722146893873   ,18.7413964160246   ,53071              ,mar                ,1989               
5.4161547358041    ,2.10568300840939   ,225.345370111899   ,-1.39954625733577  ,1.90899971491004   ,15.8620155190973   ,46.8744600384494   ,89.0680565951935   ,273.904567789464   ,282.634358624556   ,129.813950862215   ,0.00398899048686276,4.24573124316768   ,20.3004001680755   ,17.7498785750513   ,53003              ,mar                ,1989               
26.6000039364382   ,0.827794737013028  ,173.28898675953    ,-2.03276953002085  ,3.67321633509656   ,38.2434238026834   ,28.8960523180349   ,77.2817471038942   ,277.143889141511   ,291.072987531609   ,233.286809774915   ,0.00430173245481419,3.36295398546572   ,15.4065152509729   ,12.1330253167508   ,53017              ,apr                ,1989               
17.7338297564602   ,1.08484281586538   ,165.580280390022   ,-0.521807464403209 ,3.33555924142385   ,27.203131598866    ,34.7284313619318   ,80.8347698663868   ,276.248997415622   ,289.789004275429   ,214.151612791392   ,0.00459240574501511,3.70975228096335   ,18.746092304995    ,13.5034367686951   ,53063              ,apr                ,1989               
26.305011025291    ,0.921908991538612  ,167.379032892232   ,-1.54664223411874  ,3.82681611012134   ,37.9853976957541   ,27.944444747439    ,79.5139838716738   ,278.343624430673   ,292.905757255484   ,232.256672008963   ,0.00464812239827384,3.33418971880916   ,15.5158309788038   ,12.3458224650348   ,53025              ,apr                ,1989               
19.7362297270015   ,0.901754112774124  ,165.634123595366   ,-0.852070279745422 ,3.51321139038795   ,31.0265570598836   ,30.7790873283987   ,83.0423188208775   ,276.407237050641   ,290.771715504988   ,224.812932308079   ,0.00452316915694189,3.55775106740358   ,17.2475286557358   ,13.2767776853809   ,53043              ,apr                ,1989               
22.0240980205801   ,0.885263338665111  ,164.719753470781   ,-0.387205695240636 ,3.63715771177095   ,34.0416517863415   ,29.5350439484277   ,81.697980917354    ,277.558681391121   ,292.317814510896   ,229.845608669889   ,0.00466430937325842,3.12394635430835   ,16.5410885986193   ,12.8204144737896   ,53001              ,apr                ,1989               
19.3672429214038   ,0.863750574604697  ,178.305874365105   ,-0.863682243543513 ,3.50971947484858   ,30.1735916739071   ,34.9243226851669   ,79.1582918885175   ,277.251258382161   ,290.769900331983   ,221.775752861472   ,0.00475307480055912,3.61315696989789   ,17.7502538698608   ,12.8459789296692   ,53075              ,apr                ,1989               
24.8880702485891   ,0.954597266126806  ,169.544482808281   ,-0.979852863840568 ,3.77518201254881   ,36.0165065811842   ,30.2375251349425   ,80.3831645510747   ,279.214732458653   ,293.411475270589   ,231.379116656964   ,0.00495781104868421,3.10334120298807   ,16.2007093295073   ,12.6735602142872   ,53021              ,apr                ,1989               
26.4476956870956   ,0.926806562682397  ,166.524190008863   ,-1.82726209691525  ,3.80037612890351   ,37.9190970163138   ,29.4515898603895   ,79.0963493621796   ,279.452849870791   ,293.429853995359   ,229.474959735757   ,0.0048824702712608 ,3.12665578032563   ,15.6979515894395   ,12.3830331001526   ,53005              ,apr                ,1989               
19.0204337577624   ,1.05367800051397   ,193.156714900396   ,-0.463768739476954 ,3.46100357993049   ,28.865457575759    ,36.5883274599632   ,77.2490452563047   ,277.111225938501   ,289.748829489761   ,220.266023642183   ,0.00466709840294614,3.70301775749673   ,18.33839791833     ,12.9232519544676   ,53023              ,apr                ,1989               
17.1686354983445   ,1.29725645936497   ,179.599835758392   ,-0.240094298350561 ,3.4062430895852    ,25.8361720809398   ,37.6418001559392   ,77.6643041437625   ,277.344186422671   ,289.715140513475   ,219.184854949498   ,0.00471582653112287,3.69894763812761   ,19.5534924273299   ,13.4834483649302   ,53013              ,apr                ,1989               
20.8299266213171   ,1.12034984266849   ,177.664731300615   ,-0.592818412354322 ,3.66474420615651   ,30.8277304969556   ,34.7167648080242   ,79.4664005791269   ,279.164655653377   ,292.587860458912   ,222.58678135859    ,0.00511515916468384,3.51189786467933   ,17.7555273977399   ,13.1088887553874   ,53071              ,apr                ,1989               
21.9612799849001   ,0.950826838520557  ,203.256243932392   ,-0.964596599485462 ,3.67807995764008   ,33.5747188824807   ,34.3713007646175   ,74.6017865675209   ,277.612230558001   ,290.174780132359   ,219.658700699818   ,0.00460243164624004,4.1392384338843    ,16.5810414639123   ,12.0832467600087   ,53003              ,apr                ,1989               
29.078626311431    ,1.51982762311575   ,238.748614056806   ,-1.96496580606736  ,4.37970816873486   ,43.81228614096     ,31.048386947931    ,77.5604702684425   ,279.644437143299   ,292.997834666254   ,273.572361144343   ,0.00530191962962696,3.33464510167083   ,13.5191776362121   ,11.4449734513464   ,53017              ,may                ,1989               
13.5720206279576   ,2.14373793378611   ,200.166114073592   ,-0.287987249415545 ,3.75938699689376   ,28.7087639028716   ,38.5832061212149   ,87.5004916130789   ,278.280423407204   ,291.660619980144   ,248.933856930823   ,0.00580931142279726,3.35828761670365   ,16.6812533814249   ,14.4160405569584   ,53063              ,may                ,1989               
29.7301437079176   ,0.97531951731415   ,230.782860484911   ,-1.09926165279857  ,4.61652381296265   ,44.5560787370437   ,29.689354113843    ,79.4637253591388   ,280.504222727022   ,294.678196848497   ,282.677839045326   ,0.00552412238659625,3.23570901368835   ,13.5173614255562   ,11.359642018629    ,53025              ,may                ,1989               
18.1309224850879   ,1.75338633093959   ,212.065919232329   ,-0.0223096144417495,4.03396398130544   ,32.3755107405775   ,34.3770190587045   ,88.1414943236623   ,278.213619003396   ,292.597184715944   ,266.611928512358   ,0.0056889391489637 ,3.24548073255563   ,15.9498579187677   ,13.7651884960187   ,53043              ,may                ,1989               
19.4147118311146   ,1.12221514247496   ,226.785206828984   ,1.03655826089034   ,4.32785326266137   ,35.7780900797944   ,32.2202399819139   ,86.6164323375013   ,279.13464223035    ,294.083316741275   ,283.149950165858   ,0.00570049533521999,2.9730391876514    ,15.1836711809677   ,12.9812650934849   ,53001              ,may                ,1989               
14.8322094018946   ,1.67876153277252   ,233.776996937943   ,-0.572723950860547 ,3.98055308883059   ,31.3519568420497   ,38.5521417702488   ,86.2937162756151   ,278.844555120884   ,292.555207077113   ,265.330262601733   ,0.00588482948684574,3.225821443061     ,15.9176205952842   ,13.9402524990465   ,53075              ,may                ,1989               
23.7768752993745   ,0.910629278158211  ,221.437702836839   ,-0.0709743305658683,4.60196612200725   ,39.9183790154848   ,31.466285626764    ,81.6165399707576   ,280.940413781254   ,295.16747481959    ,290.474718104284   ,0.00579868203029614,3.02439826709165   ,14.5600415106743   ,12.0285298613106   ,53021              ,may                ,1989               
30.2002181583368   ,0.659813153372068  ,227.198081543647   ,-1.48602035806259  ,4.78151300048346   ,45.4830977248199   ,29.1545229532446   ,78.7090297075691   ,281.322303030732   ,295.586046760968   ,291.965085880973   ,0.00559942943692102,3.1459469340086    ,13.4662876293891   ,11.0593798856832   ,53005              ,may                ,1989               
15.440434716768    ,1.94618280097732   ,254.681104437105   ,-0.394986020069469 ,3.90065877594276   ,30.686745897034    ,40.6303505252631   ,81.6507229760089   ,278.57066390768    ,291.250937481534   ,260.584173848743   ,0.00561589486816287,3.35669503629243   ,16.3977022451906   ,13.7839172661746   ,53023              ,may                ,1989               
14.8830441422696   ,2.0439040716791    ,232.640156391272   ,-0.0526885993479642,3.89078079111933   ,28.7451323131677   ,41.2780333024347   ,81.6339746883362   ,278.707438338308   ,291.192042016556   ,262.537484319603   ,0.00562357300269755,3.48491698109888   ,17.247624535956    ,13.9756300014895   ,53013              ,may                ,1989               
19.0832361040558   ,1.55024693792853   ,227.932646560288   ,0.743572059847152  ,4.36173429390342   ,33.630202456281    ,36.1517589798194   ,81.725703814947    ,280.770111308084   ,294.353120337125   ,275.000438325023   ,0.00600807427408756,3.36036717008488   ,16.0955917595754   ,13.1153106849524   ,53071              ,may                ,1989               
17.640257512522    ,1.99652504917626   ,272.009249269275   ,-0.975943735843737 ,4.07705832337502   ,33.621936757564    ,38.7268021477793   ,78.5073830020941   ,279.082957318735   ,291.595357698639   ,255.858961804603   ,0.00551496705050533,3.71920440045137   ,15.3870942320351   ,13.1520138430208   ,53003              ,may                ,1989               
39.7689651224649   ,0.202201734136653  ,215.839781918771   ,-1.70835810599837  ,5.87404259358669   ,54.5181503928254   ,25.6033002657175   ,70.0739553052246   ,284.263020516641   ,298.668105329186   ,301.587848252727   ,0.00616737887343209,3.5859623624201    ,11.8672898217567   ,8.70866555777736   ,53017              ,jun                ,1989               
30.548700975871    ,0.403526897508021  ,185.296711534618   ,0.103792283436588  ,5.1835793077523    ,41.6574500124505   ,32.3340815519973   ,79.2596350568406   ,282.471846541663   ,297.835669000968   ,283.888574874244   ,0.00699434335350145,3.31707922270957   ,14.9626308319416   ,10.8921046248323   ,53063              ,jun                ,1989               
46.7692780260622   ,0.0704920524006107 ,209.675072133476   ,-0.885007801323239 ,6.14306489053403   ,58.6717430336747   ,24.5034812604124   ,71.0586008482194   ,285.307719018763   ,300.233732260007   ,310.563548381557   ,0.00643478266671777,3.52150704375968   ,11.3209007866858   ,8.58021907046537   ,53025              ,jun                ,1989               
34.1467380775467   ,0.143457832836254  ,191.5183685173     ,0.698622777572016  ,5.42036862636997   ,45.0500545676208   ,29.0480920837147   ,83.7690767408081   ,282.53822833587    ,298.402710072617   ,297.666465329555   ,0.00686285340685809,3.33375676988892   ,14.0822192090413   ,10.8461352855512   ,53043              ,jun                ,1989               
38.6928927429457   ,0.0996639426100248 ,192.588854513081   ,0.92211168742567   ,5.73390351447358   ,51.0418905484073   ,26.6560693680728   ,80.7691936070279   ,283.586010382214   ,299.978244291085   ,307.095968630844   ,0.00680700519928084,3.16877291787206   ,12.789767271878    ,10.0424050865793   ,53001              ,jun                ,1989               
32.3279773671187   ,0.421847313247285  ,193.246188163907   ,-0.3301087352838   ,5.3071730168754    ,43.3069209193809   ,32.4212950081171   ,80.7507313127705   ,282.763454794491   ,298.472618682263   ,292.39800284711    ,0.00711659245591099,3.25205393535483   ,14.4872035137999   ,11.0240317433114   ,53075              ,jun                ,1989               
43.3887045679358   ,0.0916847971191582 ,196.747148928436   ,-0.257457851064511 ,6.04847591018065   ,56.8161410957728   ,25.5201498662508   ,74.2361488283597   ,285.47149221567    ,300.836586992313   ,313.492146770771   ,0.00674284618664294,3.20417860559164   ,11.6382837713682   ,9.04872391578479   ,53021              ,jun                ,1989               
46.313013823968    ,0.0880033785278892 ,205.736121699467   ,-1.67962691090869  ,6.26289841777239   ,60.3931776836779   ,23.5108001124929   ,70.3389448589122   ,285.86107859113    ,301.054684335381   ,313.868390528361   ,0.00638744070277783,3.37755047242493   ,10.8657840069464   ,8.41460687368814   ,53005              ,jun                ,1989               
32.1165314404266   ,0.695872974575846  ,205.921533420754   ,-0.24357388596249  ,5.29387818846396   ,44.9359611473715   ,32.6043925617052   ,70.9845686657829   ,282.955668163102   ,297.468472956624   ,289.955333037603   ,0.00663198816761621,3.23069064314815   ,14.2248721992501   ,10.0862849718295   ,53023              ,jun                ,1989               
31.5743671002928   ,0.704569165120925  ,197.736276635741   ,0.0591148735978112 ,5.35005630662512   ,44.3550127710139   ,32.0744480134721   ,70.6594483157519   ,283.031681147337   ,297.484165571123   ,289.816459000007   ,0.00651161179538121,3.39167519124391   ,14.4234487447855   ,10.0480148843862   ,53013              ,jun                ,1989               
38.0905927333917   ,0.342606645671595  ,200.878506257153   ,0.871702034702792  ,5.8804900834877    ,50.4462552042188   ,27.9316422271212   ,73.5484688849307   ,284.936293807198   ,300.418118786489   ,302.132229404398   ,0.00685375381285087,3.3512852638233    ,13.0799416589866   ,9.58103004173858   ,53071              ,jun                ,1989               
32.0437521303312   ,1.04638875433607   ,217.003743570172   ,-0.802631837825705 ,5.34903856515884   ,44.9850628428215   ,32.906024974164    ,69.2925565608226   ,283.332514311333   ,297.404485727575   ,289.477932686353   ,0.00666372116905503,3.36037886834493   ,14.0338113363642   ,10.170591279712    ,53003              ,jun                ,1989               
51.0892103267939   ,0.144976017458816  ,225.145754239759   ,-1.90695433676082  ,6.40339653378579   ,66.8283271845937   ,22.2714498280836   ,67.4471526869421   ,285.532288478609   ,302.43372094284    ,314.129038143465   ,0.00650639693305297,3.21232292093657   ,9.41226060709096   ,8.11277922984051   ,53017              ,jul                ,1989               
34.0588316336566   ,0.316793688273156  ,184.01862073162    ,-0.254361187197502 ,6.0012753841304    ,51.4309397971517   ,27.9647815032781   ,79.4280718457338   ,283.959855467984   ,302.315362988085   ,313.261042170296   ,0.00758740899480601,2.95542148279552   ,12.0011697233933   ,10.4372112223396   ,53063              ,jul                ,1989               
51.6460464159321   ,0.0902703042611026 ,236.319607902313   ,-1.26091076889502  ,6.58688447193808   ,67.2191979593352   ,22.2468960646393   ,71.055346488109    ,286.141599151797   ,303.722430138808   ,320.589411612536   ,0.00688954746277489,3.2117638418667    ,9.26476339487673   ,8.43305260244951   ,53025              ,jul                ,1989               
38.0692996460766   ,0.283917506692287  ,201.506713281218   ,0.349271422022377  ,6.10323524614599   ,53.2929367700087   ,24.6265837454761   ,82.7364543533296   ,283.520977069897   ,302.588995575602   ,313.887992879445   ,0.00718839930451329,3.01235266294956   ,11.804140230774    ,10.5754999200341   ,53043              ,jul                ,1989               
41.9597094424294   ,0.0954615098931882 ,234.766017591373   ,0.259670131968792  ,6.2365342760518    ,57.6403955328607   ,24.1618835392099   ,82.2486248642209   ,284.61211550898    ,303.761770818026   ,316.724622599331   ,0.00738971052306639,2.92304480696178   ,10.9003358765223   ,10.144254643217    ,53001              ,jul                ,1989               
37.0962023597627   ,0.166580845673606  ,235.187912013577   ,-0.579763134747159 ,6.07196852435197   ,52.0798593429189   ,28.050241016663    ,82.1732696182859   ,284.286041191434   ,302.92842471852    ,313.242908254547   ,0.00774633124124337,2.96070713449927   ,12.0113682588364   ,10.7799706117568   ,53075              ,jul                ,1989               
48.4631586130366   ,0.0531198533838869 ,243.264254440829   ,-0.812505708233668 ,6.47527585136092   ,64.5014975592753   ,24.1941584736183   ,74.5449720259636   ,286.68205121516    ,304.058849082928   ,320.426601818833   ,0.0073470999571095 ,3.09519904428913   ,9.67950729063664   ,8.9851166653574    ,53021              ,jul                ,1989               
52.2523318619068   ,0.0632549133786399 ,250.363231192452   ,-2.02106430446931  ,6.61609794957466   ,67.263108669972    ,23.7729886969348   ,71.3324723779803   ,287.128077300775   ,303.822428834918   ,322.115770008301   ,0.00719937203480167,3.30139644204216   ,9.17672544473181   ,8.59182927043731   ,53005              ,jul                ,1989               
42.2473387161456   ,0.213027491674433  ,255.549347640374   ,-0.408984340773606 ,6.14200266285092   ,59.7057778093433   ,26.4900944411122   ,65.6458428592487   ,285.862290874795   ,301.861760828304   ,310.003182406799   ,0.0069021263273731 ,2.96356356385188   ,10.7097595878269   ,8.66332156207704   ,53023              ,jul                ,1989               
43.5150549815994   ,0.176048016869912  ,246.145110068521   ,-0.172549077116252 ,6.10132281044572   ,59.5951001544676   ,27.5222300106036   ,66.7244179952267   ,285.588890146553   ,301.570005700669   ,309.084365311275   ,0.00699282348642163,3.11398687706548   ,10.7791998421415   ,8.76187591262009   ,53013              ,jul                ,1989               
46.8995546310179   ,0.105012877639349  ,243.92071756218    ,0.511215028027451  ,6.42765346146805   ,62.5183938671965   ,25.0305122958998   ,71.712007052874    ,286.820698935936   ,303.94940617339    ,312.010302472859   ,0.00734028821884843,3.12406125192626   ,10.1948396895709   ,8.8694308969001    ,53071              ,jul                ,1989               
40.4299867686653   ,0.332435574294573  ,258.991635915052   ,-0.836732996403355 ,6.26953520585656   ,59.733346669624    ,24.9317604740395   ,62.062798249685    ,286.043845963304   ,302.098632794536   ,310.353520153774   ,0.00661999930510105,3.01679796593762   ,10.6541540031015   ,8.2827058222986    ,53003              ,jul                ,1989               
37.8435747283953   ,0.486361917523064  ,233.294795299611   ,-1.98005613601647  ,4.67338021473619   ,58.5707539832133   ,28.1849901309874   ,78.9487560200241   ,284.919221046686   ,299.658480274813   ,244.587169463796   ,0.00720437203284375,2.79506046393572   ,9.69498346343412   ,10.7944680852959   ,53017              ,aug                ,1989               
23.917101661327    ,1.94161441114415   ,187.18207094892    ,-0.0758921651677368,4.11397539659953   ,40.6253913879769   ,34.6974144084791   ,90.013568880418    ,283.411854603043   ,298.117832324846   ,231.573203160069   ,0.00801789939370843,2.75421297655981   ,13.4173592873117   ,14.1618928682548   ,53063              ,aug                ,1989               
38.3804095670943   ,0.377905936346109  ,224.832252640154   ,-1.42598311730027  ,4.85544249023294   ,58.2720110416834   ,27.888888306541    ,80.1114438945493   ,285.645252601897   ,300.964000386281   ,249.499720688438   ,0.0074939216811867 ,2.81333150748073   ,9.83879170051096   ,11.0114728715782   ,53025              ,aug                ,1989               
26.494147849463    ,0.927654582784538  ,199.173407724222   ,0.433722166950587  ,4.29718326336518   ,44.9267093855364   ,30.8043132235431   ,88.7564564307757   ,283.21618720949    ,298.946216780316   ,234.22290720357    ,0.00759421068304126,2.73720048946747   ,12.4245942283773   ,13.1221018331285   ,53043              ,aug                ,1989               
31.7183708767058   ,0.602105053208169  ,204.05886854443    ,0.0175687386506991 ,4.49190394261792   ,49.9712619539087   ,29.9864061306933   ,86.202698475134    ,284.267719664055   ,300.481055195797   ,239.675148565234   ,0.00770897320901684,2.67042441397412   ,11.5715887948274   ,12.4698976937102   ,53001              ,aug                ,1989               
27.3212626854576   ,1.8109899774633    ,205.826233912555   ,-0.481864825567486 ,4.33801708446056   ,44.3778790810891   ,33.6470704190147   ,86.4626081943693   ,283.834220867121   ,299.289244417194   ,231.792911366819   ,0.00790491998699305,2.88714782461948   ,12.8270258009185   ,13.4872391292854   ,53075              ,aug                ,1989               
36.8666988353942   ,0.408602762206575  ,214.308442851531   ,-1.0129233101156   ,4.74751250251351   ,55.5850732767848   ,30.7252833280019   ,81.1047724967559   ,286.528301437794   ,301.385051596668   ,246.398416492661   ,0.00800523444693582,2.85588734655759   ,10.4398036018495   ,11.5598717337507   ,53021              ,aug                ,1989               
38.4198885000591   ,0.448854538598024  ,210.721160622256   ,-1.92287163088499  ,4.97619320044629   ,57.8277306509373   ,29.4107739959516   ,77.9302101812419   ,287.025357065275   ,301.608686272027   ,252.700528298291   ,0.00782817128470114,2.99716105059111   ,10.0359888566453   ,11.0107750307629   ,53005              ,aug                ,1989               
28.8881113508889   ,2.31430783174429   ,227.436781692997   ,-0.190810184181508 ,4.50946910579323   ,50.3027623048934   ,33.09468926707     ,76.5505145315034   ,284.853098556528   ,298.424217470231   ,239.300197726666   ,0.00730482484569482,2.91016807430279   ,11.3619332702383   ,12.0671340325772   ,53023              ,aug                ,1989               
30.4378447573356   ,1.92507756827344   ,214.742352994808   ,-0.111970052943056 ,4.48903193327447   ,49.6708083623488   ,34.3913942126683   ,77.6404020241478   ,284.81616779953    ,298.305540064544   ,242.841116913105   ,0.00744625056011319,3.03903499244134   ,11.6110787024834   ,12.3784689874267   ,53013              ,aug                ,1989               
35.0032213846565   ,0.930156241187915  ,209.583914349484   ,0.346817237703599  ,4.75147762650772   ,53.3587587904874   ,32.0290980941818   ,79.131133684548    ,286.57403946223    ,301.153731759564   ,242.406882757532   ,0.00799240967484253,3.00585013818716   ,10.9620336592119   ,11.8563996381157   ,53071              ,aug                ,1989               
24.6328106407022   ,2.94758375276941   ,239.465246839638   ,-0.351612531772074 ,4.62738559694887   ,48.3182300001081   ,31.8687042479294   ,76.102490415005    ,284.677516921986   ,298.377682837874   ,240.244897463812   ,0.00704066254966503,3.07971030367047   ,11.5226249257508   ,12.108756258596    ,53003              ,aug                ,1989               
40.4968139642749   ,0.023189600596919  ,170.038340689863   ,-1.64577096207979  ,3.7031891585039    ,51.7619175839831   ,25.8683314674734   ,82.4276256040314   ,281.119620784681   ,297.857301033068   ,191.96207636433    ,0.00568781861967825,2.92411437706163   ,11.9950708794572   ,12.0053314741517   ,53017              ,sep                ,1989               
26.199862719724    ,0.289511404748489  ,141.587267350945   ,1.24258814756631   ,3.40286643099278   ,35.7919409934511   ,30.1796668455593   ,90.8928846001746   ,279.62013610407    ,296.701796084697   ,190.633698511558   ,0.00623419819774319,3.00127166329667   ,15.7568835064271   ,14.4068247691235   ,53063              ,sep                ,1989               
42.8072095198573   ,0.00374495435533347,150.451872089879   ,-1.193717122861    ,3.92008215544211   ,53.9158895466983   ,24.5581646112027   ,81.9323792430266   ,281.588687740979   ,299.306206850451   ,198.536317890639   ,0.00576010721805605,2.90680559291337   ,11.6900397430027   ,11.6966175830488   ,53025              ,sep                ,1989               
32.9190683240692   ,0.047227815537163  ,147.433444061332   ,0.888821019139808  ,3.5550886050898    ,42.3246221311716   ,26.6478364480898   ,90.2306073998305   ,279.583374965428   ,297.649682711872   ,189.922699878969   ,0.00587323020266439,2.87584662648924   ,14.1922154251317   ,13.8142818236218   ,53043              ,sep                ,1989               
36.1382480246849   ,0.0271281645603926 ,130.786049633734   ,0.103580124005255  ,3.70046923559056   ,47.6019947031963   ,25.2130268783715   ,86.6075280376241   ,280.762655827651   ,299.209846837609   ,195.624047620932   ,0.00593641200404189,2.67786271118958   ,13.0364905550464   ,12.7215798274608   ,53001              ,sep                ,1989               
29.2574780363921   ,0.240956076595567  ,142.362123960076   ,1.29924879999722   ,3.62381426045006   ,39.6284507400662   ,27.6302747810588   ,88.4460643300075   ,280.345841331332   ,298.083064539292   ,193.781304498411   ,0.00614568867398353,2.90916614057971   ,15.0460770608865   ,13.5936930458031   ,53075              ,sep                ,1989               
40.4803847206433   ,0.0233447954464608 ,137.837642939594   ,-0.884433635746917 ,3.7931356266523    ,52.8033738703605   ,26.3111338658211   ,82.2548339990469   ,282.420476199419   ,299.726879186386   ,202.484567017188   ,0.00619558722935975,2.69794244977908   ,11.9192652495702   ,11.7603889181675   ,53021              ,sep                ,1989               
41.6035507518144   ,0.0242826823898292 ,141.993912797088   ,-1.57625585978876  ,3.84566702539399   ,54.1220841989009   ,26.3835683311466   ,81.3610062666899   ,282.580127601699   ,299.422845585389   ,207.825848072661   ,0.0061220893898797 ,2.76372088882815   ,11.6234677374481   ,11.6182704594714   ,53005              ,sep                ,1989               
31.2834579350818   ,0.393056166730435  ,158.682883520222   ,1.56586548636666   ,3.64125289473968   ,45.024577491081    ,29.6141364321699   ,77.2697536887096   ,281.938124564666   ,296.835972876381   ,201.106479962272   ,0.00611322149301746,2.91655625771291   ,13.6945191634121   ,11.6435194338824   ,53023              ,sep                ,1989               
32.2841366485363   ,0.430466467995086  ,142.301423834818   ,1.12265250944966   ,3.64534891194698   ,45.5366138135367   ,29.6207838065129   ,77.4965351204598   ,281.628767477571   ,296.803931074159   ,202.130376233272   ,0.00604358386820471,3.02919273882012   ,13.6141700142133   ,11.6519977453491   ,53013              ,sep                ,1989               
36.5955840090389   ,0.203804284952036  ,140.294697909992   ,0.711917990010969  ,3.83520155675043   ,48.9427378209949   ,27.0866610794533   ,81.7983915261783   ,282.248300290818   ,299.272836754445   ,199.631508443155   ,0.00622170422845179,2.92720506683921   ,12.7603372758643   ,11.9564007556212   ,53071              ,sep                ,1989               
29.1392188162341   ,0.546929288360941  ,177.697953697858   ,1.99032224718382   ,3.72912156286031   ,43.424550986696    ,29.3816014875751   ,76.379164913391    ,281.792373757467   ,296.615520468013   ,202.677297021351   ,0.00604280153642932,3.11641219326469   ,14.0070628659279   ,11.6146145783492   ,53003              ,sep                ,1989               
27.4952361350975   ,0.814207889117302  ,179.369007025101   ,-1.7853811880756   ,1.70126882872704   ,37.2184103627939   ,36.898872733707    ,89.9770382421036   ,274.894206954628   ,287.748693921423   ,116.458474472267   ,0.00459767783553783,3.10352357081585   ,14.356441777205    ,16.2194320554578   ,53017              ,oct                ,1989               
17.3808525766972   ,1.18157737226234   ,172.081446761442   ,0.913266796389408  ,1.51564962421636   ,24.6978709536658   ,42.9240941744199   ,95.938610803638    ,274.310410050086   ,287.12219133853    ,112.993659032468   ,0.005079999007344  ,3.04943836582725   ,17.6017708516095   ,18.5853102270067   ,53063              ,oct                ,1989               
29.1030352376844   ,0.493057299533745  ,164.038480268487   ,-1.48082354289422  ,1.88536415481234   ,40.1242560372429   ,35.0845175095378   ,88.1990560923164   ,275.939810134052   ,289.339240409184   ,122.429642228675   ,0.00468648990497213,3.05070616417971   ,13.6385113627603   ,15.4221650537416   ,53025              ,oct                ,1989               
22.6677609370143   ,0.704619080809417  ,170.133463906764   ,0.284847362856863  ,1.67236346227117   ,31.2016162827527   ,37.5899258891928   ,93.5141760846449   ,274.192364462952   ,287.816846585125   ,115.428711200056   ,0.00473246882173529,3.0774468799709    ,15.9285286111822   ,17.2075393600252   ,53043              ,oct                ,1989               
23.2755487556047   ,0.593358057547729  ,156.664456692142   ,-0.549557137179412 ,1.76065172615758   ,34.5996377312307   ,36.0994300853744   ,90.9846938110586   ,275.458820669166   ,289.372090784015   ,122.390629035244   ,0.0048418114481343 ,2.68384948227121   ,14.9225104056331   ,16.3609926130053   ,53001              ,oct                ,1989               
21.4410707076871   ,0.901252663446559  ,177.209767326752   ,0.977874120615569  ,1.7667943768076    ,30.5367541581358   ,38.2194562044813   ,92.3710331245437   ,275.467490779869   ,288.876605765471   ,119.678746031122   ,0.00501573044194379,2.9357652291763    ,16.2115270582413   ,17.0627700996037   ,53075              ,oct                ,1989               
26.7657471893675   ,0.478684607715284  ,161.869098341931   ,-1.41316888410694  ,1.87292180478795   ,39.5358930119214   ,36.6061241029214   ,87.1212937404737   ,277.326887762103   ,290.393577030456   ,125.735146824953   ,0.00502316276375297,2.65435524286319   ,13.7287070031793   ,15.2940054661583   ,53021              ,oct                ,1989               
28.7314043310121   ,0.462389918113539  ,171.858593173036   ,-1.84391715066761  ,1.91470166855094   ,40.732993918126    ,36.3130773471316   ,87.0043438603619   ,277.524310783886   ,290.420551602225   ,128.47347581266    ,0.00499948028740675,2.68890661144273   ,13.5811032193106   ,15.1919296225602   ,53005              ,oct                ,1989               
25.2363481710087   ,0.943085296700896  ,193.762433056314   ,1.22583106658412   ,1.88458255623629   ,36.2103469428642   ,37.9587709084467   ,86.9508037620641   ,276.597767919511   ,288.363490849692   ,124.999539548231   ,0.00489376925435451,3.00921483064696   ,14.5860318701914   ,15.6216362781406   ,53023              ,oct                ,1989               
25.1248778999849   ,1.19385040342101   ,177.187521527504   ,0.67874211941506   ,1.83367323795901   ,35.3462360161276   ,39.513576863042    ,87.1016549311907   ,276.462341233859   ,288.146077897456   ,127.774703803608   ,0.00492743118637407,3.07819239455207   ,14.8659460314664   ,15.9238305720017   ,53013              ,oct                ,1989               
26.3871531467865   ,0.737220169192802  ,173.476750722464   ,0.0371974229731857 ,1.96486565484764   ,37.8702697029473   ,37.1036057133328   ,86.8813485276377   ,277.486472937431   ,290.352906954185   ,124.226846763977   ,0.00507270330539373,2.96391628057726   ,14.2502948434341   ,15.4274151383377   ,53071              ,oct                ,1989               
26.894552632552    ,0.757082583184488  ,204.198928093276   ,1.76418460807661   ,2.05151192452702   ,37.8696102350494   ,36.3290358620417   ,84.8490986084135   ,276.888777148788   ,288.229090921228   ,128.814850828073   ,0.00470688201094865,3.36182572158443   ,14.2209835527419   ,14.9430720483328   ,53003              ,oct                ,1989               
14.2786132217443   ,0.738268181604818  ,183.542345183909   ,-1.54154052004981  ,0.773709333600327  ,19.2971579897007   ,52.3989480327939   ,92.8740926869367   ,272.822283820386   ,280.467242500189   ,54.1535398030003   ,0.00405459022758192,3.17697323865432   ,19.006381035965    ,19.0901235889339   ,53017              ,nov                ,1989               
6.75422974555709   ,2.07559516230965   ,174.943451088347   ,0.798796259819812  ,0.548240456003968  ,8.08941446967814   ,62.0161099589463   ,96.6782841687265   ,272.999972293007   ,279.696166373797   ,56.4773775740356   ,0.00452965874854275,3.77742217628185   ,23.1769678759357   ,22.044016753818    ,53063              ,nov                ,1989               
16.5267544448405   ,0.922454352549968  ,172.272063887493   ,-1.40811971088333  ,0.879746692162291  ,20.3334253178363   ,51.2366586104026   ,93.6157999541976   ,273.932180431861   ,282.121679604744   ,56.1131550896393   ,0.00432994939683523,3.31158694455276   ,18.7523851627406   ,19.3349142717051   ,53025              ,nov                ,1989               
11.2583924969146   ,1.05244835683017   ,172.116946148778   ,-0.157367502995423 ,0.637198114875992  ,13.7133915867897   ,57.6461772358787   ,96.7903510737817   ,272.627410980929   ,280.157897575336   ,55.4888602588323   ,0.00438090077510241,3.60313332667878   ,20.7728647647818   ,21.0031618018139   ,53043              ,nov                ,1989               
13.5955278841826   ,0.988086123201807  ,168.776394822297   ,-0.812304115598246 ,0.811693192577948  ,17.4439507438893   ,52.8308662259704   ,94.7657292111897   ,274.039429089857   ,281.984948111081   ,57.5645244896241   ,0.00446462569558822,3.23253825627972   ,19.6950337910037   ,19.8634750717804   ,53001              ,nov                ,1989               
10.1741240072899   ,1.49686682190249   ,187.367200661061   ,0.626695385730275  ,0.884555836087933  ,14.9063259754274   ,52.5024021619909   ,92.5361865252327   ,274.495811360677   ,282.004160167021   ,60.3589151977838   ,0.00451832826931358,3.81513612731298   ,20.755083412694    ,19.6224366645439   ,53075              ,nov                ,1989               
18.394437732326    ,0.913909530578038  ,177.660416574317   ,-1.53651546423252  ,1.01953765907731   ,21.4958581829071   ,51.107642376484    ,92.419512968797    ,275.581651310065   ,283.544496553861   ,58.2066429055043   ,0.00463110573162946,3.4247380166711    ,18.6261700633856   ,18.8860377323933   ,53021              ,nov                ,1989               
19.79285828547     ,0.968041086007145  ,177.286216413149   ,-1.84393211673115  ,1.02966947465165   ,22.0110616859365   ,50.7019547126702   ,92.9311445104535   ,275.545255235901   ,283.810858879616   ,63.5626961284841   ,0.00465955568044226,3.31979355324185   ,18.6086729308322   ,18.9715039424877   ,53005              ,nov                ,1989               
11.0055769800804   ,1.90960317932139   ,206.81606652559    ,0.795074598592808  ,1.12471251544807   ,18.0379427208771   ,47.659779883517    ,86.1426182065691   ,275.325269922608   ,282.791084899271   ,62.2522797697079   ,0.00439900875703275,3.99772506910328   ,19.923369520989    ,18.0278840220986   ,53023              ,nov                ,1989               
10.0433206171458   ,2.30341701399841   ,197.383079823066   ,-0.139656786136833 ,1.08833127763987   ,15.1012722241765   ,49.8622466019103   ,89.1768141778144   ,274.939873082559   ,282.490198946915   ,65.0869800517696   ,0.00445936378605589,4.48576757155788   ,21.054258256849    ,19.1993719809134   ,53013              ,nov                ,1989               
15.731764889653    ,1.38394760281897   ,193.151968564671   ,-0.695484947640437 ,1.14078555009391   ,19.1663115544147   ,50.21594446358     ,91.8593682963674   ,275.76901802125    ,283.914296807183   ,59.7193235345649   ,0.00471051531606594,4.24342165665252   ,19.5131806150038   ,19.0053661076357   ,53071              ,nov                ,1989               
15.7617188581364   ,1.15657182210227   ,229.333445494714   ,1.33934423465218   ,1.30697139695903   ,23.4145789241269   ,45.8420350566688   ,82.7163236088996   ,275.462818633959   ,282.841416723247   ,64.8603332677317   ,0.00423824462842495,4.6452623221851    ,18.0539861805538   ,16.4772045317648   ,53003              ,nov                ,1989               
13.0757490720918   ,0.204306979344527  ,206.851083372733   ,-1.80354468841758  ,0.255758301808387  ,15.6153062250306   ,69.5420091550198   ,92.7475061260679   ,269.537374573576   ,274.763922408413   ,52.7709175999274   ,0.00316850184984375,1.98548102105992   ,20.4154434527991   ,20.4894690053054   ,53017              ,dec                ,1989               
6.52136886056344   ,1.11071531917511   ,201.808182169287   ,0.465445040553379  ,0.208355009101039  ,4.89665607938884   ,77.0535106434769   ,97.6643175614037   ,269.861173632466   ,274.800807806786   ,46.6614838485177   ,0.00356383984534564,2.36169906816584   ,24.9814813812936   ,23.4806560757916   ,53063              ,dec                ,1989               
11.6715056349167   ,0.210258082302922  ,184.942457838064   ,-1.39545598544327  ,0.229468793305242  ,13.6720621785047   ,72.8320334110806   ,94.6582398860357   ,270.081697942628   ,275.124034292534   ,55.1079015381375   ,0.0033228237467194 ,1.85074959493025   ,20.9418194345989   ,21.3738708052092   ,53025              ,dec                ,1989               
8.32521789859137   ,0.412228379099257  ,199.790804657216   ,-0.769949808320017 ,0.19871371336487   ,8.00909820252404   ,77.3551021166235   ,97.1409770161364   ,269.00937533261    ,273.998885571852   ,49.9460775181141   ,0.00332555348199348,2.21480243875095   ,22.9379493957677   ,23.0767482067918   ,53043              ,dec                ,1989               
8.60592979879386   ,0.395624297471769  ,168.542267290189   ,-1.08399766038858  ,0.214014056285064  ,10.5265114050997   ,74.9571804522102   ,96.0366429074788   ,270.107088660647   ,275.073961328253   ,50.7591100441351   ,0.00344103823616966,1.64551533587426   ,21.8775927282222   ,22.1648568208033   ,53001              ,dec                ,1989               
10.030129267003    ,0.898265609409149  ,201.109758010846   ,-0.140128299170995 ,0.332840756862945  ,11.1080443239395   ,69.6543381590002   ,95.0432923814362   ,270.799856397442   ,276.356611186906   ,47.9113880915174   ,0.0036153472548935 ,2.33925663079935   ,22.2295703435412   ,21.4542004409117   ,53075              ,dec                ,1989               
10.5775432361966   ,0.410891240681402  ,181.462977057626   ,-1.52243691694278  ,0.257628036145433  ,12.9285102369829   ,74.9366108635144   ,94.8515102366912   ,271.303591868083   ,275.906004294371   ,51.0149009694809   ,0.0035848972429999 ,1.67600560999452   ,21.044789130382    ,21.5631918229812   ,53021              ,dec                ,1989               
11.632253657081    ,0.378796059553947  ,176.398350593357   ,-1.69790761983959  ,0.255850869395653  ,13.531051271183    ,72.7341025651559   ,95.4468360046898   ,271.209959495891   ,276.204731365257   ,55.6280104521464   ,0.00359249615814919,1.57705902861655   ,21.1450150974168   ,21.5723677324825   ,53005              ,dec                ,1989               
13.6052293559638   ,1.09595267155572   ,226.159646802314   ,-0.0708323274825856,0.52343172943663   ,17.8731465679919   ,57.9967705043453   ,89.4563845032244   ,271.460355344026   ,278.024116768847   ,50.8723331332947   ,0.00355182633713306,2.54535009724013   ,20.3424104384507   ,18.7380488069902   ,53023              ,dec                ,1989               
11.7028337263176   ,1.40128210398156   ,218.213075490689   ,-0.841267758795104 ,0.430702678163586  ,14.3953379254236   ,60.7790633076773   ,91.3237605322926   ,271.113110721715   ,277.285885737288   ,54.9388658282228   ,0.0035526587920187 ,2.54429335246744   ,21.7638496487136   ,19.6879463789143   ,53013              ,dec                ,1989               
11.8310986886782   ,0.820159038858927  ,209.490844761631   ,-1.01313208345971  ,0.356911846646092  ,13.044426916349    ,69.6923184997021   ,94.4055866241455   ,271.608256096569   ,276.777487554783   ,51.0951656124456   ,0.00366546947037079,2.36926390383706   ,21.604419447736    ,21.0828942309227   ,53071              ,dec                ,1989               
18.0598400900176   ,0.626067763751876  ,253.469674073751   ,0.337280259542439  ,0.693474032405374  ,24.2863128305932   ,54.9982853812893   ,85.9647982646079   ,271.70377745988    ,278.379412236643   ,53.2304941237698   ,0.00344369820365286,3.2736824903755    ,17.8432327156809   ,17.1170816777686   ,53003              ,dec                ,1989               
