bi,pr,th,pdsi,pet,erc,rmin,rmax,tmmn,tmmx,srad,sph,vs,fm1000,fm100,countyfips,month,year
3.26604056403284    ,2.12352193173699    ,146.986784290499    ,-0.646563154600915  ,0.288309705084456   ,1.57406455040442    ,77.3687295320811    ,98.0116427645208    ,270.770538267722    ,275.897416478582    ,62.1340785328797    ,0.00371870429896674 ,2.23887465798734    ,27.8199310634418    ,24.5494769887192    ,53017               ,jan                 ,2003                
3.97884105698091    ,3.02748049278857    ,135.172213929438    ,-2.41857088228127   ,0.409457846239234   ,2.21135616750929    ,75.9075444821155    ,96.3251983271544    ,271.967431777668    ,277.5442821429      ,50.9728430510385    ,0.00409642494047704 ,2.79327648327577    ,27.686391150651     ,24.1107111096861    ,53063               ,jan                 ,2003                
4.69917519628461    ,1.85176225813371    ,130.697569574761    ,-0.593361747057826  ,0.387443572147462   ,2.82919030352216    ,72.9236674293311    ,98.1868221768654    ,272.368173768303    ,277.930609201228    ,56.2553144115149    ,0.00404866548260743 ,2.26343210024914    ,26.7363142294866    ,23.9687444629862    ,53025               ,jan                 ,2003                
4.40977708160877    ,2.24064144710808    ,128.06022559066     ,-1.66008465860984   ,0.382301889961665   ,2.37313805507508    ,75.2019941465199    ,97.5064227590018    ,271.769696386538    ,277.218359716147    ,53.0563692187903    ,0.00400027781370728 ,2.56329750799492    ,27.205294384326     ,24.15690337491      ,53043               ,jan                 ,2003                
4.5188517280217     ,2.13094856127737    ,127.174564436126    ,-1.52561359538731   ,0.395638171742149   ,2.80758361653033    ,71.5741010253889    ,98.6762042699211    ,272.824046548099    ,278.669195304749    ,49.7785210337499    ,0.00429483189911715 ,2.1242368457272     ,26.8587526506875    ,24.0162329495267    ,53001               ,jan                 ,2003                
4.85040339600703    ,3.08116087636979    ,145.115711331728    ,-2.46438934625364   ,0.501835365075427   ,3.93928846146434    ,68.4933072850555    ,97.3143977451505    ,273.287971067483    ,279.264868106154    ,48.6533132749264    ,0.00435953657716279 ,2.7336755554658     ,26.0394885861941    ,23.1815930285083    ,53075               ,jan                 ,2003                
5.10338936606566    ,1.94311598181798    ,193.819610948306    ,-1.6049421334878    ,0.460161772505299   ,3.80612440565381    ,71.1828626722615    ,98.2755184784125    ,274.319175610412    ,280.032281785686    ,48.7285671077946    ,0.00454676005825812 ,2.13787831701061    ,25.9260795841738    ,23.4961153823152    ,53021               ,jan                 ,2003                
5.18166046743104    ,1.71844458852214    ,184.973808645997    ,-1.51489948194761   ,0.476556627642656   ,4.16022200146845    ,70.5093316684176    ,97.2333639599617    ,274.290501243036    ,280.03333077428     ,51.9104466706793    ,0.00448934514837295 ,1.99844061826608    ,25.7511762029958    ,22.8958465957896    ,53005               ,jan                 ,2003                
4.971321172791      ,3.67840823002101    ,171.887849594304    ,-2.3231647527983    ,0.546763823694766   ,4.40227962198572    ,65.304909144153     ,97.1482090003217    ,273.35724617116     ,279.74790457785     ,50.3250812608096    ,0.00445464043947994 ,2.87648708970579    ,26.0294630774466    ,22.9406686006866    ,53023               ,jan                 ,2003                
4.43013114342285    ,4.51458727816657    ,162.267163247428    ,-2.89755608523703   ,0.540283701567709   ,3.64086520867668    ,66.3001383021361    ,97.1548228921811    ,273.494104948142    ,279.707827070198    ,53.0646301639018    ,0.00447650281668371 ,2.94909834334263    ,26.9005023369695    ,23.2296133471429    ,53013               ,jan                 ,2003                
5.54433113241428    ,2.7232000448988     ,188.953788151804    ,-2.75677049596135   ,0.54893960159906    ,4.76442600831716    ,68.8473508361128    ,97.3850010257364    ,274.777808164631    ,280.539592447789    ,48.8438386051729    ,0.00465494409296222 ,2.77158897273377    ,25.5430030667685    ,22.9519525440915    ,53071               ,jan                 ,2003                
6.18582679853913    ,2.55150155814319    ,203.343389203472    ,-1.9180911225414    ,0.62668014398274    ,7.54609127596474    ,64.5764388795569    ,96.2976701735103    ,273.3962756454      ,279.916401118707    ,52.9141745361856    ,0.00441913141135814 ,3.60328820789172    ,23.7126397394926    ,22.0817783810207    ,53003               ,jan                 ,2003                
13.9908764718204    ,0.475571143966273   ,204.636390841932    ,1.98941544563194    ,0.914323461327729   ,13.3237276734024    ,47.9499734277031    ,91.2742021569482    ,268.907668747166    ,278.945766250675    ,114.928295896748    ,0.00313106221063616 ,2.70171951186694    ,24.2366987174412    ,18.8473081247229    ,53017               ,feb                 ,2003                
9.7703651669183     ,1.02956837271407    ,186.280787558645    ,-1.67538324659719   ,0.844114885513828   ,8.8165708076832     ,52.8365097762293    ,91.5182755363024    ,269.185974886352    ,278.188712662942    ,93.1467593100296    ,0.00326935185255083 ,2.99409881998962    ,25.8759861837197    ,19.6815790327745    ,53063               ,feb                 ,2003                
15.0418612205367    ,0.486623818650705   ,184.854777241075    ,2.25809842983736    ,1.06923506002057    ,15.3328953178193    ,43.6180941191813    ,89.7520419296629    ,270.437292222038    ,281.072615615753    ,107.914806245543    ,0.00330983553242495 ,2.77530952193938    ,23.465490507625     ,18.1392746097769    ,53025               ,feb                 ,2003                
12.0333515482576    ,0.701357094594492   ,187.951060074997    ,0.164355674146563   ,0.908007064295067   ,11.6245924160828    ,49.2283432048781    ,91.1072776682581    ,269.602073997188    ,279.090030244866    ,99.8456456714062    ,0.00329206608758038 ,2.87258971573711    ,24.6295522207942    ,19.1294282610978    ,53043               ,feb                 ,2003                
11.4631250022569    ,0.648291656356328   ,174.405002634942    ,0.933056173428943   ,0.971814699184319   ,12.1741717975012    ,46.618429606926     ,91.2563204693101    ,270.46805405119     ,280.703040995463    ,98.1103863503374    ,0.00344427143997295 ,2.63831319224137    ,24.3389889612288    ,18.9321655481993    ,53001               ,feb                 ,2003                
8.46606743928931    ,1.13926019806947    ,190.312899132646    ,-1.39379169396326   ,0.920722739318339   ,8.48477843234362    ,51.034021969643     ,92.6885656045866    ,270.306110682127    ,279.489781540302    ,91.8157658915159    ,0.00351154552371546 ,3.17622930238227    ,25.5294245368092    ,19.9449765564814    ,53075               ,feb                 ,2003                
12.5519814721953    ,0.710162125093924   ,174.748486909205    ,1.36395068474305    ,1.11670055096294    ,13.2685932305406    ,44.7608664648873    ,90.5921272036793    ,271.68757322542     ,282.239020182012    ,101.316916883385    ,0.00357241361268609 ,2.81369662536206    ,24.0160963199951    ,18.5446576197069    ,53021               ,feb                 ,2003                
13.2731254339421    ,0.777368551441362   ,173.160377818785    ,0.65030948647263    ,1.17193937750056    ,14.2642243274772    ,43.3838151716521    ,90.2587344662577    ,271.746622446726    ,282.418342662885    ,104.452783606965    ,0.00353241594766141 ,2.856665332582      ,23.6172451847001    ,18.3652465997968    ,53005               ,feb                 ,2003                
7.59245800429409    ,1.60211557124435    ,209.534937390101    ,-1.15634613636858   ,0.909276548191284   ,7.01359584217715    ,52.4867936086105    ,93.4404956602691    ,269.812424894128    ,278.495363687348    ,92.7815617601112    ,0.00345279821657219 ,3.45742008667819    ,26.315617161931     ,20.4332507699596    ,53023               ,feb                 ,2003                
7.12120925674142    ,2.1834594845861     ,194.121415127657    ,-2.05359342735891   ,0.9522945784428     ,6.55961538222044    ,52.2499126018476    ,92.6119439104375    ,269.904127938407    ,278.915389024596    ,100.947375417023    ,0.00344228036738467 ,3.51472133555204    ,27.0235933936525    ,20.5235759392548    ,53013               ,feb                 ,2003                
9.22733594429542    ,1.42386810701345    ,189.318711085637    ,-1.46361513302578   ,1.11057992870557    ,9.43703927435213    ,47.8810250465601    ,91.2701650795621    ,271.712274792856    ,281.606418897604    ,95.6955429037274    ,0.00363719871194122 ,3.35867922933952    ,25.4751742752864    ,19.527712887311     ,53071               ,feb                 ,2003                
8.56098606316762    ,1.20549783711948    ,225.978087605227    ,-0.172889636235806  ,0.971723030996242   ,9.28187042209043    ,51.8035429207699    ,93.033023196291     ,269.767257909208    ,278.329112771902    ,91.3174230796329    ,0.00337246882950652 ,3.92593165279616    ,24.7684498944546    ,19.8893320594018    ,53003               ,feb                 ,2003                
20.8685238100409    ,0.456832601850514   ,221.855778963397    ,1.78137517762634    ,2.05800061125453    ,24.4267358990527    ,40.553724884479     ,90.296932540534     ,273.224147625814    ,283.935031730002    ,148.119266307351    ,0.00385763760434726 ,4.27770245802339    ,18.9320368602186    ,15.9967342969511    ,53017               ,mar                 ,2003                
13.346437726934     ,2.25504740038822    ,222.640619904262    ,-1.59440675513723   ,1.83977035349263    ,15.0143145735692    ,47.5731171919255    ,92.9857956420348    ,273.854231906879    ,283.307955160926    ,128.304056900882    ,0.00422937874299637 ,4.70846419191113    ,21.8379088754408    ,18.32595666767      ,53063               ,mar                 ,2003                
24.9081818889133    ,0.379938355823054   ,222.362814327185    ,2.15485297158896    ,2.43386531419234    ,27.6075143753347    ,35.1642258390964    ,90.4478689833633    ,274.734426539019    ,286.732509085049    ,146.802916951806    ,0.00404098678605351 ,4.41776247754119    ,18.1689720807326    ,15.4857145963697    ,53025               ,mar                 ,2003                
17.7788335908348    ,1.16952054623011    ,223.155072466479    ,0.277824007952697   ,2.06049772990806    ,20.2511151068039    ,41.5828846018018    ,92.6386274589899    ,273.761436996325    ,284.392729061196    ,142.369440834245    ,0.00409874178584118 ,4.58359319424554    ,20.2143660994763    ,17.1934187075807    ,53043               ,mar                 ,2003                
18.6736234940805    ,0.856803519986498   ,218.617250845342    ,1.01662875941057    ,2.29010366470693    ,22.4873571077659    ,38.364825148582     ,92.2157526648257    ,275.075833281921    ,286.516277996909    ,145.846049337601    ,0.00427117032500447 ,4.19018138970583    ,19.5923217929812    ,16.5738792398719    ,53001               ,mar                 ,2003                
11.1752317254626    ,2.28653566384677    ,224.76633846102     ,-0.675005689765893  ,2.07532136297769    ,14.8848798891669    ,45.7191943666288    ,91.3543876836151    ,275.37773290645     ,284.901815914031    ,135.983397780098    ,0.00446487843286974 ,4.69633443238839    ,21.8338847386543    ,17.7840816046119    ,53075               ,mar                 ,2003                
20.6192368269867    ,0.605829782417927   ,213.020671634343    ,1.87424999635953    ,2.60211675165605    ,25.7226973539546    ,36.2522042205848    ,89.2464436372516    ,277.071825070062    ,288.508960513737    ,145.677798659748    ,0.0044953676262436  ,4.27446016661878    ,18.6256709354391    ,15.4224751696101    ,53021               ,mar                 ,2003                
21.6150918512836    ,0.477576210506091   ,213.889932622616    ,1.30323403909126    ,2.60552454347441    ,26.8877414412843    ,36.1714424621879    ,88.4603602286854    ,277.403205602172    ,288.644853691309    ,144.259889812       ,0.0045352847325526  ,4.19068078004147    ,18.2500828189872    ,15.1368308208398    ,53005               ,mar                 ,2003                
8.05652083368432    ,3.81132007044975    ,232.559603407349    ,0.276997498288658   ,1.93609587363623    ,10.3436526785107    ,50.5468793168524    ,92.4992496969704    ,274.882482083473    ,283.599099631779    ,138.364566728076    ,0.00448842877534706 ,4.86928801983446    ,23.8437383946377    ,19.0311329059528    ,53023               ,mar                 ,2003                
8.36999570778832    ,4.61028841031935    ,226.984878918867    ,-1.10765982339936   ,2.06942104775848    ,10.3359935062188    ,49.4305623319781    ,92.3012741699631    ,275.23802159288     ,284.193765512372    ,142.856493735511    ,0.00454522211939377 ,5.28491815091629    ,24.41032667487      ,19.0775794835534    ,53013               ,mar                 ,2003                
13.3149015207595    ,2.06813684335663    ,221.984719665351    ,-0.803838886704225  ,2.55891207188813    ,18.4976545738082    ,40.6535890848343    ,88.4455451204994    ,277.542690494196    ,287.913353152391    ,137.226359858839    ,0.00470141678870358 ,5.03055916136092    ,21.0352107541254    ,16.5201261438099    ,53071               ,mar                 ,2003                
9.35075826926666    ,2.89760613862854    ,243.617995851147    ,1.66473831704063    ,2.00664083670526    ,11.550987730093     ,50.8281143011978    ,92.3135491392038    ,274.823892983656    ,283.516786191333    ,137.080455212361    ,0.00443968262490739 ,5.41274518540867    ,23.0623471130055    ,18.7946577559422    ,53003               ,mar                 ,2003                
21.2793177399207    ,1.09729258152727    ,188.69004307393     ,1.89637091319409    ,2.96896592084074    ,30.8072396820768    ,36.6571579815778    ,88.2681838394604    ,275.580172506026    ,287.569061456151    ,213.967339050074    ,0.00443416550475811 ,3.27160099468998    ,16.6360902666296    ,14.5398547967703    ,53017               ,apr                 ,2003                
13.0539635193442    ,1.30753985989118    ,183.312110182       ,-0.924261513270868  ,2.73609118978545    ,20.6495128203308    ,43.6212890385374    ,90.4719947366608    ,275.232861844481    ,286.836172834742    ,203.897299605566    ,0.0047203372090134  ,3.52674606501029    ,19.9212477752624    ,15.8975757434617    ,53063               ,apr                 ,2003                
21.9442390939286    ,0.960420392628017   ,188.952107736644    ,2.37334471563244    ,3.23466804397317    ,32.4057667356813    ,33.1808680978365    ,89.5337930212073    ,276.545829187146    ,289.532993746705    ,218.753225301897    ,0.00460256639956556 ,3.37452933931046    ,16.1396995969548    ,14.2874406388589    ,53025               ,apr                 ,2003                
18.154880759304     ,1.15088357216513    ,184.05523987302     ,1.04671209211281    ,2.913824914103      ,25.6205369652693    ,38.1116098945636    ,92.2409519004367    ,275.270900498711    ,287.770291666958    ,212.221559940602    ,0.00465782430321541 ,3.45795306623598    ,18.3769955029636    ,15.4912931167615    ,53043               ,apr                 ,2003                
18.7343947640753    ,1.09464431663525    ,184.954085376543    ,1.70208341845355    ,3.13809560478132    ,28.365320226274     ,34.8287618688093    ,91.5488776503001    ,276.067301445408    ,289.351693782424    ,222.096678074907    ,0.00469408644800926 ,3.14179072787677    ,17.4874886256804    ,14.9402255707279    ,53001               ,apr                 ,2003                
12.5552198063669    ,1.33161340242624    ,193.838171299897    ,0.617566122868482   ,2.93142232203484    ,21.5603568804872    ,41.615013969945     ,90.7493282940435    ,275.93513150922     ,288.008384880515    ,212.794739126766    ,0.00485740911436505 ,3.42871721372885    ,19.4253085672715    ,15.755134581435     ,53075               ,apr                 ,2003                
17.3057949494538    ,1.14378495224775    ,189.670480645987    ,2.00286569037499    ,3.35881761766397    ,30.3774494427901    ,33.7547922958472    ,88.7229636417291    ,277.74525197347     ,290.568371366843    ,226.445534370618    ,0.00483625627651166 ,3.17609571918463    ,16.4449057905491    ,14.3747742375349    ,53021               ,apr                 ,2003                
17.9234799558519    ,1.03548309028413    ,209.963224445774    ,1.70795556009404    ,3.42118588211033    ,32.1360619106707    ,32.3656432259012    ,87.7911167058249    ,277.939042189559    ,290.675073504025    ,226.251945906419    ,0.00478558944941441 ,3.28712427284003    ,15.874285106452     ,13.9559815048466    ,53005               ,apr                 ,2003                
8.89005834222472    ,1.66913942943017    ,208.054985324616    ,1.62862564422823    ,2.75669662954891    ,16.5644466816706    ,46.9733036558574    ,90.9030315067457    ,275.520742140744    ,286.356713864028    ,215.565769641789    ,0.00487395387567584 ,3.39952666278211    ,21.1346417105223    ,16.7252622284504    ,53023               ,apr                 ,2003                
9.06635308280026    ,2.4102753138433     ,206.344932641367    ,0.725944472233038   ,2.81221046682844    ,15.4498729703002    ,45.4727950880041    ,90.4140939203232    ,275.688614019424    ,286.68612346283     ,215.312949685568    ,0.00483348412202739 ,3.52577799967446    ,21.9973232389121    ,16.90151459867      ,53013               ,apr                 ,2003                
13.7880492178077    ,1.78289657256952    ,201.986145520873    ,0.127007614871674   ,3.22400780757914    ,23.8310507538231    ,38.8089817476143    ,87.9677002542387    ,277.677030510631    ,289.849468353189    ,220.031641484082    ,0.00500164189417581 ,3.42270691966623    ,18.8395626214139    ,15.2990049709796    ,53071               ,apr                 ,2003                
10.1126074894868    ,1.52921655016369    ,224.29734895093     ,2.48227823766769    ,2.79238511300725    ,18.8206737634891    ,46.7919801329174    ,90.0782428314506    ,275.551783325492    ,286.367108120883    ,215.331683592785    ,0.00485032384064039 ,3.59595943023689    ,20.059127546923     ,16.4026018182147    ,53003               ,apr                 ,2003                
33.2893110380726    ,0.242110482330644   ,210.874544711655    ,2.37835819873313    ,4.40014761353086    ,45.7695178090878    ,31.4259979383871    ,76.8075347534212    ,279.367639670153    ,292.397877226082    ,268.814341475534    ,0.00504053807821043 ,3.3777549048422     ,13.5194410995425    ,10.5921033357249    ,53017               ,may                 ,2003                
21.0845754542806    ,1.37866799385364    ,184.215325268849    ,-0.274880960411777  ,3.9474028628157     ,33.22865648351      ,38.1740620388028    ,83.0274259161629    ,278.376418234052    ,291.590297540013    ,242.610725906272    ,0.00557816137084143 ,3.60642304902264    ,16.1363051424121    ,12.8444337191237    ,53063               ,may                 ,2003                
38.5921785765926    ,0.139766857147519   ,191.37417346512     ,2.8480047201471     ,4.79374261011231    ,49.6856406355211    ,27.7276359707031    ,76.9389048420737    ,280.250566971501    ,294.526316027319    ,273.259479617415    ,0.00506343960220844 ,3.42736293720933    ,12.9482999451706    ,10.1161861304244    ,53025               ,may                 ,2003                
26.9456420392412    ,0.528052085029564   ,187.733515262787    ,1.72643427016153    ,4.17095324594637    ,37.6899856497192    ,33.3628308023589    ,87.0479309313456    ,278.255671986404    ,292.466739761149    ,255.790908915092    ,0.00538542102031431 ,3.45491700644526    ,15.22404325861      ,12.4994171514679    ,53043               ,may                 ,2003                
29.7580041318256    ,0.281793957053981   ,180.968544628177    ,2.17658591612021    ,4.5151098613345     ,41.9259978990831    ,29.8869996662776    ,84.7608239124262    ,278.979611819283    ,294.24463718653     ,268.097223426952    ,0.00530908693674732 ,3.2406147806192     ,14.3683819843094    ,11.6834396095569    ,53001               ,may                 ,2003                
20.946399696995     ,1.00800923006132    ,188.844313242229    ,1.07477054493045    ,4.14388228112425    ,32.7834333377816    ,37.4357170038386    ,84.0520352372635    ,278.924914711766    ,292.553752792329    ,254.030741106934    ,0.0057204773602477  ,3.47428109623676    ,16.3206115410314    ,13.0265608726371    ,53075               ,may                 ,2003                
34.4592177840259    ,0.206985050539669   ,187.33981445405     ,2.52383680358911    ,4.77644092643231    ,45.548461640029     ,29.2761302091348    ,80.2065129694217    ,280.824141009688    ,295.475947843414    ,273.534077517034    ,0.00550957491168424 ,3.27926455561636    ,13.835357579759     ,10.8608849512436    ,53021               ,may                 ,2003                
36.3609223695813    ,0.200705537635433   ,212.073538771367    ,2.50264315445277    ,4.89485817915566    ,47.9436292051245    ,28.1797271378283    ,77.4126547452807    ,281.457138179481    ,295.635218543664    ,273.900167239124    ,0.00543885340001829 ,3.3904284630529     ,13.3203831205479    ,10.3463507637902    ,53005               ,may                 ,2003                
17.8316231998962    ,1.1942733940005     ,200.461840938257    ,1.9519708993272     ,3.93674859457708    ,28.4136992268991    ,42.215555586191     ,82.1007519922426    ,279.04848709672     ,291.053389928165    ,251.386724752932    ,0.00587670660781202 ,3.43774895762614    ,17.6886350940879    ,13.5439809278696    ,53023               ,may                 ,2003                
19.5662594575772    ,1.17940016469879    ,189.699264348489    ,1.3540398878993     ,4.00190597439392    ,28.5648640302604    ,41.0667258926067    ,81.4657117073408    ,279.239000170643    ,291.405427301037    ,248.083593250952    ,0.00580398387370719 ,3.652674648135      ,18.1237597591147    ,13.397892471182     ,53013               ,may                 ,2003                
27.2735936666434    ,0.70087986248952    ,192.567785446315    ,1.70737397234614    ,4.49938563155653    ,37.4125544075699    ,34.367221132464     ,79.350592008201     ,281.123240805285    ,294.623749731721    ,255.193033988226    ,0.005863428141094   ,3.52719507518635    ,15.822089855045     ,11.8502907080191    ,53071               ,may                 ,2003                
17.7749733278718    ,1.51905279257296    ,209.398772691554    ,3.00644144002539    ,4.03090501567013    ,28.1956892969021    ,41.1297004799408    ,80.0180683127004    ,279.32350202524     ,291.272210103415    ,249.17959809758     ,0.00587299797931861 ,3.63615098334577    ,17.7581217253604    ,13.4488100647393    ,53003               ,may                 ,2003                
49.3013532859938    ,0.148875672998775   ,245.864126104584    ,1.94757811373028    ,6.31684077270162    ,63.9254201733091    ,25.4759451981396    ,66.9042654349369    ,284.266521099464    ,299.852285473216    ,327.612769658311    ,0.00601272510673419 ,3.47545705541018    ,9.93674648619941    ,8.17539711229885    ,53017               ,jun                 ,2003                
33.8387479725568    ,0.412024600862732   ,203.241452355751    ,-0.306376534154622  ,5.4459374352429     ,48.3843685488329    ,30.8494848558606    ,75.1266483987114    ,282.109940672839    ,298.575475761931    ,298.048904817807    ,0.00650456043044266 ,3.05564485992463    ,13.0973899250939    ,10.2018220767183    ,53063               ,jun                 ,2003                
53.021513835109     ,0.0317246398271619  ,234.308759049021    ,2.2360548759146     ,6.63578902929749    ,66.9669610003158    ,22.9949555947096    ,68.7706202154258    ,284.887913379286    ,301.462790682256    ,338.331174114258    ,0.00600401509290994 ,3.35926183836624    ,9.51916089601302    ,8.03283133787182    ,53025               ,jun                 ,2003                
41.5047194236975    ,0.0918974882307371  ,212.706449716938    ,1.27515050242511    ,5.83943775739571    ,54.8223480506842    ,27.0464480491887    ,78.2895743953489    ,282.657870121655    ,299.576920490371    ,314.458115587864    ,0.00637356503373908 ,3.11497254925013    ,11.813244538622     ,9.74251858298515    ,53043               ,jun                 ,2003                
45.5628998402839    ,0.0299367063679691  ,220.456060994068    ,1.65666480620019    ,6.22081081398123    ,59.0897096511855    ,23.9869462120727    ,77.9502705265253    ,283.086542408241    ,301.162397384279    ,330.831346995327    ,0.00615871533857785 ,3.0503346788052     ,11.0368814863699    ,9.32845281122293    ,53001               ,jun                 ,2003                
37.5700338031089    ,0.14468715060926    ,218.348565261629    ,0.626231507156409   ,5.75692026906855    ,50.482528570437     ,29.3742355274874    ,77.7915378483791    ,282.324569277296    ,299.520433763691    ,310.716075441847    ,0.00652368836313048 ,3.21147829068175    ,12.7493001330881    ,10.1069591387019    ,53075               ,jun                 ,2003                
50.6217609948378    ,0.000530290687695528,217.372922943036    ,1.99289773817246    ,6.60360081214171    ,63.1948907368       ,23.6898509750611    ,72.422209923573     ,285.071288377811    ,301.940304334592    ,343.390330350827    ,0.00622703718349863 ,3.23092820560321    ,10.3090579952338    ,8.64818023284276    ,53021               ,jun                 ,2003                
54.3658028918752    ,0.00313417815715368 ,218.585170831201    ,2.01744190346325    ,6.86606284053133    ,66.4577587923355    ,22.4979321400795    ,69.0863644742872    ,285.735051686665    ,302.231656669301    ,348.605278834507    ,0.00609324567869059 ,3.45578693437153    ,9.75924840265007    ,8.09250688402375    ,53005               ,jun                 ,2003                
37.8452517122334    ,0.134724860843541   ,239.780864687366    ,1.46077065410451    ,5.66471161417833    ,51.6566580405146    ,31.8369495978267    ,67.269306575783     ,283.067497405058    ,297.926457476567    ,309.467965843564    ,0.00632193362370218 ,3.31155686182265    ,12.5904961765676    ,9.17181276672869    ,53023               ,jun                 ,2003                
40.2932935596307    ,0.113166967624665   ,219.48993911481     ,0.808285375748213   ,5.79633222637376    ,53.1091771729954    ,30.501701478309     ,66.6225539095947    ,283.268134471634    ,298.261471815925    ,311.731659786364    ,0.0061845415327893  ,3.44657750243604    ,12.422016530012     ,8.98116329927095    ,53013               ,jun                 ,2003                
47.4404362997288    ,0.0288608765658647  ,216.790256514523    ,1.26240477454533    ,6.41751896369102    ,59.0049609106731    ,26.3301026419249    ,69.9054150408199    ,285.073907255674    ,301.268057383302    ,329.023901720745    ,0.00638440596230005 ,3.43177073520373    ,11.2326653485699    ,8.75369386918499    ,53071               ,jun                 ,2003                
37.8183662633693    ,0.230534989080435   ,257.96360477473     ,2.76054703043615    ,5.77036397520933    ,51.2847848527913    ,31.7857735232425    ,63.8998908356158    ,283.501355318315    ,298.08160433804     ,304.979874165853    ,0.00632822424662809 ,3.52119153903349    ,12.6412429487038    ,8.94944819359884    ,53003               ,jun                 ,2003                
61.96074762652      ,0                   ,261.82949044168     ,1.24590016455663    ,7.08969614195021    ,79.7986465801043    ,17.0874543004259    ,53.5885329929375    ,287.863809818911    ,305.479860831671    ,331.989197797604    ,0.00581492328803033 ,3.12546304861013    ,7.6437786803765     ,6.17511530047281    ,53017               ,jul                 ,2003                
50.4987374388644    ,0.0365494186591373  ,194.722448668306    ,-1.11515959125039   ,6.58951207850187    ,68.1146433542541    ,19.1822177312084    ,62.5486102870474    ,285.125070990248    ,305.409347547645    ,322.474557971777    ,0.00602319088001734 ,2.86300309927093    ,9.74786229927945    ,7.56289493360874    ,53063               ,jul                 ,2003                
60.6825603452038    ,0                   ,255.583064659461    ,1.48533424972071    ,7.2583280506017     ,77.7896348699376    ,16.9242548621431    ,59.9273433910828    ,287.843214854462    ,306.938052487484    ,332.951539999923    ,0.00611804901689406 ,3.10925366821988    ,7.87971294136439    ,6.78886083640699    ,53025               ,jul                 ,2003                
53.5507818971669    ,0.00487979468503425 ,219.64612792566     ,0.216523342919236   ,6.74712639011369    ,69.9760762774942    ,17.1846220519565    ,66.5197787589184    ,285.183897659404    ,305.812050313889    ,324.999600139609    ,0.00589897126879032 ,2.90433359319577    ,9.399565066024      ,7.74542677559435    ,53043               ,jul                 ,2003                
55.0501107610431    ,0.00171052920629912 ,239.795161799799    ,0.714811765490084   ,6.948493689373      ,71.8169234489401    ,17.1369137192116    ,65.4892084701013    ,286.34787213528     ,306.979922295234    ,324.913679811714    ,0.00610508198902324 ,2.90063920902758    ,8.98956631175118    ,7.57958201342187    ,53001               ,jul                 ,2003                
49.5777454792532    ,0.0750065999974336  ,227.315882808352    ,-0.466559409522543  ,6.82873499519232    ,65.6131167058203    ,19.6687426417602    ,66.5640195837871    ,285.82219687185     ,306.124981186811    ,321.047290161828    ,0.00637661017010967 ,3.05298682148362    ,10.0613961329813    ,8.23414703681301    ,53075               ,jul                 ,2003                
58.0270294799994    ,0                   ,249.867575262454    ,1.32610120528784    ,7.17664053765479    ,74.5758060796089    ,18.5337344050112    ,61.8482817817858    ,288.530789479902    ,307.391172233941    ,326.914969178761    ,0.0065318107051791  ,3.05852518547557    ,8.39198984247875    ,7.24937839860064    ,53021               ,jul                 ,2003                
60.6140450701319    ,0                   ,255.971275119796    ,1.40989006232816    ,7.35072276405215    ,76.9467322092335    ,18.0926536782868    ,60.2838392683649    ,289.093792512868    ,307.563073187572    ,328.188864001474    ,0.00654419329336315 ,3.18541877156884    ,7.97126428972653    ,6.9299871730404     ,53005               ,jul                 ,2003                
52.1817639468777    ,0.14854446440141    ,240.94195853761     ,0.557173791848601   ,6.78363252469519    ,70.0354069790222    ,21.0090547888199    ,54.898992137951     ,287.720005757678    ,304.88921651074     ,318.494994539365    ,0.00626115091430071 ,3.0662207596528     ,9.23959216109451    ,7.16629839913206    ,53023               ,jul                 ,2003                
54.7988673036851    ,0.0918703298777307  ,233.565751168257    ,-0.413686354851015  ,6.88990416838458    ,71.2453638652434    ,21.108357495743     ,54.6622775135321    ,287.800771199455    ,304.835048591138    ,316.768301323567    ,0.00626906327073716 ,3.26664705641707    ,8.98682325527769    ,7.03148209104424    ,53013               ,jul                 ,2003                
57.365177609276     ,0.0198715487482852  ,241.837878091415    ,0.347151958623391   ,7.1836657731076     ,73.6471999628851    ,19.316723430435     ,59.3483430728367    ,288.918133099124    ,307.22459876628     ,318.445968029664    ,0.00658494259490063 ,3.18487413627345    ,8.56019667581158    ,7.12582926621376    ,53071               ,jul                 ,2003                
52.9683257390178    ,0.252347284779286   ,245.179545074007    ,1.87536569777196    ,6.92733755497925    ,70.3583787384105    ,21.1394915910842    ,52.756555782028     ,288.107412501282    ,305.407234405668    ,318.742156518946    ,0.00641532263961189 ,3.12027835405263    ,9.25806627976409    ,7.00876518996261    ,53003               ,jul                 ,2003                
54.840224838195     ,0.0766009567247952  ,216.810875338571    ,0.391393139315744   ,5.67292529310872    ,75.007741846838     ,20.9033209184451    ,67.0378644036248    ,286.292016714866    ,302.985121026224    ,264.735419449252    ,0.00650840735002791 ,3.12164484660591    ,7.39967893071925    ,8.10806294244617    ,53017               ,aug                 ,2003                
47.7478376160809    ,0.326428438319402   ,180.501276741858    ,-1.65831993862971   ,5.50738679927895    ,67.7894593564327    ,21.0846409724266    ,69.6346078766644    ,284.433404974288    ,302.667102573222    ,263.261827695719    ,0.00643765332479717 ,3.04036361810705    ,8.68400566348119    ,8.77707606468122    ,53063               ,aug                 ,2003                
50.9879884071256    ,0.165657187686422   ,215.537130685754    ,0.990004145635075   ,5.81713259310811    ,70.8073389567723    ,21.1076323967635    ,70.6680058989244    ,286.719292767284    ,304.050593890931    ,268.929959452573    ,0.0068808924617807  ,3.12000931045698    ,8.03584603835314    ,8.77088955400996    ,53025               ,aug                 ,2003                
48.9722966506702    ,0.181459435979583   ,195.290054267235    ,-0.820517917717129  ,5.52608295500769    ,69.0333273606649    ,20.0070018919559    ,72.044897026751     ,284.537550534797    ,302.987534204874    ,260.929952357289    ,0.00638467633001296 ,3.03228809233488    ,8.45882637908804    ,8.82802216099375    ,53043               ,aug                 ,2003                
48.5298783849123    ,0.152102583866594   ,204.566606442774    ,-0.117282599470478  ,5.58858645744625    ,69.8616218919487    ,20.2582541413399    ,71.0944661224094    ,285.68121621798     ,304.201024999106    ,263.847126756339    ,0.00671100817370772 ,2.86097967268215    ,8.29316010959092    ,8.7134810031722     ,53001               ,aug                 ,2003                
45.164244972827     ,0.352236301667098   ,203.53063734811     ,-1.07829789006827   ,5.57767975458384    ,65.5312800063942    ,20.8628210466229    ,71.1732326325158    ,285.103174539237    ,303.580430597816    ,260.190372502654    ,0.00674751227481231 ,3.03726199696593    ,9.05065003599569    ,9.01865221463299    ,53075               ,aug                 ,2003                
49.2399358442553    ,0.130493519693687   ,224.401583216105    ,0.910749945378838   ,5.68574787328024    ,70.239583237887     ,22.2232971480112    ,69.1452468100612    ,287.845320402008    ,304.659469225862    ,268.431994222826    ,0.00730474845439233 ,2.88358134168845    ,8.17091064470873    ,8.70115016595306    ,53021               ,aug                 ,2003                
47.8217461886621    ,0.271420275547516   ,226.895491587533    ,1.26447913246284    ,5.78756184621402    ,68.8634702245978    ,22.2388274256431    ,68.4845519206933    ,288.275712874082    ,304.61748195764     ,270.211795127535    ,0.0072581271776415  ,2.9795294523717     ,8.37910939969505    ,8.84244943186171    ,53005               ,aug                 ,2003                
45.7208907117599    ,0.437196909139305   ,215.239560888193    ,-0.0707295107024705 ,5.53562198707991    ,68.4504430301202    ,21.878586421245     ,62.561742744377     ,286.673015520344    ,302.205722922721    ,263.68614644131     ,0.00662497760636754 ,2.99958049760173    ,8.48206579181241    ,8.27573685315491    ,53023               ,aug                 ,2003                
46.8223810118554    ,0.375601891125603   ,209.011639291784    ,-1.23612574085489   ,5.52098818673735    ,68.6143694518285    ,22.001379842151     ,63.9178013803991    ,286.564391229105    ,302.133236019661    ,266.147122962151    ,0.00663526568418185 ,3.05429547770445    ,8.45439651112684    ,8.42148517390559    ,53013               ,aug                 ,2003                
47.6412274649104    ,0.196566313149546   ,217.395677741238    ,-0.710545282225379  ,5.67325296353206    ,69.041608514293     ,22.3878332323644    ,68.8174494391441    ,287.739625103918    ,304.501576813568    ,265.395551506941    ,0.00734481566133495 ,2.96215955144365    ,8.31490050886611    ,8.77271033846547    ,53071               ,aug                 ,2003                
48.2207173525743    ,0.471739651488365   ,230.645998228841    ,1.22854052523917    ,5.63938660811951    ,68.9221889176087    ,21.8827806669935    ,63.1300688798158    ,286.629975734106    ,302.658684935546    ,264.41767201829     ,0.00672756452254832 ,3.04186380605628    ,8.4852426992407     ,8.32800287441952    ,53003               ,aug                 ,2003                
48.9927441027981    ,0.165149881276373   ,208.868964451679    ,-0.777707869663955  ,4.04925084912017    ,61.429077219042     ,25.9684444606144    ,74.1873846641876    ,282.485135145436    ,298.098849184322    ,188.517279258036    ,0.005758194391773   ,3.5656894748905     ,9.60512342710058    ,10.6520583084437    ,53017               ,sep                 ,2003                
41.4074821233898    ,0.828821193353625   ,185.925632220271    ,-1.5481958408003    ,3.7930348443526     ,53.1968928511986    ,27.0904713631643    ,78.8911896718189    ,280.519979091594    ,296.974723078487    ,179.740508358384    ,0.00561185921233321 ,3.71027702235644    ,11.1695734540984    ,11.992173727136     ,53063               ,sep                 ,2003                
47.7412189542064    ,0.147870990268927   ,199.103042460499    ,0.540609652513969   ,4.2282420622438     ,60.9750000296389    ,24.793544444538     ,73.1852720923136    ,282.970292365093    ,299.545292115894    ,193.675416428254    ,0.00576482760591692 ,3.49094876182072    ,9.82641927485492    ,10.4964712168806    ,53025               ,sep                 ,2003                
44.5232057567279    ,0.431899284526955   ,192.66039575023     ,-0.926323589804801  ,3.94534318228989    ,56.347092798881     ,25.1248843116426    ,77.2173104971292    ,281.119083879785    ,297.979492058826    ,182.582601766048    ,0.0055092584365844  ,3.56952696712413    ,10.7274171428635    ,11.4362300215397    ,53043               ,sep                 ,2003                
43.7327680203513    ,0.277823461972198   ,194.192322236897    ,-0.374879355387011  ,3.92798342290899    ,58.422111923123     ,24.5794699003954    ,75.6711099711166    ,281.980454866979    ,299.39547574864     ,187.591029727356    ,0.00568441220994153 ,3.18526764913981    ,10.3237290914557    ,11.030449603303     ,53001               ,sep                 ,2003                
40.9084858106937    ,0.579268252763094   ,198.210093511329    ,-1.0937886466904    ,3.85571017260645    ,54.2978279912612    ,25.8882632920882    ,77.6813025856018    ,281.365787965064    ,298.454846808938    ,182.899096796672    ,0.00580468392669789 ,3.52455467330708    ,11.0670518469156    ,11.655777896451     ,53075               ,sep                 ,2003                
43.1781648736679    ,0.271825424352517   ,206.027165878609    ,0.701415519049773   ,3.92761465942248    ,58.6440072626945    ,26.5246709358998    ,74.5841315276806    ,283.737733510335    ,300.065989223382    ,193.980088140048    ,0.00621030965264743 ,3.14479987112375    ,10.2485246188824    ,10.9642602251126    ,53021               ,sep                 ,2003                
44.2338953447785    ,0.237607468561778   ,203.324048420867    ,1.1941271831397     ,3.98387006927407    ,59.2164285101129    ,26.5757070968842    ,74.2482884316755    ,283.980187428491    ,300.023027399729    ,199.370044618339    ,0.00624820477137695 ,3.16373760994134    ,10.1893042642924    ,10.8403305385005    ,53005               ,sep                 ,2003                
42.5118401511942    ,0.725251506278233   ,211.222352693392    ,-0.171936522280377  ,3.81092959805305    ,58.5676046351715    ,27.303440641419     ,69.3858410977429    ,282.865192759259    ,297.136419241769    ,189.968707460992    ,0.00579249461299082 ,3.49588933899289    ,10.2035063368934    ,10.4886285192478    ,53023               ,sep                 ,2003                
40.8800226684347    ,0.87674357647151    ,200.415269355895    ,-1.24114462242415   ,3.74746252972418    ,57.1597874852791    ,27.7181890616658    ,69.5958410990384    ,282.748879967601    ,297.066910104269    ,191.211126955309    ,0.00577056854422875 ,3.5428026841261     ,10.507673955463     ,10.7203462917767    ,53013               ,sep                 ,2003                
40.5070279005971    ,0.712445159034354   ,198.459868791676    ,-0.709079103898964  ,3.85846181757405    ,55.2038597670351    ,27.8504064897212    ,75.2392930048914    ,283.595622919181    ,299.540244129874    ,189.238056002981    ,0.00632546841536666 ,3.38839632820308    ,10.9180730693062    ,11.4498949178189    ,53071               ,sep                 ,2003                
43.2924155297139    ,0.837777705276679   ,232.830857009609    ,1.10986884333501    ,3.95336608904122    ,57.5242154727017    ,27.0989075979757    ,70.3802904783374    ,282.712171691004    ,297.198900301671    ,192.420515543991    ,0.00584534267054241 ,3.7671689995884     ,10.4224007510791    ,10.6454813118979    ,53003               ,sep                 ,2003                
35.2958932925093    ,0.580154573192608   ,176.039022167852    ,-1.34591584273104   ,2.16468251257054    ,44.3842264162479    ,34.0328584298208    ,79.0689514051696    ,277.227629094795    ,289.243702215751    ,108.953761977659    ,0.00478430771551496 ,4.20677361989703    ,12.6800884977443    ,13.9108867822922    ,53017               ,oct                 ,2003                
32.2933507019007    ,0.729556528180589   ,181.111346980429    ,-1.79677675681032   ,2.22299623830971    ,38.9315811576697    ,32.5476636939895    ,84.0087632232465    ,275.685161843044    ,289.095693774335    ,109.776849531826    ,0.00468238883569427 ,4.6818148125409     ,14.0959792552783    ,14.9386485065008    ,53063               ,oct                 ,2003                
41.3035618018654    ,0.213344718845496   ,181.133505644281    ,-0.755835818829404  ,2.48320713145747    ,47.5752534968129    ,30.5519924783873    ,79.4082794703494    ,277.520016469054    ,291.270605685794    ,115.54531762234     ,0.00477683805285018 ,4.38176103677503    ,12.1589665974607    ,13.5045543071718    ,53025               ,oct                 ,2003                
38.0762047593361    ,0.382675781129038   ,179.610567659711    ,-1.36282676576311   ,2.34128868002816    ,43.1920111423662    ,30.5626107595545    ,82.2082963847005    ,276.13678311204     ,289.984256193135    ,110.988331160302    ,0.00462013006783432 ,4.55589481539131    ,13.2400865399156    ,14.2794894847962    ,53043               ,oct                 ,2003                
38.3993272361976    ,0.250295430306135   ,180.639312671011    ,-1.32423995827336   ,2.39680026118058    ,45.9611046533067    ,29.5871827390611    ,80.6686380558946    ,277.025223517354    ,291.524795089371    ,115.589839982903    ,0.00471933633563486 ,4.0422145749281     ,12.5812542682898    ,13.7478595021274    ,53001               ,oct                 ,2003                
34.247928317815     ,0.491890162741889   ,193.277326042829    ,-1.51757071587385   ,2.34073482546453    ,41.9607608030055    ,30.9799018067608    ,83.0596554808644    ,276.598439135325    ,290.905135217772    ,112.638469622212    ,0.00484301055899947 ,4.33671320320985    ,13.4198328809358    ,14.4246937658574    ,53075               ,oct                 ,2003                
39.868117075511     ,0.193808575407151   ,180.488872118677    ,-0.833625090332367  ,2.45017598261017    ,47.2070643098419    ,31.8955109976066    ,78.5951338396475    ,278.816978571965    ,292.273182583565    ,117.905804133829    ,0.00506782187239923 ,4.029598971521      ,12.2874616373266    ,13.3684804625902    ,53021               ,oct                 ,2003                
38.2138816641332    ,0.197882970067967   ,178.900274635456    ,0.456981114631691   ,2.42606736750895    ,45.8612711496493    ,33.5935385653617    ,80.2489651799953    ,279.055569613246    ,292.19623910664     ,121.10040627811     ,0.00524053891049471 ,4.00489696957019    ,12.4168890302567    ,13.7614338971386    ,53005               ,oct                 ,2003                
33.4915945284474    ,0.714403935587375   ,204.642301742502    ,-0.819609255107663  ,2.2791723511401     ,43.9477204173965    ,33.2788993544627    ,79.7640161141679    ,277.396487352772    ,289.773091298835    ,116.249599621879    ,0.00487354515017104 ,4.27711380133527    ,12.7980180724879    ,13.8242484251594    ,53023               ,oct                 ,2003                
34.2937300673047    ,0.938459857412436   ,193.516819839722    ,-1.62648180921612   ,2.33255657322643    ,42.8769407623464    ,33.6992208842107    ,79.2295051675212    ,277.534911867131    ,289.887399903787    ,117.547685439875    ,0.00489100024823019 ,4.57295868605541    ,13.2319276494324    ,13.9602705035897    ,53013               ,oct                 ,2003                
36.035611214519     ,0.476282906136018   ,187.753036424834    ,-1.09674417030642   ,2.49150546202268    ,43.4140261982858    ,32.9547899534094    ,80.4500936552699    ,278.717543919381    ,292.1319813542      ,114.541525066165    ,0.00519133607844931 ,4.42806459851162    ,13.1271825780901    ,13.9754678482713    ,53071               ,oct                 ,2003                
35.3007736446802    ,0.454158020098125   ,222.902074481056    ,0.452187357230198   ,2.38179561250878    ,45.679206163035     ,33.11868897926      ,78.7319806734197    ,277.46042484852     ,289.436699601603    ,120.220969770722    ,0.00476995539669586 ,4.67899461349151    ,12.3082780811066    ,13.2555841651276    ,53003               ,oct                 ,2003                
20.2887440037188    ,0.558757368624478   ,175.793832383772    ,-1.67165287772172   ,0.759838774293554   ,28.3535646917149    ,48.1867816140174    ,91.2601155506418    ,268.619004888954    ,277.328416293436    ,63.5141112648895    ,0.00291833594200425 ,3.388320044971      ,16.0807836587431    ,17.7580629095127    ,53017               ,nov                 ,2003                
11.321448171282     ,2.06083869399331    ,168.132350950231    ,-2.36197271305981   ,0.744229050653608   ,18.1048495222655    ,54.3211510191572    ,95.1819887572871    ,268.274185715572    ,277.195646053728    ,63.4625878232591    ,0.00311336217900095 ,4.09838657807917    ,18.9664653034075    ,20.4400115909789    ,53063               ,nov                 ,2003                
25.5261095703451    ,0.567974806245982   ,154.92119982661     ,-1.96399390737434   ,0.983200930417183   ,31.2793052157275    ,44.850942941296     ,91.822768509032     ,269.332604786131    ,279.552663913985    ,65.0348057185492    ,0.00303655794621908 ,3.71990999472643    ,15.4116038238472    ,17.6273207775781    ,53025               ,nov                 ,2003                
18.3419446457384    ,1.12488095837637    ,163.887384374367    ,-2.10535333056059   ,0.794750702710987   ,23.8155921505573    ,50.5784412340029    ,94.9699280555986    ,268.255421560647    ,277.72013907664     ,66.1634480593976    ,0.00305458826941639 ,3.90941150805831    ,17.312524077659     ,19.4000314521334    ,53043               ,nov                 ,2003                
20.6694101890442    ,0.939315335812632   ,155.928949858018    ,-2.16187674615536   ,0.931962855139955   ,27.5472774345303    ,46.9607599336757    ,93.3569392846444    ,269.473825810677    ,279.576235045221    ,66.9077526976978    ,0.00317520211763643 ,3.59165080079263    ,16.2998355618179    ,18.516938991829     ,53001               ,nov                 ,2003                
13.058318591297     ,1.73514128558192    ,182.011685484643    ,-2.21632797420025   ,1.00319260151538    ,22.5648058859227    ,47.9813566075493    ,92.2526619778801    ,270.100144050149    ,279.489724423876    ,64.8801371284934    ,0.00327848418272904 ,4.20632231874092    ,17.596811439776     ,18.8625017939549    ,53075               ,nov                 ,2003                
25.64767153384      ,0.682201342009581   ,175.326050152982    ,-2.03924237382718   ,1.13582963128216    ,33.7232385993004    ,45.3414760225247    ,87.6183469444666    ,271.583161296355    ,281.230577752529    ,63.7621219549424    ,0.00334413204279442 ,3.71952953904867    ,14.6608237594213    ,16.5832721365415    ,53021               ,nov                 ,2003                
25.2600761759554    ,0.631121867724659   ,164.617981327456    ,-1.60699072347943   ,1.13147427862367    ,33.2443206077967    ,44.1787996407797    ,88.41279476004      ,271.790974588789    ,281.50840019211     ,64.1049345069148    ,0.00340578924307482 ,3.64361771793055    ,14.8562809525627    ,16.6529483873698    ,53005               ,nov                 ,2003                
14.1095476800797    ,2.31239733490206    ,196.849469919777    ,-1.8771148305502    ,1.06984367122407    ,24.5439907471834    ,49.8146335195064    ,87.6960115065486    ,271.133640647872    ,279.35703984926     ,64.3096389960058    ,0.00337838372855551 ,4.44191480566503    ,17.0495935906041    ,17.8649592751055    ,53023               ,nov                 ,2003                
14.9928387743119    ,3.06543645204466    ,189.333034588612    ,-2.22169309355202   ,1.08905044604762    ,23.7129468904313    ,48.826713679515     ,88.5126191939775    ,271.119768163338    ,279.540078080262    ,67.2339302642183    ,0.00339140062751476 ,4.74833171291709    ,17.6051454335191    ,18.3085497073894    ,53013               ,nov                 ,2003                
19.8173166426611    ,1.45152920568539    ,180.519104586853    ,-1.94965529046084   ,1.21465001789131    ,29.0821098647737    ,44.8774355976239    ,88.0146656542936    ,272.03803830444     ,281.448033534931    ,61.5454903039183    ,0.00345851558044194 ,4.44402385906475    ,15.9956997430745    ,17.2050879470701    ,53071               ,nov                 ,2003                
18.8779145569747    ,1.3892541859308     ,217.873378248748    ,-1.49831680144997   ,1.17437737983654    ,29.465357510389     ,50.1252216371597    ,84.3594864262862    ,271.360666339067    ,279.210604008213    ,65.3774783238877    ,0.0033145358375984  ,5.14677157454247    ,15.4621453907078    ,16.3098937251562    ,53003               ,nov                 ,2003                
4.96480087253695    ,1.2220291713338     ,152.441589391559    ,-1.92288615576662   ,0.152104436646331   ,5.30740036921583    ,74.7828878848272    ,99.7443065204603    ,267.501698406045    ,273.034369491481    ,48.5301137955041    ,0.00310836783770316 ,2.52163243144349    ,23.2332631363916    ,24.3166835802906    ,53017               ,dec                 ,2003                
4.83896091516081    ,2.23230770471248    ,155.447065504513    ,-2.37045082259685   ,0.245108872675266   ,2.56770323074419    ,73.9124969625425    ,99.3812123763404    ,269.188893373252    ,274.652888682017    ,45.781197933827     ,0.00340524904067574 ,3.03116058975971    ,26.0909473189225    ,24.3280520507751    ,53063               ,dec                 ,2003                
7.03444640127829    ,0.972198721704724   ,139.617085342405    ,-2.23395936825812   ,0.212458398005753   ,7.12904182737426    ,72.7874176178815    ,99.7210877208721    ,269.232222644125    ,274.822879964676    ,49.4246060587007    ,0.00335318626693917 ,2.58685339892114    ,22.7618888749792    ,23.8140192402056    ,53025               ,dec                 ,2003                
5.82005209719874    ,1.46943786924523    ,151.002843026235    ,-2.17616719633412   ,0.201847666208314   ,4.0928675356768     ,74.7032904325256    ,99.7788914731313    ,268.994666974319    ,274.198364036882    ,47.294983758676     ,0.00335495891403288 ,2.87127439107038    ,24.6243226670422    ,24.2855478517385    ,53043               ,dec                 ,2003                
5.88147289121876    ,1.43671344399965    ,139.436374489649    ,-2.24550346317127   ,0.245069075086325   ,5.10212655924145    ,72.6048605447968    ,99.8139635251837    ,270.002327265553    ,275.575827838129    ,46.1732877574655    ,0.00353486722010769 ,2.43511739829493    ,24.0597808258581    ,24.0372447381844    ,53001               ,dec                 ,2003                
4.41949591682468    ,2.33302350563746    ,165.560878449636    ,-2.25309782932786   ,0.376824215462687   ,3.38958981098479    ,68.3888771085552    ,99.1883992857092    ,270.408457156911    ,276.429467190612    ,44.0714722818113    ,0.00361889159893982 ,3.24865796046164    ,25.1940131750668    ,23.9382866384469    ,53075               ,dec                 ,2003                
6.26052589197936    ,1.45615631255584    ,156.157066590564    ,-2.21486999759307   ,0.314694096372248   ,7.07638262040904    ,71.7791078401223    ,99.3647188626803    ,271.235315011831    ,276.75603206928     ,45.0034148915609    ,0.00368357067417282 ,2.53057944611097    ,22.7611394725702    ,23.5804109057402    ,53021               ,dec                 ,2003                
5.55019409917254    ,1.37679816783209    ,156.186887247455    ,-1.88102300526828   ,0.324374085397568   ,7.14661713137038    ,69.7041392331998    ,99.0850310842902    ,271.260990851588    ,276.960765044083    ,47.9329514100001    ,0.00369743657156254 ,2.408560786433      ,22.7442039127651    ,23.4204325753086    ,53005               ,dec                 ,2003                
4.00856568491039    ,2.60015220830283    ,186.990253541361    ,-1.88542760307004   ,0.431495730435441   ,3.53631718841446    ,66.7193706946837    ,98.6206728111883    ,270.28669113254     ,276.697533102411    ,45.797720390225     ,0.00370531024962787 ,3.50549105124444    ,25.2381464869339    ,23.7784341093423    ,53023               ,dec                 ,2003                
4.11145635400094    ,3.15045270420234    ,180.549724255661    ,-2.3004951779755    ,0.41494025094841    ,3.37821477680361    ,66.2563704295932    ,98.7399890293834    ,270.343713757047    ,276.66255809258     ,48.4977993049755    ,0.00369757656824741 ,3.59776159880673    ,26.1240109989572    ,23.9945380302416    ,53013               ,dec                 ,2003                
5.3919535053528     ,2.27031687760983    ,170.95837833076     ,-2.05389072739981   ,0.41833197385209    ,5.39944656869478    ,67.6075852670644    ,99.010606615847     ,271.46303280466     ,277.517788597045    ,43.8138613706036    ,0.00377163374900621 ,3.24470085567898    ,24.1707773353349    ,23.6025263132442    ,53071               ,dec                 ,2003                
5.86996397843982    ,1.85910206505997    ,207.864718842796    ,-1.75632975658361   ,0.509374046514214   ,7.63924101203915    ,65.747887115757     ,97.2209179899118    ,270.631165865042    ,276.788159387593    ,47.7960720217721    ,0.00365871715491384 ,3.99684439935243    ,22.7631536256368    ,22.6667504923187    ,53003               ,dec                 ,2003                
