bi,pr,th,pdsi,pet,erc,rmin,rmax,tmmn,tmmx,srad,sph,vs,fm1000,fm100,countyfips,month,year
14.6883280276216    ,1.21290332918379    ,172.007734740675    ,-2.32472380998428   ,0.449913732485395   ,15.5813334051852    ,61.3947113329986    ,88.2773382928037    ,267.266219946833    ,274.52573942651     ,65.5642221489115    ,0.00266958595240146 ,3.13253575900816    ,21.1941299963366    ,19.5259976737365    ,53017               ,jan                 ,2012                
8.87918141445397    ,2.34830613279883    ,182.466959831656    ,0.408471174696659   ,0.462461309189165   ,7.35858436659167    ,69.71735701611      ,90.710923423509     ,268.442618580914    ,275.123287586549    ,53.4919731825727    ,0.00311385528354776 ,3.72078354380413    ,24.0908826784429    ,21.766043741851     ,53063               ,jan                 ,2012                
17.9307681205609    ,0.751527206189594   ,171.53399081848     ,-2.85703378360058   ,0.579775822741716   ,19.8813713130618    ,58.1014647277141    ,87.0996473501009    ,268.847585219289    ,276.61299672582     ,60.8055232592951    ,0.00288916840151963 ,3.17746353618849    ,19.6572998083094    ,18.4814825259325    ,53025               ,jan                 ,2012                
12.3173880943462    ,1.21907119622397    ,174.681113402648    ,-2.23834574274725   ,0.479625398804652   ,12.4391408001452    ,65.9048290662379    ,88.9737883363771    ,267.882629154883    ,274.802500908126    ,56.4836326015859    ,0.00288862557018601 ,3.4909120505342     ,21.9840656908714    ,20.3020860630294    ,53043               ,jan                 ,2012                
15.1406950430989    ,0.963887306473779   ,-1166.53527111544   ,-2.92534391825384   ,0.592829598386086   ,17.9286068514498    ,59.7622753208188    ,86.2470788510541    ,269.697526175276    ,277.256026196341    ,55.4946892887577    ,0.00310529600558373 ,3.0315048496966     ,20.1905265438412    ,18.7145239522116    ,53001               ,jan                 ,2012                
12.9748695554136    ,2.07909361301156    ,-233.461837024725   ,-2.08334124976513   ,0.732845206635472   ,14.9405052661262    ,58.345942878506     ,84.2214542946282    ,270.420630929791    ,277.736369930028    ,53.9352075301719    ,0.00318694952100894 ,3.87253514616494    ,21.4510974797895    ,18.8801266943119    ,53075               ,jan                 ,2012                
18.4341943814204    ,0.882478877613621   ,179.002871704102    ,-3.05884420107573   ,0.762719205130936   ,21.7745697178261    ,56.7858700588974    ,83.2866539531547    ,271.543255906779    ,279.282475977441    ,54.8500555769681    ,0.00332525389851938 ,3.2547422694731     ,18.9115401906943    ,17.6077028991567    ,53021               ,jan                 ,2012                
19.1545562918893    ,0.820223474461606   ,189.922825476349    ,-3.09553106426017   ,0.776598338534055   ,23.1113243783037    ,54.3005662258401    ,83.2169459154188    ,271.524352623957    ,279.525870081258    ,59.1592219032889    ,0.00327452412407319 ,3.08770549171047    ,18.5603249883533    ,17.3925175578978    ,53005               ,jan                 ,2012                
12.9480555313571    ,2.75600155774803    ,195.711907232579    ,-1.8026789411995    ,0.851793020824092   ,15.8801303355941    ,54.542974001992     ,82.2133792375806    ,270.803567487762    ,278.28174287937     ,55.7348507392194    ,0.00319709856581363 ,4.26769442762265    ,21.2462687204797    ,18.3348727288358    ,53023               ,jan                 ,2012                
12.4164842096681    ,3.99321664166378    ,204.544898684012    ,-1.91445441437433   ,0.854051156110119   ,13.7809775164274    ,55.4422113756496    ,83.2364634407712    ,270.729766670463    ,278.232811526901    ,59.156709946122     ,0.00323422958495467 ,4.78010619285642    ,22.2330114133977    ,19.1300383888171    ,53013               ,jan                 ,2012                
16.1538888323254    ,1.95274859385058    ,200.85978439215     ,-2.25476603456306   ,0.905710932852174   ,18.0032723729747    ,55.8223833363731    ,83.0920275451316    ,272.004684632324    ,279.64890186661     ,55.1488477245204    ,0.00340429092242343 ,4.51898596977237    ,20.3894173114155    ,18.2155725069944    ,53071               ,jan                 ,2012                
17.1792120857746    ,1.69579163147038    ,218.189400039001    ,-1.26360125161726   ,0.981092444079601   ,19.367100052784     ,54.426676079894     ,81.6013883658513    ,270.929297551172    ,278.287308888966    ,57.9594925089334    ,0.0031516488042237  ,5.30265853961889    ,19.900159153625     ,17.4894263147606    ,53003               ,jan                 ,2012                
13.3959578933466    ,0.762943935585931   ,193.129294112319    ,-2.23156519034695   ,0.757222391362311   ,14.2981874695823    ,57.8543090697293    ,93.0875517268983    ,268.631719325568    ,276.735144135215    ,97.7133391767362    ,0.00305928660950119 ,2.99496526416559    ,21.7976241791115    ,19.8144862481985    ,53017               ,feb                 ,2012                
9.23710122946496    ,1.7547482691909     ,173.340377219594    ,-0.343573152366025  ,0.771360791438347   ,8.28444310289807    ,62.3049829063134    ,91.5742308218687    ,270.122507589773    ,277.637625919132    ,80.2344026426828    ,0.00345977362067842 ,3.55419852852148    ,24.3050821395838    ,20.4664038334315    ,53063               ,feb                 ,2012                
17.3343888865217    ,0.655933139357812   ,186.103726953649    ,-2.92938418630999   ,1.01319427182034    ,19.4037761170797    ,51.4049649757889    ,89.4539242658767    ,270.720861898698    ,279.868042388701    ,90.7100029699047    ,0.00331209761983347 ,3.2609436162717     ,20.1011250748837    ,18.1666680579398    ,53025               ,feb                 ,2012                
13.5796195873416    ,0.875680952088096   ,173.404298539784    ,-2.35116286209489   ,0.793414480417733   ,13.3459952545276    ,59.9204155167255    ,91.9423295088364    ,269.753481087488    ,277.534028954283    ,87.8558998546867    ,0.00331082738698751 ,3.31784999966012    ,22.2144935018082    ,19.7259464641907    ,53043               ,feb                 ,2012                
15.3837823776549    ,0.839014049858843   ,182.070046721937    ,-3.02999795701465   ,0.980389365448334   ,17.805354968671     ,52.7839981740584    ,90.020084413309     ,271.349494090882    ,280.408721628708    ,84.4344651604401    ,0.0035416133888671  ,3.1215238989229     ,20.6031525918708    ,18.450434334933     ,53001               ,feb                 ,2012                
12.4301963819776    ,1.59696437060332    ,177.144725583181    ,-2.0341708834031    ,0.957432962078758   ,14.0431183393638    ,56.1584661942169    ,89.8279826502439    ,271.529458614317    ,279.747463650743    ,79.1674618411665    ,0.00364147748455734 ,3.70241582752526    ,21.8178160201802    ,19.0545359390323    ,53075               ,feb                 ,2012                
16.2618070738656    ,0.856651236481228   ,195.788927756299    ,-3.16694149283262   ,1.13057640489232    ,20.4361861979568    ,50.6131303166295    ,87.681861099306     ,272.573420610533    ,281.902150256817    ,85.061775975961     ,0.00367269456401918 ,3.2816082205255     ,19.526792878109     ,17.7080231287977    ,53021               ,feb                 ,2012                
16.7378139153236    ,0.672091423588177   ,200.808261024881    ,-3.24811505730571   ,1.11611630765065    ,20.7223568929018    ,50.6077312527324    ,88.1590117684684    ,272.093627636249    ,281.429854338993    ,86.6984002222374    ,0.00357553205700451 ,3.30913888763507    ,19.3165383813548    ,17.6990709488712    ,53005               ,feb                 ,2012                
12.3072407032498    ,2.12988552496419    ,185.578581988547    ,-1.78214322354483   ,1.01050182889416    ,14.973790474463     ,55.308273041682     ,87.6666173097192    ,271.270564298452    ,279.150469599726    ,79.154138603989     ,0.00352085974462456 ,3.99395802742682    ,21.46576420861      ,18.8245064027561    ,53023               ,feb                 ,2012                
10.0599860779679    ,2.70367678322271    ,187.836876781466    ,-1.78789838108301   ,0.988703351693539   ,12.1453824552465    ,55.9384901824957    ,88.5797388573235    ,271.036022468744    ,279.085112161572    ,84.1902535748107    ,0.0035068931717141  ,4.14743848662146    ,22.8948122080173    ,19.4561424923193    ,53013               ,feb                 ,2012                
12.976307334281     ,1.5296925173101     ,192.767550366542    ,-2.19972327052739   ,1.09030581032695    ,16.0250141949257    ,54.1430201425231    ,88.1621956398817    ,272.452128646266    ,280.935019418891    ,79.1766922227459    ,0.00366875289393909 ,3.96286489978069    ,21.0391081323746    ,18.5604167001173    ,53071               ,feb                 ,2012                
15.032785712585     ,1.51438014257439    ,196.658107758563    ,-1.30696407562335   ,1.11791398585216    ,19.3159231505994    ,54.0391425019882    ,86.1369730155833    ,271.300478460891    ,279.090088101448    ,78.7773576369499    ,0.00339806048205361 ,4.66427166251868    ,19.5177837576682    ,17.8148339309334    ,53003               ,feb                 ,2012                
14.8359868107915    ,1.85127943155869    ,202.697628319424    ,-1.92339589193075   ,1.77342064236596    ,18.9460300831896    ,44.9785670309562    ,90.9436049196432    ,271.122347110728    ,281.916452264384    ,158.761142010295    ,0.00350945868477189 ,4.39076135581643    ,20.4131253369942    ,17.7963596797489    ,53017               ,mar                 ,2012                
10.7645993047116    ,4.35799934829213    ,203.508408881669    ,-0.163965967832003  ,1.61678707880744    ,10.8887477182527    ,49.5438313424815    ,91.6294061215862    ,271.266587041291    ,282.07476227049     ,131.832777635036    ,0.00386290211987838 ,4.80130366685753    ,23.7445610495967    ,19.6559014815491    ,53063               ,mar                 ,2012                
20.7310524138666    ,1.20778651721721    ,198.260056547577    ,-3.13584602369469   ,2.19349287205754    ,26.4792670353816    ,38.0675462751574    ,87.8810810256259    ,272.447865973809    ,284.948545168542    ,157.18585843703     ,0.00362298138426378 ,4.70477732188396    ,17.917912364941     ,15.9967080297255    ,53025               ,mar                 ,2012                
13.619655014562     ,2.53012480108895    ,198.371796107162    ,-2.10689594978933   ,1.76637253447689    ,16.9302156066518    ,45.5322949250674    ,91.9477573694042    ,271.200743087638    ,282.656258122201    ,147.304706898598    ,0.00372160628133411 ,4.63393375076757    ,21.0503556743965    ,18.4171132002465    ,53043               ,mar                 ,2012                
15.257231500874     ,1.88374689005419    ,192.155919448143    ,-3.05524521878251   ,2.03247353951606    ,20.9635801968099    ,40.6925314715416    ,89.7424404475019    ,272.186501997061    ,284.785459506268    ,150.487426322361    ,0.00378021061397328 ,4.30470104152079    ,19.6173140648961    ,17.3616033512736    ,53001               ,mar                 ,2012                
10.7328993817208    ,3.69292442327659    ,200.67673013242     ,-1.59847237054039   ,1.86713582543992    ,12.7292424256423    ,46.1348846381982    ,90.4324694492695    ,272.214114620781    ,283.767177903467    ,138.037011006335    ,0.00395577986077432 ,4.61813234376274    ,22.7514732410062    ,19.2333131097797    ,53075               ,mar                 ,2012                
19.4630912170221    ,1.36764290681474    ,197.591731820686    ,-3.37509426367589   ,2.23964763375429    ,24.6496351870355    ,39.1320432245288    ,88.193671479237     ,273.627895625945    ,286.221697736792    ,151.303343058697    ,0.00392905492166568 ,4.33592409618735    ,18.5000416838502    ,16.4455147326732    ,53021               ,mar                 ,2012                
20.8829152788409    ,0.920413743840372   ,201.735947302585    ,-3.6092365271241    ,2.19812579639007    ,26.6930633302999    ,40.0376351291065    ,88.1893052477763    ,273.76883721247     ,285.892091308757    ,153.240701676871    ,0.00395468191868249 ,4.33191802962337    ,17.6870382090156    ,16.0194768960705    ,53005               ,mar                 ,2012                
9.65027609004737    ,4.45843718646225    ,212.298885210175    ,-1.28306223711242   ,1.90977989430359    ,11.1977663483654    ,46.9056758288271    ,88.4119869710639    ,272.297529819422    ,283.106498160312    ,139.413928046252    ,0.00388844233933456 ,4.74286110442713    ,23.6504478307459    ,19.4036648190826    ,53023               ,mar                 ,2012                
9.43576327096649    ,4.99053131197679    ,208.692287977876    ,-1.2237776475089    ,1.93285488857347    ,9.89435965415898    ,47.6861388562922    ,88.4635728820919    ,272.375891460154    ,283.087145982693    ,143.44144199064     ,0.0038967535286334  ,5.1451999359569     ,24.6765457558241    ,19.6489798365926    ,53013               ,mar                 ,2012                
14.2437504211374    ,2.87271358573762    ,207.846990464774    ,-1.94592589503381   ,2.17667408286353    ,16.8671216654657    ,43.2396486699034    ,87.7797303183511    ,273.924651983558    ,285.582820132996    ,140.113754871728    ,0.00404288370509449 ,5.0280947730887     ,21.4076891072991    ,17.9193277466557    ,53071               ,mar                 ,2012                
13.6508847895246    ,3.44555684251521    ,221.678838445575    ,-0.948423193319     ,2.11984108139662    ,15.9432440731934    ,44.4074436735203    ,87.0238227525374    ,272.623233231988    ,283.514822122544    ,140.150087067793    ,0.00380020597379197 ,5.41815926237389    ,21.5240545501871    ,18.3059136744581    ,53003               ,mar                 ,2012                
26.9753629880667    ,0.700772051711342   ,209.940183357451    ,-0.991664606582052  ,3.42000472286427    ,32.6894419868037    ,32.9111668379373    ,81.2080683520541    ,276.117619072845    ,289.619456994673    ,227.871422279406    ,0.00438959158808269 ,3.62233537935182    ,17.5337203795269    ,13.0950667769011    ,53017               ,apr                 ,2012                
15.1753618618638    ,2.13706386551004    ,209.061141895886    ,2.68539841492729    ,3.0108118888455     ,17.2248295437858    ,41.5179553322758    ,87.541893636516     ,275.656409414923    ,288.668203061306    ,206.377059617279    ,0.00495222726017765 ,3.95014756247628    ,22.4554131317525    ,16.1664264293427    ,53063               ,apr                 ,2012                
30.5238462994986    ,0.672956002858228   ,-778.30098263812    ,-2.75993660568174   ,3.70236121764058    ,36.6472802918833    ,29.9116430940169    ,82.3380091671243    ,276.795321185701    ,291.704019049738    ,230.993205684078    ,0.00453692234561385 ,3.67579899462238    ,16.1807324382461    ,12.8770740003719    ,53025               ,apr                 ,2012                
20.8121459923003    ,1.14999345011576    ,-1090.4972499462    ,-0.441822133656049  ,3.20613555977434    ,24.6412422649616    ,36.5393377452022    ,88.6774845259855    ,275.22495689908     ,289.4608398656      ,220.217871519224    ,0.00474920241966438 ,3.74589401895126    ,19.6941203118888    ,15.1890624808051    ,53043               ,apr                 ,2012                
22.4915505723489    ,1.13788296110224    ,211.51649288407     ,-2.12435873662617   ,3.43830562317041    ,28.316870436673     ,33.1189904907941    ,87.0993448971563    ,275.947093381399    ,291.166367626463    ,229.466848248078    ,0.00475125801412624 ,3.44330626265595    ,18.5092364125858    ,14.4937364759964    ,53001               ,apr                 ,2012                
14.5189167900833    ,2.03462647406961    ,209.586690418019    ,1.68362491579617    ,3.1666096506072     ,17.739766684919     ,40.8655587342954    ,87.6376887800927    ,276.292422103583    ,289.690931554458    ,217.245883783677    ,0.00511335350323797 ,3.77979594559763    ,22.0667166302251    ,16.1140860149159    ,53075               ,apr                 ,2012                
23.4391905926435    ,1.07596663795603    ,210.451538806817    ,-2.77040081818898   ,3.63259606422522    ,30.9162400562335    ,32.7600072221267    ,85.4515396670806    ,277.517074624086    ,292.378239546556    ,233.721367930877    ,0.00496068353666208 ,3.51982724793446    ,17.4136834434363    ,13.9840874525217    ,53021               ,apr                 ,2012                
26.7276191843097    ,0.830910412009063   ,204.248661567944    ,-3.27474697442685   ,3.64272555858779    ,33.6294743899998    ,32.7054970124299    ,85.5548592061451    ,277.775073397183    ,292.279676189836    ,233.306949294954    ,0.00499016726038215 ,3.5664719285932     ,16.5980180657122    ,13.7955442010533    ,53005               ,apr                 ,2012                
14.6343496728388    ,2.0669324473503     ,221.129592189433    ,1.69099835542418    ,3.15930834360745    ,17.8259343079098    ,42.514614331895     ,83.3541607605991    ,276.501467756504    ,288.747046985192    ,218.593215466928    ,0.00501116744816731 ,3.83962514142566    ,22.2159767291067    ,15.6397309945977    ,53023               ,apr                 ,2012                
12.6035602689413    ,2.55539006598385    ,226.720601118797    ,1.25609154622176    ,3.14775113394747    ,15.6671306517217    ,42.9076019248829    ,83.8335656011292    ,276.382676837914    ,288.708004475805    ,218.816100979018    ,0.00499917837048769 ,4.03306500432171    ,23.033485626467     ,16.0667595648641    ,53013               ,apr                 ,2012                
17.0971658704081    ,2.02875419621303    ,219.476032144397    ,-0.0872970785551924 ,3.47891195433411    ,21.9123307331696    ,37.9457102067425    ,84.8283184356483    ,277.851597161022    ,291.641508988378    ,222.287101581232    ,0.00522209884814014 ,3.89158225910773    ,20.5173853377986    ,15.2194710143536    ,53071               ,apr                 ,2012                
17.7746017769305    ,1.63489797518491    ,227.942374254027    ,1.62841870278628    ,3.35768111742616    ,22.5255973030888    ,39.6368554140819    ,80.7783800347878    ,276.710391101698    ,289.21824687206     ,216.929907484588    ,0.00482339038184466 ,4.17632028311128    ,20.3769347942659    ,14.5417118890442    ,53003               ,apr                 ,2012                
41.3710361227306    ,0.269205289910424   ,196.095145381831    ,-1.04787043855598   ,4.61715784964069    ,49.9005419654272    ,27.679852908844     ,70.3844642295867    ,278.669680846897    ,292.746938793175    ,286.016528117057    ,0.00432337144309864 ,3.72085888339544    ,13.2349026494001    ,10.025369127049     ,53017               ,may                 ,2012                
26.384401094938     ,1.0463399471068     ,209.366648449876    ,3.2168580002577     ,3.90170192326947    ,32.2979103529122    ,35.4477781044617    ,79.9464795415291    ,276.928910329583    ,291.347143315909    ,253.795167124988    ,0.00484282967947436 ,3.99875302749681    ,17.7433713534636    ,12.8943647542109    ,53063               ,may                 ,2012                
45.3067437238469    ,0.149447879278871   ,205.367348990576    ,-2.72251034287837   ,4.97968860726217    ,54.4020389946746    ,23.8310806027152    ,68.1574039984517    ,279.418254162333    ,294.836627920387    ,289.525725478798    ,0.00421961345165989 ,3.7476183743334     ,12.2970906798834    ,9.36821935880843    ,53025               ,may                 ,2012                
35.6722366966784    ,0.470559033568163   ,208.681709853429    ,0.0315843890276615  ,4.23101703741964    ,40.720481387902     ,30.6296352986256    ,79.6296445115424    ,276.954234017576    ,292.411842463079    ,272.298603479302    ,0.00464056754329254 ,3.82953625414955    ,15.6151626091905    ,11.8143722195118    ,53043               ,may                 ,2012                
37.6423279177582    ,0.270581441071208   ,204.697125298863    ,-1.72965364879728   ,4.60299385044621    ,45.440706376371     ,26.8933221579193    ,76.1030510079895    ,277.743770156157    ,294.171670375111    ,285.140213717175    ,0.0044850158390093  ,3.58982144490508    ,14.4683080858417    ,10.8401546859512    ,53001               ,may                 ,2012                
26.3465334132591    ,0.858159069389501   ,207.542077228467    ,2.38561979691188    ,4.16836792692514    ,33.332176470277     ,34.8965460664362    ,80.4050066563934    ,277.311147370601    ,292.308269954442    ,268.870867944243    ,0.00493171805232247 ,3.9181718831949     ,17.3039754504542    ,12.7455417340078    ,53075               ,may                 ,2012                
39.9579653046563    ,0.267754111433443   ,203.164277141562    ,-2.42407955725988   ,4.91261366306996    ,48.3193156815048    ,26.2722883010325    ,72.6998514407326    ,279.634902499746    ,295.338395251707    ,291.357408580354    ,0.0046059908286123  ,3.63530899820198    ,13.6706583759033    ,10.3015142786296    ,53021               ,may                 ,2012                
41.8242898356894    ,0.215349377901084   ,214.321493777548    ,-3.07973816009198   ,5.03187362891523    ,50.6337870983569    ,25.4937347642883    ,71.0226976644403    ,280.307477231289    ,295.458723133405    ,294.465106900035    ,0.00456007540002307 ,3.6623599241255     ,13.1081479340706    ,9.94487122696168    ,53005               ,may                 ,2012                
23.8652396590933    ,0.95522344684737    ,216.936817842551    ,2.01899029539732    ,4.07084585843595    ,33.0962788364114    ,37.4300808649554    ,74.1364630617185    ,277.789703259079    ,290.90064550884     ,265.334736198253    ,0.00478856164258197 ,3.96633701009422    ,17.232309062169     ,12.335272841787     ,53023               ,may                 ,2012                
23.5983006331269    ,1.06457146270878    ,213.665420994809    ,1.86100463686189    ,4.11560232273692    ,31.4765255696829    ,37.4178969092998    ,74.1059144430317    ,278.041340713746    ,291.093291393629    ,265.516959065542    ,0.00480822741336808 ,4.20809682356588    ,17.9804596348482    ,12.5174378946894    ,53013               ,may                 ,2012                
31.3236765555125    ,0.624411933262799   ,215.152947157473    ,0.657179443170708   ,4.6547370227872     ,39.047066708609     ,31.613136943419     ,73.4449594944379    ,279.90258787862     ,294.386728570369    ,275.713685279564    ,0.00495692808858839 ,4.01044563088178    ,16.0020717391498    ,11.3765492419261    ,53071               ,may                 ,2012                
27.047467901815     ,0.95741066259091    ,216.87882583417     ,1.66387103102793    ,4.21161387175539    ,37.3574064885529    ,35.1113163617069    ,71.0514162017341    ,277.966201757077    ,291.229843552825    ,260.563228564064    ,0.00459044170683771 ,4.25045975723462    ,15.8410725100674    ,11.6493516565071    ,53003               ,may                 ,2012                
30.0020371814944    ,1.43523169703587    ,215.442411253759    ,-1.20820826525161   ,4.89739099922527    ,42.3100517113575    ,34.0430934568407    ,81.8363620987692    ,281.382756630622    ,295.461840491282    ,266.544876959253    ,0.00619719699041889 ,4.02950802556267    ,13.4608523966488    ,12.2604243977907    ,53017               ,jun                 ,2012                
15.7674236601005    ,3.47227343085025    ,212.861728907066    ,3.67028491958417    ,4.24706841044151    ,24.5550126187103    ,42.6811454544918    ,89.3120968367433    ,279.964132257556    ,294.386791500567    ,249.394258983423    ,0.00700503940875203 ,4.2366365309665     ,18.4123147341256    ,15.4339911529479    ,53063               ,jun                 ,2012                
31.0286654968076    ,1.49433639829548    ,-768.235736815076   ,-2.51211829720511   ,5.22223225105179    ,44.8896118632473    ,31.6991899771345    ,82.5844837963981    ,281.836644205097    ,297.145443441983    ,277.328190800622    ,0.00629333900280653 ,4.02602503690539    ,12.6550729316012    ,11.9916391779343    ,53025               ,jun                 ,2012                
21.8105412986227    ,2.35349240442212    ,214.157149354484    ,0.203795055311259   ,4.41422474130146    ,31.7740260832065    ,39.5036840176336    ,92.288630779755     ,279.592593602292    ,295.118980824084    ,261.396616628157    ,0.00697625785815628 ,4.09761533898404    ,16.0029436645568    ,14.6515923659386    ,53043               ,jun                 ,2012                
26.5858401712966    ,1.91833177390931    ,225.035056307118    ,-1.54005207709164   ,4.82327532824609    ,37.4247121949364    ,35.1923523183311    ,90.3250659048159    ,280.099273088486    ,296.710396694704    ,276.269880796504    ,0.00673182695633051 ,3.85348084538805    ,14.6710649825554    ,13.5461398252216    ,53001               ,jun                 ,2012                
20.6566126023835    ,2.28507898181092    ,226.840664744059    ,2.46452534890642    ,4.43671119344936    ,28.7661166626799    ,42.3922090222976    ,90.6753674148859    ,279.928014529957    ,295.105776218788    ,267.358076894124    ,0.0070973234734151  ,4.1757929296587     ,17.1547665830874    ,14.800147821576     ,53075               ,jun                 ,2012                
28.6024813899016    ,1.558517833887      ,221.263397117028    ,-1.96453832991612   ,5.12461061240771    ,38.6567330426436    ,34.6094555994181    ,87.03317553887      ,281.792578770564    ,297.441790255033    ,288.935576479007    ,0.00678374243595709 ,3.9486955119402     ,14.4453193810047    ,13.1401484436867    ,53021               ,jun                 ,2012                
29.7340273339838    ,1.47257813492852    ,222.666603648169    ,-2.58420594374574   ,5.27585846473127    ,40.2834527421985    ,33.3580285697764    ,84.744286486383     ,282.340880658453    ,297.450860761232    ,293.336765656481    ,0.00659341515731654 ,4.04468907594563    ,14.0534555169487    ,12.7704498489463    ,53005               ,jun                 ,2012                
22.3992052356649    ,2.14756239334866    ,232.2988207436      ,1.92410494254489    ,4.53784366762169    ,31.3459913086941    ,42.4583242908028    ,83.0152514503116    ,280.580006844657    ,294.032017536045    ,270.587001178181    ,0.0066236376232134  ,4.19092196248333    ,16.4360577549747    ,13.8414822418497    ,53023               ,jun                 ,2012                
21.9639240221619    ,2.47761750698714    ,-2610.93900607044   ,1.809468183842      ,4.51354850533745    ,29.1359807218765    ,42.9338383751182    ,83.8333170459741    ,280.574414533845    ,293.973395284017    ,269.540204019863    ,0.00666987773723393 ,4.44780477239615    ,17.2646820764059    ,14.3146167334878    ,53013               ,jun                 ,2012                
25.5433900776271    ,2.07083375031144    ,227.044237144077    ,0.665913852411234   ,4.93689343897792    ,33.0549609090901    ,38.6009968589638    ,86.2860505220367    ,281.911774326728    ,296.719606328204    ,280.406524153712    ,0.0070131048770258  ,4.28725251532829    ,16.0627073141941    ,13.9267294056693    ,53071               ,jun                 ,2012                
24.8962228324872    ,2.01303908859001    ,233.386288425232    ,1.53776785303496    ,4.76824174333373    ,34.5682121727008    ,39.6730989438774    ,79.4955841277928    ,280.763237240831    ,294.564719452127    ,269.642834276817    ,0.00635772569693054 ,4.43705640075561    ,15.5531373990423    ,13.0631024042185    ,53003               ,jun                 ,2012                
36.145444809297     ,0.748851216173143   ,173.208622665014    ,-0.541650023165779  ,6.37053776966905    ,54.3845268210041    ,24.7515085227966    ,69.9683336372863    ,287.771532246283    ,304.173214530895    ,320.528494156026    ,0.00779170832658586 ,2.82192579536021    ,11.7743507499187    ,9.42763154762287    ,53017               ,jul                 ,2012                
28.2405967661909    ,0.98075489960052    ,188.707082227581    ,4.73049067243134    ,5.81592726443302    ,39.1087866830924    ,31.8290916924991    ,83.8025201565028    ,285.390002003346    ,302.765079633315    ,313.233449151018    ,0.00899419975493964 ,2.81792044452574    ,15.654631254965     ,11.98203780476      ,53063               ,jul                 ,2012                
37.7305040513034    ,0.623624519671887   ,196.915322465914    ,-1.18996104742398   ,6.6456666730053     ,54.7525687573435    ,24.0189457182095    ,71.8065792901931    ,288.2497751513      ,305.610914702432    ,326.096416413324    ,0.00799005321411444 ,2.88409722787757    ,11.7758957919995    ,9.50745229495544    ,53025               ,jul                 ,2012                
30.795505234547     ,0.813426285688445   ,184.091461873567    ,1.44503408625971    ,6.0521397600182     ,43.5522112003861    ,27.9484832331071    ,83.3883226893774    ,285.656974837708    ,303.778600762206    ,317.580686841315    ,0.00853416108057294 ,2.758661686929      ,14.4803472540654    ,11.5244573540203    ,53043               ,jul                 ,2012                
33.3146812826111    ,0.763202572649283   ,196.409512744173    ,-0.176500879306392  ,6.30643822296411    ,47.1687335964492    ,26.3541798410469    ,81.9327335124955    ,286.347540964976    ,305.279834742026    ,319.674984546298    ,0.00852754966987531 ,2.77160682923605    ,13.5013163788546    ,11.0960015326598    ,53001               ,jul                 ,2012                
28.2646713626724    ,0.723223602737828   ,203.661252936231    ,3.11569827285467    ,5.99055545361716    ,40.1824343356688    ,31.5856518779081    ,86.523305344844     ,285.474636309224    ,303.778884901593    ,315.833097388251    ,0.00925556446570528 ,2.89901134451381    ,15.0560129017984    ,12.2588750504814    ,53075               ,jul                 ,2012                
34.502336724757     ,0.65761989149503    ,197.629430762355    ,-0.706614676652811  ,6.46693903305394    ,49.3122945818653    ,27.2003943858608    ,77.8430126086062    ,288.189164139438    ,305.738399942933    ,321.749640577898    ,0.0087439846706163  ,2.88607290668168    ,12.8642989553825    ,10.5789363849252    ,53021               ,jul                 ,2012                
37.6982181304783    ,0.40689928431898    ,192.675090032535    ,-1.61268736051737   ,6.59040436546273    ,53.1183714299603    ,26.4571405918367    ,75.4906575216959    ,288.640175087076    ,305.703600415111    ,322.816500876919    ,0.00853667129553328 ,3.03987019590281    ,12.0599742896413    ,9.9244229568737     ,53005               ,jul                 ,2012                
31.1749084239922    ,0.609982120506488   ,211.252857675249    ,2.27596963784709    ,6.11784347659527    ,46.7371638822928    ,29.658410836833     ,72.8357452426208    ,286.718956102185    ,302.899993914828    ,314.895964286008    ,0.00835158248332896 ,2.91099718594642    ,13.5231534103381    ,10.2928412104866    ,53023               ,jul                 ,2012                
31.546021660726     ,0.658185043864064   ,207.717252066763    ,2.30821123266719    ,6.0947085015175     ,45.0849142066532    ,30.6054803514537    ,73.3916842250118    ,286.668099386469    ,302.69856936109     ,312.920651091009    ,0.0083732365825923  ,3.04587104000507    ,14.0904634203023    ,10.5213585623091    ,53013               ,jul                 ,2012                
32.1372406244466    ,0.654553252389792   ,195.006322897234    ,1.51960982092553    ,6.35816044892472    ,46.0815392008235    ,28.9116429586033    ,77.0483462686086    ,288.154290532178    ,305.202436453646    ,313.274657610861    ,0.00887994367636373 ,2.99640113909414    ,13.7017018885679    ,10.7261275053337    ,53071               ,jul                 ,2012                
35.5814232575857    ,0.605968478457462   ,207.669049428496    ,1.5730131439629     ,6.418418142356      ,50.8696936514621    ,27.1380615222025    ,69.2724766705439    ,286.789865025358    ,303.683575800174    ,315.157722884525    ,0.00796125885818442 ,3.11164004347424    ,12.7341665385161    ,9.6307165096697     ,53003               ,jul                 ,2012                
54.3616397109055    ,0.000162092942422851,199.335141395467    ,-0.0797981289780204 ,5.8704175691627     ,70.3645875594293    ,19.2312202031545    ,65.4027279761861    ,286.47374038159     ,304.023535827048    ,277.839630821499    ,0.00650374485553412 ,3.07525202174589    ,9.02756551242623    ,7.66366949994381    ,53017               ,aug                 ,2012                
44.6152807221318    ,0.112009001559563   ,208.987471670178    ,5.12384570550774    ,5.5466252280773     ,56.5981186545939    ,22.2622593297995    ,78.9755317507707    ,283.854530556644    ,303.056633276125    ,277.390959940818    ,0.00704251612446299 ,3.03050841740714    ,11.7471740685067    ,9.93883059513149    ,53063               ,aug                 ,2012                
53.6979231591733    ,0                   ,206.655066777732    ,-0.334033985610309  ,6.10304907791568    ,70.2508605037607    ,18.3497453291841    ,66.756999889733     ,286.709570184001    ,305.401656415206    ,284.324957634162    ,0.00657781544283721 ,3.03873849386468    ,9.00321769123828    ,7.77680567977436    ,53025               ,aug                 ,2012                
48.3635570447709    ,0.0130518615264175  ,213.792004558761    ,1.71349864870654    ,5.66982539732229    ,61.5335178062468    ,19.8784395841686    ,75.3696030497744    ,284.2788919491      ,303.805930755918    ,275.306710865474    ,0.00662405137130408 ,2.9741518872606     ,10.8747916835791    ,9.08150836330922    ,53043               ,aug                 ,2012                
47.5074710937621    ,0.026690250087527   ,215.446000263226    ,0.72246251139281    ,5.83216952315672    ,64.3606150872452    ,18.4272886269722    ,71.817990358661     ,285.196297097376    ,305.296450487203    ,279.165235198374    ,0.00654246012425602 ,2.79974890341158    ,10.1896477100402    ,8.51604036392792    ,53001               ,aug                 ,2012                
47.6853852564832    ,0.0373975633443872  ,229.697992507384    ,3.14628203621098    ,5.82057730162619    ,60.8848204322829    ,19.5654290948647    ,74.1978341997642    ,284.572151635186    ,304.431921099495    ,275.24473015512     ,0.00667867930567129 ,3.07407426253216    ,11.0184839699798    ,9.09882019538807    ,53075               ,aug                 ,2012                
47.1468191591741    ,0.0376555424987826  ,209.562763412892    ,0.504156739130998   ,6.00634440964564    ,66.034043003016     ,19.3143872994643    ,68.2391751627768    ,287.241734552502    ,305.936985085916    ,284.068588620321    ,0.00692641536801101 ,2.82961374655847    ,9.6776391933337     ,8.17173334191514    ,53021               ,aug                 ,2012                
48.9452910657192    ,0.0161815834016399  ,201.991661925151    ,-1.083500745146     ,6.08674168400146    ,67.6480266713395    ,19.4906654903556    ,68.3781626141237    ,287.568232950442    ,305.9278308907      ,285.718101826213    ,0.00700326796752987 ,2.9113940386161     ,9.27708418989573    ,8.17604559474511    ,53005               ,aug                 ,2012                
55.6189486343668    ,0                   ,230.834014779459    ,2.10179300004651    ,5.95140758073777    ,71.7655658370339    ,17.7200010956898    ,59.2604050413685    ,286.184568368082    ,303.596930288117    ,278.960428064033    ,0.00598174818640116 ,3.11021328272167    ,9.03841443115331    ,7.03200413129344    ,53023               ,aug                 ,2012                
54.164765784314     ,0.00423765812164182 ,227.161929530804    ,2.28117361025036    ,5.94367693634658    ,69.9123411379922    ,18.2857750589995    ,60.5491285982858    ,286.024771686664    ,303.509228544488    ,281.90218976663     ,0.00607166348187685 ,3.11024385323256    ,9.37893327493318    ,7.26912780143063    ,53013               ,aug                 ,2012                
48.7333260632987    ,0.02504104945624    ,-1917.41177305236   ,1.74323443197178    ,6.08940996934259    ,66.591927518627     ,18.961104293211     ,66.0542605930572    ,287.296380992202    ,305.799576742081    ,281.524175884528    ,0.00680208496839529 ,2.96233934271908    ,9.70914966291622    ,7.89726348302197    ,53071               ,aug                 ,2012                
58.9068252329044    ,0                   ,213.246297174772    ,1.17433410187744    ,6.15435063485289    ,74.4767857698208    ,16.7733953029991    ,57.3963011482729    ,286.243599173319    ,304.047918784526    ,280.215165979194    ,0.00580180877155649 ,3.25778501936765    ,8.57531040029748    ,6.71085790749126    ,53003               ,aug                 ,2012                
52.1028894940262    ,0.00100871897557782 ,202.973670751772    ,-0.640709098465306  ,4.01755640671688    ,71.487306803406     ,17.5681342238686    ,65.9596145701858    ,282.697301871822    ,300.289992375815    ,207.815414096253    ,0.00501836322719501 ,2.66111780088545    ,8.42037905931259    ,8.49876879375471    ,53017               ,sep                 ,2012                
48.0709217670599    ,0.00837259760320851 ,234.417047120687    ,4.35148187780332    ,3.90108523851953    ,61.6651253392027    ,19.6450169229459    ,74.5124523189896    ,280.65663114198     ,299.20380697975     ,202.585724126628    ,0.00523606472112721 ,2.88991256169635    ,10.4036884600631    ,10.1362306331066    ,53063               ,sep                 ,2012                
52.495260795742     ,0                   ,196.323535101157    ,-0.801415915944313  ,4.21994042800448    ,73.1431405027344    ,15.7299095868846    ,62.8736746582296    ,282.953739262499    ,301.51757010042     ,211.745715985481    ,0.00473046549979687 ,2.62310781963238    ,8.21476566142094    ,8.03763087102366    ,53025               ,sep                 ,2012                
49.796724351323     ,0.00129817653100644 ,231.315384228569    ,0.984585523036329   ,3.95887785636914    ,65.8224286148448    ,17.906343026643     ,71.4629555607373    ,281.0339238424      ,299.906724911297    ,203.355378598112    ,0.00495563254916897 ,2.73092297865174    ,9.6121958785334     ,9.46709773314786    ,53043               ,sep                 ,2012                
49.1673272601968    ,2.71572936913345e-05,212.041509399851    ,0.137287117263308   ,3.95061622185147    ,69.970751824511     ,16.0372990321863    ,65.5315789534233    ,281.862110406826    ,301.100553675436    ,205.028476627645    ,0.00466315987947554 ,2.40887745887525    ,8.86202904346907    ,8.47871619211341    ,53001               ,sep                 ,2012                
51.9813213361852    ,0.000667519050485948,245.741176460416    ,2.41078168324396    ,4.1470260405447     ,68.170560281043     ,16.7349475153474    ,67.4133419239568    ,281.394081418505    ,300.386002441406    ,203.904721081304    ,0.0047661246389388  ,2.87862294992045    ,9.28840994275785    ,8.8368256038591     ,53075               ,sep                 ,2012                
48.9648848846631    ,0                   ,224.252326733516    ,0.0156135088931292  ,4.07263723838024    ,71.7702348611294    ,16.1537794605585    ,61.5078976513789    ,283.489782605293    ,301.76827239599     ,208.381250142807    ,0.00477857162095368 ,2.45156516172947    ,8.43296798785527    ,7.97054947205079    ,53021               ,sep                 ,2012                
49.2035352180225    ,3.93594451674813e-05,192.221562770415    ,-1.41925539013138   ,4.13683583396661    ,71.8692890283859    ,16.286120587317     ,61.6495581886472    ,283.682012779943    ,301.693491556141    ,213.590051201815    ,0.00481120998373244 ,2.51050052935849    ,8.37297985922891    ,8.00906061686472    ,53005               ,sep                 ,2012                
59.0370912310993    ,0.000187921727666203,252.755724143587    ,1.09117785401596    ,4.28855481895601    ,78.3387600995492    ,15.5289318803675    ,55.8854056101655    ,283.0360924857      ,299.536067793631    ,208.994877633989    ,0.00438187983297737 ,2.9825255766912     ,7.43658886977604    ,7.11576185710188    ,53023               ,sep                 ,2012                
57.2034384655911    ,0.000674502756999217,244.055971829346    ,1.47364772213899    ,4.14806635548307    ,77.4326757900378    ,15.8125990326284    ,55.6832293081034    ,282.926831659181    ,299.401737318322    ,208.719636895145    ,0.0043571314612935  ,2.85442729221485    ,7.60780605703956    ,7.17592536312955    ,53013               ,sep                 ,2012                
52.2103855112381    ,0.000205208946695819,229.43971182557     ,0.979654915893304   ,4.24832868013925    ,73.4599908823566    ,16.0023708855557    ,59.3963193888264    ,283.652241102596    ,301.548782228713    ,205.395493554423    ,0.0046987568522642  ,2.71880091737279    ,8.16865558675957    ,7.67530310586862    ,53071               ,sep                 ,2012                
63.1678535159777    ,0.00061185209855546 ,252.762590619015    ,-0.279267345974335  ,4.59333190413287    ,79.4479710878247    ,14.9264901442829    ,56.2763022515606    ,282.713895863628    ,299.754915175241    ,211.117556810959    ,0.00430195720083422 ,3.35561799881232    ,7.24932091891621    ,7.07411986406702    ,53003               ,sep                 ,2012                
27.6927719833892    ,1.33627480866416    ,169.262503891714    ,-1.09043358539475   ,1.7746917219079     ,43.0042627374563    ,38.047213238557     ,83.0085125432182    ,275.769517359076    ,288.378242088685    ,117.778289106843    ,0.00462068032578839 ,3.52952263376193    ,12.2794178953876    ,15.2843049831281    ,53017               ,oct                 ,2012                
22.8409643675348    ,2.11044343665764    ,194.121144980423    ,3.46049215607609    ,1.74626805416707    ,36.0050643649723    ,38.9361842957089    ,86.2324720667512    ,274.679484696795    ,288.128627734835    ,118.858416332803    ,0.00475922953746523 ,3.9911267319454     ,14.1109619368781    ,16.4132493690295    ,53063               ,oct                 ,2012                
31.4313587912652    ,1.08597730694901    ,173.136918903388    ,-1.1524946197032    ,1.95768201447302    ,45.748068893083     ,35.1649100004787    ,82.263064482938     ,276.195176551271    ,290.018150819559    ,123.725515195529    ,0.00466090462684837 ,3.63185391099644    ,11.8403810637173    ,14.7950134086828    ,53025               ,oct                 ,2012                
26.8263713126829    ,1.4678191665079     ,183.942597391791    ,0.259909186432214   ,1.8107377590768     ,40.2937153867912    ,36.4404039512524    ,85.2615246853163    ,274.843795864473    ,288.776273980722    ,120.19476833251     ,0.00464138750619145 ,3.84594938772289    ,13.1688029033518    ,15.7098902488601    ,53043               ,oct                 ,2012                
27.9046637400846    ,1.33751495274794    ,180.061517384899    ,-0.377221176117915  ,1.86345050468723    ,43.1473900102315    ,34.617968419308     ,83.4595149017568    ,275.615800820345    ,290.141693724514    ,125.644923898316    ,0.0046975291787315  ,3.39102383990508    ,12.5385597290091    ,15.1575883682141    ,53001               ,oct                 ,2012                
26.7729664895566    ,2.10612239007706    ,185.224721668395    ,1.7770587200277     ,1.92149054065488    ,39.8933457144388    ,35.6743247069625    ,84.7764547655659    ,275.325489328229    ,289.698430150302    ,123.371020840495    ,0.00478729311098474 ,3.83299943166168    ,13.3458976505106    ,15.8512265702669    ,53075               ,oct                 ,2012                
27.0271071303867    ,1.28070316046994    ,194.682080551412    ,-0.417666523741224  ,1.90656813572048    ,43.7502187349069    ,36.1096296857072    ,82.1605432084417    ,277.254736214536    ,290.934954004785    ,126.580178490821    ,0.00498445702857678 ,3.40811874918251    ,12.1600019282206    ,14.9429063248575    ,53021               ,oct                 ,2012                
27.6006660406816    ,1.09593165505448    ,194.620655916829    ,-1.58845423123775   ,1.8665522597723     ,43.8334830032548    ,37.2759351530565    ,82.5607735671531    ,277.448779903266    ,290.720999353463    ,126.451367810565    ,0.00502137791040382 ,3.26874041657431    ,12.1560134025766    ,15.0264057818886    ,53005               ,oct                 ,2012                
27.187063439961     ,3.03531091340055    ,195.938823254355    ,0.351351103026181   ,1.98369615072539    ,42.002819354836     ,36.2776291715767    ,80.1065401128097    ,276.366233726323    ,288.793320072077    ,126.37837839824     ,0.00465501578506235 ,3.83993174230329    ,12.7676656041253    ,15.4854365459451    ,53023               ,oct                 ,2012                
26.0913607067926    ,4.11839490979432    ,201.624464434801    ,0.868163149602334   ,1.95463786791998    ,39.9828078809244    ,37.7852295301911    ,80.1151128787282    ,276.453310388746    ,288.753152492622    ,127.268565078539    ,0.00473516974949322 ,4.14219599874655    ,13.3652554735745    ,16.007936654351     ,53013               ,oct                 ,2012                
25.5827897992498    ,2.62947417704602    ,203.91329012835     ,0.34402211214388    ,2.01262634962508    ,40.7909461803815    ,36.6248370896416    ,81.5186116128277    ,277.405784933079    ,290.865497836221    ,123.238446906205    ,0.00502477307159599 ,3.94150297679427    ,13.0230257873175    ,15.6270237761222    ,53071               ,oct                 ,2012                
28.9705362353629    ,2.41013827754353    ,216.722728872063    ,-0.958237687311613  ,2.1234028839331     ,43.051295242844     ,35.4850981828884    ,79.2480289808632    ,276.321969686409    ,288.457757635905    ,129.118537957623    ,0.00449685146675796 ,4.27528347403744    ,12.4335468307169    ,15.0686093342285    ,53003               ,oct                 ,2012                
11.1389111907013    ,1.63193641182333    ,142.501275729362    ,0.310720856954165   ,0.646213208585609   ,14.4359734984582    ,57.6311645866833    ,92.0241962883564    ,273.1834056748      ,280.802522077672    ,56.2073032880408    ,0.00439277057774844 ,2.91061916658713    ,20.9211044830775    ,20.5695474454121    ,53017               ,nov                 ,2012                
5.17877978443979    ,3.67879593300783    ,179.31972453959     ,3.80464066922846    ,0.636458764291673   ,7.07392440611714    ,63.3411538227472    ,91.9327448163714    ,273.950813613474    ,281.263378052871    ,59.6856988636314    ,0.00480630824803785 ,3.21365712402802    ,23.8074876124373    ,22.1095253823618    ,53063               ,nov                 ,2012                
13.9033374945032    ,1.34505710926436    ,170.548123002038    ,0.162709061151154   ,0.723942540973507   ,17.1732410783959    ,55.454374829652     ,92.6039293836632    ,274.220073891035    ,282.75348724793     ,58.7937292408173    ,0.00471893560062863 ,2.96850616364019    ,19.9820078096616    ,20.2822575119921    ,53025               ,nov                 ,2012                
9.90508229585991    ,2.30594645800719    ,173.476658879829    ,1.09615237708592    ,0.631302157073158   ,11.280955032524     ,60.8482765313075    ,93.7412995474246    ,273.668441439851    ,281.41542888875     ,59.2020787698083    ,0.00476311418554222 ,3.18630215722413    ,22.1389815678744    ,21.6701816566425    ,53043               ,nov                 ,2012                
13.0437188957346    ,1.76942001148389    ,184.788042699163    ,0.645905606171122   ,0.701319933761313   ,15.7386595406282    ,56.7197608730968    ,92.4966577076297    ,274.628044039518    ,283.104648061787    ,61.4651004215594    ,0.00490330812407198 ,2.7160163328322     ,20.6652597625936    ,20.5701355615341    ,53001               ,nov                 ,2012                
10.5650704925201    ,2.47171419714011    ,185.366346450506    ,2.29137149778067    ,0.855037981361735   ,13.0877274913354    ,56.4259404281915    ,90.2360303005144    ,275.102315927543    ,283.272408671061    ,63.0223702718697    ,0.00492137917235274 ,3.35172058498158    ,21.8018838754542    ,20.4535451831818    ,53075               ,nov                 ,2012                
14.3018330465219    ,1.34446698585       ,185.562662694882    ,0.688589753764562   ,0.83189526718874    ,17.6274314059355    ,55.7977088759496    ,90.5534335288023    ,276.24271104079     ,284.465516326122    ,60.1831900356977    ,0.00513320382302388 ,2.80661527445683    ,19.9238369533343    ,19.7795536842102    ,53021               ,nov                 ,2012                
14.1029645396408    ,1.11668485854651    ,181.845295137484    ,-0.703735672091768  ,0.822254279706282   ,18.1744483182299    ,55.2262456955994    ,91.7675879290353    ,275.925483422214    ,284.524398436537    ,62.7652180571058    ,0.00511854647093221 ,2.67094125694483    ,19.5660639189169    ,19.7600955049902    ,53005               ,nov                 ,2012                
10.288055748821     ,2.60524168713925    ,187.307358333043    ,1.52247974440054    ,0.99898606015458    ,13.5294088001392    ,54.8950485355859    ,87.2183689895377    ,275.357370219418    ,283.28074398949     ,63.92637464393      ,0.00481430103924746 ,3.52082864714952    ,21.7353753200476    ,19.7391173089266    ,53023               ,nov                 ,2012                
9.16642104568282    ,2.97943225602829    ,197.487648687978    ,1.88030544537108    ,0.952929216528386   ,11.2589269092019    ,55.6086440437543    ,88.2751888654619    ,275.149430897764    ,283.188621523659    ,66.5093043891547    ,0.00485419095170816 ,3.64773478072143    ,22.8470122402251    ,20.2494977569913    ,53013               ,nov                 ,2012                
12.5482414292449    ,1.95387378215063    ,193.410264216271    ,1.54919897447918    ,0.977159387498165   ,14.3752074516132    ,55.1982943762286    ,90.1445231647026    ,276.467700749426    ,284.77105734807     ,59.9063664317454    ,0.00519088907287201 ,3.48618621569339    ,21.4347241825528    ,20.0249007066091    ,53071               ,nov                 ,2012                
13.9808237643718    ,2.03746019941902    ,198.266319661941    ,0.774232094966945   ,1.17974830026718    ,17.241329980541     ,53.11621551096      ,85.2478174228158    ,275.382201246275    ,283.414866964892    ,65.6447104275372    ,0.00461674607749756 ,4.06748001182456    ,20.3800577449102    ,18.7718857279079    ,53003               ,nov                 ,2012                
6.74395277660276    ,2.27695648179784    ,169.181005044339    ,1.23873912549083    ,0.392477655927629   ,6.29007082132879    ,70.9888000157537    ,91.8177869527702    ,269.627015166441    ,275.215089405536    ,43.6696216470148    ,0.00330751906894859 ,3.3512481284752     ,24.1954510483138    ,22.1245310459068    ,53017               ,dec                 ,2012                
3.24360069118614    ,2.77431852607983    ,189.551645362027    ,4.32904010304564    ,0.388727516065294   ,1.83281268010845    ,76.2080669186639    ,93.1164586350307    ,270.906421467357    ,276.096251538556    ,42.3450214425602    ,0.00371265750464001 ,3.81101974984433    ,27.1225155473842    ,23.192831595787     ,53063               ,dec                 ,2012                
8.47845978453565    ,1.76557374181797    ,173.80192855821     ,1.32682598070999    ,0.485300446737123   ,8.58198785511516    ,67.326927794922     ,93.092953141356     ,270.938222247489    ,277.425474178261    ,46.1732016930705    ,0.0036038913124662  ,3.52773310254435    ,23.0789895624885    ,21.5585758638992    ,53025               ,dec                 ,2012                
5.82164328266632    ,2.15780118526498    ,181.354768980356    ,2.1198259786945     ,0.396005243937901   ,4.3617142475062     ,73.5107773176146    ,93.7470747790644    ,270.467515174301    ,276.169148959673    ,43.577286017273     ,0.00363464384686495 ,3.77406575011657    ,25.1479775473535    ,22.6197142934837    ,53043               ,dec                 ,2012                
6.50396719779873    ,1.66061771225109    ,167.533672007767    ,1.7290246314169     ,0.482115254816544   ,6.95726669330612    ,68.6439397445722    ,93.9540519900172    ,271.441766063031    ,277.953327411407    ,42.4426892858066    ,0.00380376019024085 ,3.33210866062438    ,23.6807552824048    ,21.8297334395029    ,53001               ,dec                 ,2012                
6.50074894733522    ,2.10961185149001    ,171.205044891357    ,2.56897431186017    ,0.581905866359379   ,6.49047161586998    ,68.0424713610481    ,91.8532648114971    ,271.768944430482    ,277.818246116489    ,40.4590590530096    ,0.00377212828418751 ,4.07865874242783    ,24.2219064455967    ,21.3893514268539    ,53075               ,dec                 ,2012                
9.68406916185831    ,1.39185694296391    ,172.077059367253    ,1.23752525609273    ,0.655467580546601   ,10.9381344385321    ,65.2345248704079    ,92.1446845362737    ,272.902992901924    ,279.639269792606    ,42.2247568135384    ,0.00396940665716568 ,3.63016022924429    ,22.106166037046     ,20.5945342401358    ,53021               ,dec                 ,2012                
11.245163619389     ,1.39847977524678    ,185.266822231827    ,-0.123374867875724  ,0.68128288409432    ,12.254670981356     ,61.9369441368171    ,91.9333141729441    ,272.862171904434    ,279.986602453649    ,46.6911635488213    ,0.00392339818797963 ,3.46711304060512    ,21.9227790085757    ,20.3199300121744    ,53005               ,dec                 ,2012                
7.34102860817504    ,2.45342038392897    ,187.736284193588    ,1.84522771983413    ,0.659353549559032   ,7.80324326753662    ,65.2130788352919    ,90.0190577880196    ,271.125011155028    ,277.268011202921    ,44.1166277383919    ,0.00356505262327051 ,4.41129994554673    ,24.1110345044738    ,20.8204163719161    ,53023               ,dec                 ,2012                
5.34277998841454    ,3.35078648364409    ,201.546710657782    ,2.0929399295003     ,0.696228358021655   ,5.76116519842659    ,64.7512725617041    ,90.5370135688449    ,271.174855606052    ,277.499117850259    ,46.2747213542565    ,0.00361789793776101 ,4.89991342463835    ,25.4022956353832    ,21.3532453368055    ,53013               ,dec                 ,2012                
9.30327274351908    ,1.77343087058646    ,202.853678341997    ,1.70231571115129    ,0.825805435986397   ,9.95954799483503    ,62.4058193434222    ,90.360873432728     ,273.247477445111    ,280.077011013289    ,41.4075739608548    ,0.00397244089079243 ,4.59242219891005    ,23.03810233708      ,20.1711496895891    ,53071               ,dec                 ,2012                
12.847938601524     ,1.54086977258651    ,210.562173208529    ,1.47361464423202    ,0.698401549911815   ,12.2554875985972    ,65.5233097925673    ,88.5336959968808    ,270.698232092939    ,276.587073919663    ,46.8131600034208    ,0.0033790554312554  ,5.00371167755475    ,22.0949532954362    ,19.6937382981145    ,53003               ,dec                 ,2012                
