bi,pr,th,pdsi,pet,erc,rmin,rmax,tmmn,tmmx,srad,sph,vs,fm1000,fm100,countyfips,month,year
12.7013552340152    ,0.514127368598324   ,195.919816069806    ,1.79476010017532    ,0.30159817404567    ,10.6735581055521    ,62.9582649683208    ,94.5912477131585    ,264.555181657363    ,272.698585804126    ,73.5986306660901    ,0.00243400271758598 ,2.30542911438722    ,23.986376585188     ,21.1551227260285    ,53017               ,jan                 ,2013                
6.92960606209612    ,1.59789972510311    ,171.44653873049     ,4.33577389002088    ,0.376606659641567   ,5.19110849014251    ,70.0571598180522    ,94.1061331439175    ,267.063556008741    ,273.870308820775    ,55.4049292114719    ,0.00289009348822644 ,2.7197838660864     ,25.5641286638464    ,22.2999314832645    ,53063               ,jan                 ,2013                
14.1340928371696    ,0.351623522163759   ,173.607696335011    ,1.7125024782723     ,0.352381818958485   ,11.90849042568      ,64.6765544045722    ,95.254919249529     ,266.357975445006    ,274.009216313993    ,66.9513726031126    ,0.00270674368668399 ,2.31689528865642    ,23.2289176081447    ,21.1926191636693    ,53025               ,jan                 ,2013                
10.6813132605282    ,0.87470057651209    ,166.701989802599    ,2.53582599567058    ,0.321468690781308   ,7.81320984457698    ,68.2113323051611    ,95.9094619057876    ,265.292342895301    ,272.792463947108    ,62.3803626907846    ,0.00262375359321607 ,2.59851636549958    ,24.7355820202591    ,22.1854283464029    ,53043               ,jan                 ,2013                
12.1553446724384    ,0.601479830828598   ,181.195126060417    ,1.77408086734861    ,0.371011714848628   ,10.1878557615278    ,66.8969615037521    ,95.4027987465267    ,267.476918350362    ,274.698161756941    ,59.6716686472323    ,0.0029384734110755  ,2.17455585153137    ,23.6886062773685    ,21.5514224963264    ,53001               ,jan                 ,2013                
10.3225087204559    ,1.2099875205382     ,164.1821026122      ,2.21988175147304    ,0.502485443836173   ,10.1710601542158    ,64.3322882165493    ,92.4513641539832    ,268.648078802062    ,275.609557357296    ,54.5744631252253    ,0.00306598225036774 ,2.84208912332325    ,23.388316898165     ,20.8373499720825    ,53075               ,jan                 ,2013                
14.8940399912983    ,0.427679004984221   ,205.162302898473    ,0.943414370481593   ,0.472493349040671   ,13.640206642985     ,65.0037174612949    ,92.802014365563     ,268.986618481203    ,276.244951461148    ,58.8653202920634    ,0.00313427979516549 ,2.41033727744081    ,22.2647639859107    ,20.4320494292096    ,53021               ,jan                 ,2013                
16.3006065585363    ,0.306205891185099   ,199.481934550519    ,-0.396589982166291  ,0.505143862696925   ,15.9274832336564    ,61.185325624561     ,91.7509547002581    ,268.804022088354    ,276.480261480656    ,63.7165503368097    ,0.00306488765647569 ,2.3336246213793     ,21.5862957999369    ,19.7194981975486    ,53005               ,jan                 ,2013                
10.8844233550605    ,1.40575040201223    ,185.273788221325    ,1.43845332227262    ,0.596997558012936   ,13.3033396366338    ,60.1997798720191    ,87.9424710225017    ,269.15523428316     ,276.082737874708    ,56.8467925059678    ,0.00305402031963679 ,3.1010259762481     ,22.2393607466523    ,19.4014479865103    ,53023               ,jan                 ,2013                
9.35084070266048    ,1.9870902946764     ,203.807791502607    ,1.69362717705663    ,0.571829133580699   ,10.6821527358417    ,61.4383032373068    ,89.2134951401594    ,268.796376485233    ,275.721435786542    ,62.1994757012044    ,0.00304579391639527 ,3.41941349424033    ,23.5181447123982    ,20.2361895115547    ,53013               ,jan                 ,2013                
11.8244480158974    ,1.03003175692658    ,210.998294378121    ,1.1842174058563     ,0.568931103518163   ,11.8739627643042    ,63.7996635266936    ,92.0282246169224    ,269.337099460989    ,276.423770859521    ,58.3111463419696    ,0.0031705602655355  ,3.30293987073549    ,22.6658676596661    ,20.6201446512194    ,53071               ,jan                 ,2013                
13.7327294625589    ,1.0263345516869     ,216.839802508694    ,1.23403386456253    ,0.704313093313058   ,17.259335050485     ,59.3840672731231    ,85.3494727226996    ,269.318451815166    ,276.10818141922     ,59.5651019781035    ,0.00297379502323234 ,3.8638030032649     ,20.4757054575702    ,18.348512698264     ,53003               ,jan                 ,2013                
18.7437778816895    ,0.212742424920391   ,217.502690573403    ,1.19575190397527    ,0.752409268428081   ,18.1625688672066    ,56.9238011448669    ,93.3864636448745    ,268.319065149812    ,276.751508681187    ,107.721002456083    ,0.00300400174740368 ,2.62842145785087    ,20.982646040977     ,19.2426617905228    ,53017               ,feb                 ,2013                
13.0097948462353    ,1.05252809614862    ,225.380557732327    ,3.88453486504405    ,0.828735118598406   ,12.6095123717798    ,59.3195012838386    ,92.4741394582956    ,270.037923918048    ,278.06519115877     ,85.7506180621208    ,0.00339942686781922 ,3.13305430927589    ,22.9100345031003    ,19.7622490486165    ,53063               ,feb                 ,2013                
21.7674243702344    ,0.184101974326494   ,221.510578328619    ,0.980653939960498   ,1.08504011700517    ,22.2654215976008    ,48.3041349262443    ,90.2944753467025    ,270.837892871577    ,280.821141078348    ,100.678813676418    ,0.00330051926956601 ,2.80149492718713    ,20.0449492558389    ,17.690654117185     ,53025               ,feb                 ,2013                
16.920346300715     ,0.434591813318424   ,228.946614620834    ,2.06173355430483    ,0.768758120061623   ,15.5055756972912    ,60.0148018421754    ,93.2295488324378    ,269.239929846924    ,277.156121502059    ,93.8835448682247    ,0.00321206427983031 ,2.8764978454528     ,21.9022395902634    ,19.6865398445676    ,53043               ,feb                 ,2013                
20.7300829701964    ,0.440310769431168   ,220.643632642861    ,1.00095142472496    ,1.11852924279012    ,21.0597154566171    ,48.2597477505356    ,90.5216119274759    ,271.708520157729    ,281.647240408024    ,91.7194323647086    ,0.00353010344422738 ,2.89754466741753    ,20.4190156774056    ,17.8798116565092    ,53001               ,feb                 ,2013                
16.3924394332661    ,1.0476670186998     ,220.531131520952    ,1.65467088687361    ,1.10983409548632    ,17.0484846085861    ,52.2048803731774    ,89.8227059353099    ,271.91377507314     ,280.587644868738    ,86.2284326559756    ,0.00361006824641113 ,3.53416603013748    ,21.3193289924269    ,18.4302943303405    ,53075               ,feb                 ,2013                
23.7237653546281    ,0.276111950545193   ,202.709811421279    ,-0.201814835786055  ,1.39019798837029    ,24.0638909299295    ,44.095665877992     ,89.3135625346676    ,272.813114183028    ,283.913529616136    ,96.8628627074944    ,0.00369414734531956 ,3.3649381402839     ,19.4307450842071    ,17.0386009876545    ,53021               ,feb                 ,2013                
25.2743275902177    ,0.119186688746725   ,205.367312260432    ,-1.34826246310297   ,1.41668073003222    ,25.8785331191799    ,42.8043230446536    ,88.7816559639606    ,272.504563206651    ,283.727707215516    ,100.224149509093    ,0.00358956614013992 ,3.40101873765078    ,18.8648803872973    ,16.6600634862786    ,53005               ,feb                 ,2013                
14.506360140858     ,1.30792517648694    ,223.955192156354    ,0.789511586838319   ,1.08672366154437    ,16.7330097313718    ,53.8070554547111    ,88.4262049454128    ,271.396278161334    ,279.201329414889    ,91.4645579379538    ,0.00345770955039168 ,3.80432096267815    ,21.0981729633531    ,18.3952628984426    ,53023               ,feb                 ,2013                
14.4917173706602    ,1.73064283325588    ,219.638249115527    ,0.961615501638066   ,1.15975616244277    ,15.1010698426992    ,53.5122428368345    ,88.6351879236853    ,271.446210936815    ,279.594775617167    ,98.8799959245509    ,0.0034886801439646  ,4.32526867249918    ,21.9656356208433    ,18.639629716916     ,53013               ,feb                 ,2013                
20.9174667846035    ,0.795954388020069   ,213.865647360284    ,0.132175588864217   ,1.41452015412844    ,20.670617009293     ,47.4442599788914    ,88.1105117526481    ,273.021145806218    ,282.874974409185    ,93.2626349912149    ,0.0036990547166141  ,4.19522122516103    ,20.3549400320175    ,17.3990147878069    ,53071               ,feb                 ,2013                
18.4522293147255    ,0.86210437861346    ,228.587099258296    ,1.07207787643728    ,1.10140885699373    ,19.0740989254403    ,54.4721724059709    ,88.6317837628632    ,270.811638813198    ,278.366898175698    ,93.6756266478577    ,0.00328370085202412 ,4.31305148319669    ,20.0565088155744    ,18.106407949027     ,53003               ,feb                 ,2013                
27.0801371935191    ,0.592835736089702   ,192.125010284856    ,0.570230670055535   ,2.07675239356712    ,30.0413801915728    ,37.7009248800686    ,82.8880608773171    ,272.798954572214    ,284.350356617841    ,174.785982142074    ,0.0035881178347474  ,3.36142630626736    ,18.1689002527775    ,14.7897241652276    ,53017               ,mar                 ,2013                
22.0421731580249    ,0.968234385134648   ,202.005254265046    ,3.3902069432878     ,1.89733658296324    ,23.428307700454     ,42.0081834122648    ,85.4302302122186    ,272.593930502244    ,284.056337714324    ,148.192458605998    ,0.00383174550638837 ,3.78566723249042    ,20.1377122974218    ,16.0015894598745    ,53063               ,mar                 ,2013                
30.2117744156611    ,0.463098052882738   ,192.034860013798    ,0.171952392020598   ,2.34952382305472    ,34.1984922361028    ,32.8477602337669    ,81.9977888785676    ,273.875144548614    ,286.928007643832    ,172.398944863285    ,0.00372287130735251 ,3.43649503258789    ,16.9781274081275    ,13.9793464839265    ,53025               ,mar                 ,2013                
25.5589030299068    ,0.732848756862518   ,200.404856402307    ,1.6795284510868     ,2.00403309627405    ,26.988104397416     ,39.4073913100502    ,85.2414555697566    ,272.744291720962    ,284.523315831451    ,165.875435974464    ,0.00377140588107574 ,3.55738567376267    ,19.1867200508708    ,15.5151295730576    ,53043               ,mar                 ,2013                
27.5516741242511    ,0.453848566024964   ,200.972038569452    ,-0.243887913427133  ,2.23941022310551    ,32.0464536397313    ,34.5850923671135    ,83.0097296053936    ,273.786869541644    ,286.802422278535    ,169.911774737126    ,0.00382408155913214 ,3.28356695940958    ,17.4646906418593    ,14.3746962628398    ,53001               ,mar                 ,2013                
22.6757552820455    ,0.696260703832646   ,206.132106339456    ,0.973040939188909   ,2.13340348251631    ,26.8722215077004    ,39.5139309132846    ,83.345034727064     ,273.847011604092    ,285.61525296119     ,159.916143086558    ,0.00394120218815455 ,3.84014894330298    ,18.7476199150447    ,15.1150936886753    ,53075               ,mar                 ,2013                
29.1185141996474    ,0.383041054945874   ,198.832358322901    ,-1.50423135566406   ,2.43689991314121    ,34.4926259147322    ,32.7799565375591    ,81.9859667113046    ,275.08265838623     ,288.350623486237    ,169.263498533452    ,0.00396303181145363 ,3.36948716603497    ,16.5930964830791    ,13.8941770638781    ,53021               ,mar                 ,2013                
29.881613048485     ,0.391952572799657   ,191.802484370707    ,-2.26148247007552   ,2.43377848167778    ,35.0714423111728    ,33.2020103793537    ,83.3196740642853    ,275.138388396174    ,288.181022696469    ,169.535080507617    ,0.00401963173887269 ,3.39066373295037    ,16.2305576811767    ,14.0760611114804    ,53005               ,mar                 ,2013                
18.9300503202441    ,1.07188530749655    ,214.219365099489    ,-0.0511876280182359 ,2.05968957239558    ,24.3479651262544    ,42.3564996593248    ,83.4154484320251    ,273.430124715821    ,284.229266742025    ,159.334313905686    ,0.00385902130262013 ,4.02022382378745    ,19.3153368822441    ,15.5873294850194    ,53023               ,mar                 ,2013                
17.5198443692553    ,1.52918161674541    ,215.788100753034    ,0.0384482021962031  ,2.07205765469516    ,21.6612948691335    ,43.1442304176971    ,83.9703573253666    ,273.519503121359    ,284.453905015071    ,163.835364531311    ,0.00393456079137289 ,4.10426499718368    ,20.5234208665895    ,16.0978027252586    ,53013               ,mar                 ,2013                
25.0253582568485    ,0.761243872276104   ,205.409254316705    ,-1.09173582893037   ,2.36508587203625    ,29.7129169004009    ,37.4329473006266    ,81.9507131443979    ,275.399636849624    ,287.62532047859     ,159.510941258072    ,0.00412709640790634 ,3.87754628179488    ,17.8637371493424    ,14.5650835913871    ,53071               ,mar                 ,2013                
23.2288095655232    ,0.71681492704278    ,220.264199082869    ,0.51489588857114    ,2.12948002127835    ,27.9441662314084    ,41.6920394755993    ,83.2188633334252    ,273.314479575484    ,283.974568520823    ,160.644990796618    ,0.00374676068517907 ,4.39227023221814    ,17.9142543979328    ,15.113154499565     ,53003               ,mar                 ,2013                
32.3768184216303    ,0.73124546348406    ,227.685303765337    ,0.627630765177477   ,3.0453915464214     ,36.1600248928019    ,37.0608870413747    ,83.5056684057025    ,274.716065851505    ,287.137074312688    ,220.254620191672    ,0.0040381444013332  ,4.14703870470847    ,15.8193849812514    ,13.6850459164579    ,53017               ,apr                 ,2013                
23.1332936772943    ,1.49828726895674    ,220.448910072582    ,2.93952602552667    ,2.70093479575599    ,27.1285683298546    ,41.1568145431163    ,86.6319824083477    ,273.36931068861     ,286.119642591235    ,195.648821440197    ,0.00414174058873974 ,4.5270794808925     ,18.121624847072     ,15.3455701326527    ,53063               ,apr                 ,2013                
36.4557370973316    ,0.433193354748103   ,234.438321742744    ,-0.217207122668039  ,3.38703075545289    ,41.4436955236357    ,31.8959145261775    ,82.2461398430963    ,275.392679743328    ,289.415663689073    ,224.368012440488    ,0.00402970019228374 ,4.15707456496414    ,14.46756808643      ,12.7735481949713    ,53025               ,apr                 ,2013                
29.3513656129131    ,0.755380385964753   ,231.746097871208    ,1.49393624767426    ,2.86643476558282    ,32.7344078233153    ,38.0610038340803    ,87.398619416752     ,273.426381523721    ,286.957490611171    ,212.861815418131    ,0.00411727357875814 ,4.2723035873737     ,16.7096802648515    ,14.4923127976314    ,53043               ,apr                 ,2013                
30.7449118275355    ,0.566330938197765   ,227.84482770335     ,-1.05035476590068   ,3.18914187349016    ,37.3543092458956    ,33.1765884353871    ,84.8624070964547    ,274.303430629027    ,288.905128989088    ,222.220891475586    ,0.00403407937306697 ,3.94100228300978    ,15.3229195623935    ,13.5264694911133    ,53001               ,apr                 ,2013                
22.4252545863881    ,1.37951271483361    ,-1043.84180763334   ,0.0321374090534507  ,2.87475832064012    ,28.7357667299158    ,40.281522702535     ,85.5016022934259    ,274.293510147394    ,287.124883975758    ,204.396755929984    ,0.00421872896933015 ,4.36179955281931    ,17.4866078154994    ,14.9843251204397    ,53075               ,apr                 ,2013                
32.6132153347211    ,0.539279543333329   ,220.176191624372    ,-2.01898024938045   ,3.45308999373363    ,39.3331808041304    ,32.6526466763325    ,82.9119060584826    ,276.188414862217    ,290.295114292243    ,226.627221826407    ,0.00424890546934106 ,4.08926228299355    ,14.7546325297233    ,13.084497662691     ,53021               ,apr                 ,2013                
33.8675559465231    ,0.477796647081949   ,218.092765959339    ,-2.60461952324215   ,3.53637045055804    ,39.9084909306475    ,32.4631206605091    ,82.5655443274293    ,276.679252553786    ,290.426684498082    ,230.658030559984    ,0.00430122207064013 ,4.20621406629358    ,14.710242838173     ,12.9648850032799    ,53005               ,apr                 ,2013                
18.1262089653292    ,1.72698061755602    ,245.16659676846     ,-0.649998666037464  ,2.74058615734365    ,25.2166037223354    ,44.7377073491335    ,84.0412584802379    ,274.531751508693    ,285.712823511601    ,203.568743806448    ,0.00424835536889028 ,4.51840266269433    ,18.419204250083     ,15.4567423249871    ,53023               ,apr                 ,2013                
18.3871581099212    ,2.2262473138267     ,237.586543155424    ,-0.570808723607925  ,2.77404079356119    ,23.199794476298     ,45.0395288277671    ,84.5152650243949    ,274.629589793154    ,285.96429320863     ,205.155697322266    ,0.00429860007171852 ,4.83988140822497    ,19.4390727718047    ,15.857889022461     ,53013               ,apr                 ,2013                
24.5997611897425    ,1.29654451279944    ,226.752289451041    ,-1.52715774043779   ,3.29059099381371    ,31.6223394831791    ,38.2556995207055    ,82.7951526455763    ,276.533009735356    ,289.441157436629    ,214.065821638857    ,0.00449048299418111 ,4.68933080759475    ,16.7069718103745    ,14.1977446819709    ,53071               ,apr                 ,2013                
22.6128578661712    ,1.45714335934669    ,253.794245229382    ,0.0679033999607463  ,2.8526658209861     ,28.2121986519681    ,43.5631267308609    ,83.3593195379215    ,274.615193528967    ,285.755969060076    ,201.493591181437    ,0.00417583115974446 ,5.03423735666159    ,17.4056513915097    ,14.9048986489465    ,53003               ,apr                 ,2013                
32.9774891840314    ,0.859197194738633   ,196.428991841312    ,0.532623605773368   ,4.66645617745626    ,49.2759052958554    ,30.5322398383994    ,74.1871474624022    ,280.836827083024    ,294.732932521036    ,282.784013152962    ,0.00529780020174839 ,3.10387074284507    ,12.301462602578     ,10.8451394067517    ,53017               ,may                 ,2013                
27.7793990237209    ,1.35718916325736    ,230.627475664842    ,2.49616472693321    ,4.46781000861678    ,41.1324656157648    ,32.8369789802393    ,77.1412428160113    ,279.253677779593    ,294.234552800275    ,276.552354871157    ,0.00544811803381388 ,3.276307991865      ,14.3593517520028    ,11.8290819734648    ,53063               ,may                 ,2013                
37.4165228041527    ,0.820413547372554   ,198.138695681033    ,-0.618006492744153  ,5.04542162465186    ,54.2606599323169    ,26.3157906307325    ,72.0847157024301    ,281.411218978721    ,296.691802641971    ,288.783919093083    ,0.00509584383967672 ,3.18051935705035    ,11.3043317733497    ,10.2032317710863    ,53025               ,may                 ,2013                
32.2158081234717    ,0.952208446367883   ,222.198584307313    ,1.12690903969419    ,4.51550764561764    ,46.3010497385786    ,31.1669725801646    ,79.1036112420654    ,279.392893048832    ,294.688453006473    ,283.316015134426    ,0.00542163434816988 ,3.12995922172654    ,13.068449382061     ,11.6157565133402    ,53043               ,may                 ,2013                
34.1684513691448    ,0.841238633153542   ,206.589031270608    ,-1.50027589042384   ,4.83771742515218    ,50.3836957038755    ,27.2438563073956    ,76.4141738689566    ,279.865666692783    ,296.277423330107    ,292.404684666708    ,0.00515617038027457 ,2.94004360107168    ,12.1799450624958    ,10.8505575615461    ,53001               ,may                 ,2013                
28.1806306115862    ,0.930029721366387   ,231.623730617863    ,-0.753018889181754  ,4.57853920457938    ,42.9682045357865    ,32.9160233804171    ,77.2242666702705    ,279.539988600208    ,294.764375108867    ,287.147125860862    ,0.00547851417503502 ,3.11479889543957    ,13.8211099775195    ,11.6390282542249    ,53075               ,may                 ,2013                
34.3187267499881    ,0.678423268076208   ,204.541991370606    ,-2.41577922885235   ,5.13883210098181    ,51.7815587741861    ,26.6502714473024    ,75.2650332226055    ,281.22810668188     ,297.328498476847    ,295.943679039058    ,0.00526557489290773 ,3.08575362768718    ,11.7184554585156    ,10.5208358782397    ,53021               ,may                 ,2013                
35.3470301895702    ,0.859409665715537   ,210.838983709427    ,-2.95555170718029   ,5.20401292237236    ,51.3280112223216    ,26.8157854733701    ,75.5588521305717    ,281.619158173044    ,297.247760964204    ,293.423192025141    ,0.00528893378807833 ,3.26628115831793    ,11.8511273186042    ,10.779109692842     ,53005               ,may                 ,2013                
26.587411172164     ,0.951383678119781   ,242.229608653853    ,-1.34633504081032   ,4.40929835416157    ,41.2465956393093    ,36.3161577164733    ,73.7535804686626    ,279.663652383739    ,293.062524418343    ,285.044260542084    ,0.00541003756248901 ,3.11278184627966    ,14.2631418236366    ,11.5762855017312    ,53023               ,may                 ,2013                
24.7034427800345    ,1.09136475985053    ,229.559860061983    ,-1.24626959621074   ,4.40520415868213    ,39.5751966828532    ,36.8235488702187    ,74.2273452918567    ,279.836087760803    ,293.086667061335    ,282.03538541789     ,0.0054386206091333  ,3.2791134456468     ,14.6898030003388    ,11.8064387650772    ,53013               ,may                 ,2013                
30.8045065782528    ,0.903121995255292   ,222.009755184355    ,-1.99337871820946   ,4.9486044241536     ,46.2159624911968    ,31.0250863755059    ,74.7782920489247    ,281.400164844544    ,296.426606289083    ,286.620473343964    ,0.00556576187095763 ,3.29442953156762    ,13.0902638980606    ,11.0594376843025    ,53071               ,may                 ,2013                
29.0393358659037    ,0.912214361062773   ,255.981352217539    ,-0.716436750733649  ,4.53236227535713    ,43.564763465937     ,34.4559282770375    ,72.5323088034928    ,279.615194641789    ,293.253681018489    ,279.121430284084    ,0.00523900231592092 ,3.36437202103424    ,13.6186240265615    ,11.1665949917468    ,53003               ,may                 ,2013                
35.5600819292094    ,0.792759986624778   ,196.41169886422     ,0.492883123394779   ,5.5048729645167     ,49.8191157474672    ,29.5639569882755    ,76.9155703101625    ,283.881945252397    ,298.815915617553    ,293.593083173781    ,0.00679997229653261 ,3.18687051882213    ,12.4857431446446    ,10.579626930092     ,53017               ,jun                 ,2013                
28.0388012701496    ,2.27569122866415    ,218.722133433952    ,2.1926302352454     ,5.03615623457695    ,39.2689917134417    ,33.7067455256964    ,81.4226847871821    ,282.027349383539    ,297.799640745957    ,277.313381093034    ,0.00702946318128064 ,3.23451943363704    ,15.035170660531     ,12.574227720336     ,53063               ,jun                 ,2013                
35.9561876800277    ,1.01835686291394    ,-777.949176902934   ,-0.126872935340303  ,5.98393516990196    ,50.8918532336071    ,26.6549025865679    ,75.2084121835442    ,284.834267833275    ,300.701609040701    ,304.857583231348    ,0.0068048763941743  ,3.26915472068851    ,12.260074535657     ,10.3333713217525    ,53025               ,jun                 ,2013                
29.6061412738445    ,1.3987621832885     ,-1081.52697439262   ,1.13137165944825    ,5.17240560722427    ,40.9599858857567    ,32.3583316900091    ,87.6258177566832    ,281.96831437796     ,298.502717521139    ,287.015299689172    ,0.00727009418681294 ,3.16624200241662    ,14.5014164396573    ,12.777897356006     ,53043               ,jun                 ,2013                
31.4256234124374    ,1.19341559403833    ,-825.988394132977   ,-1.31876483613691   ,5.71820038193846    ,45.3763347056443    ,27.7939400684754    ,82.8237955419473    ,283.107935463688    ,300.488685648717    ,304.938571048216    ,0.00700087817408031 ,3.06568040826715    ,13.472207903566     ,11.7484509639776    ,53001               ,jun                 ,2013                
30.9280403105792    ,1.66382267869454    ,218.285171235328    ,-1.29550175819911   ,5.3064840593712     ,41.8907557291517    ,32.970812078476     ,82.8941456072938    ,282.432016238942    ,298.840225000718    ,292.281470383588    ,0.00719177510700755 ,3.21796370424009    ,14.443444064159     ,12.4529386863148    ,53075               ,jun                 ,2013                
33.5200851105421    ,1.03457937496595    ,211.754768895858    ,-2.35457385854843   ,6.15547956029574    ,50.6541577569032    ,25.9272097341831    ,75.2931379753504    ,285.304386232816    ,301.622079714262    ,317.230496423183    ,0.00695048250311699 ,3.18131990228708    ,12.1421938680991    ,10.3524278819867    ,53021               ,jun                 ,2013                
34.3772429150237    ,0.990231123760607   ,209.119431561502    ,-2.61020531045379   ,6.24346173594924    ,50.7487951560839    ,25.9359088385129    ,73.9561808401781    ,285.956355740098    ,301.641652101596    ,320.608244682628    ,0.00696885716404281 ,3.28505227006164    ,12.2381435976461    ,10.081969787924     ,53005               ,jun                 ,2013                
28.4272799953911    ,1.86574954016608    ,223.565889792117    ,-1.83494951876794   ,5.19603960585644    ,42.7039562221393    ,35.5231528586236    ,74.0936102446562    ,283.136252481844    ,297.310570875211    ,290.585551375237    ,0.0069481178112598  ,3.24624491295706    ,13.9720029129992    ,11.6128658019238    ,53023               ,jun                 ,2013                
28.9758181001087    ,1.81970191365189    ,218.520525007265    ,-1.80760324367055   ,5.2816291540081     ,41.3892673287716    ,35.2707756468555    ,75.1549148036963    ,283.262453336865    ,297.560351000614    ,291.056869581399    ,0.00700647887354473 ,3.43891625637367    ,14.4960033806207    ,11.7748152325499    ,53013               ,jun                 ,2013                
33.660388997706     ,1.27215423694229    ,213.360082905467    ,-2.31367417976139   ,5.9591379158219     ,47.7105034246677    ,28.9959615501931    ,74.5985641557027    ,285.224704748634    ,300.993053934568    ,305.131250654391    ,0.0071592800229596  ,3.38518567048114    ,13.0492724370827    ,10.7527413321704    ,53071               ,jun                 ,2013                
30.2993596826447    ,1.81987116007619    ,231.24904753692     ,-1.30796020124515   ,5.3025718615583     ,45.3192285437944    ,34.6331127644745    ,71.0992339851212    ,283.347136537872    ,297.45025134307     ,288.549625146128    ,0.00680701602403292 ,3.42203097108507    ,13.3027581395894    ,11.0328514848602    ,53003               ,jun                 ,2013                
48.3815105891976    ,0.429175432349389   ,236.572275732074    ,0.585787576436453   ,6.87466900643655    ,66.5271310087349    ,19.3784460980792    ,60.1738402506194    ,286.995829854278    ,304.213179820248    ,326.619190616407    ,0.00633723638814036 ,3.15705179157034    ,9.90751634659057    ,7.20768809003443    ,53017               ,jul                 ,2013                
43.4755054088256    ,0.779980236717925   ,238.243452986078    ,2.35965442446107    ,6.5177743178464     ,59.7725934573676    ,19.3949447825021    ,62.3248778132904    ,284.645860603363    ,304.017900245682    ,322.090488538939    ,0.00611811287741583 ,2.93606686662232    ,11.8349586267637    ,7.77688366902296    ,53063               ,jul                 ,2013                
50.2857141842881    ,0.218125602169905   ,239.760265963816    ,0.973626702520792   ,7.07023716816512    ,70.3735647148109    ,16.7269325243553    ,56.7354320243907    ,287.730666514956    ,305.953809766617    ,329.643794752246    ,0.00598130822439975 ,2.95059999707749    ,9.39950491865057    ,6.48978007614468    ,53025               ,jul                 ,2013                
44.6574868698467    ,0.311206386671467   ,241.604099332713    ,1.58141228706       ,6.50547108979504    ,60.5127983530855    ,19.2333650680766    ,68.2435323151478    ,284.86936635499     ,304.23556772535     ,321.775825787714    ,0.00631529860982834 ,2.84398517869106    ,11.5835727424689    ,8.06191653979183    ,53043               ,jul                 ,2013                
46.9539637018654    ,0.28414915610466    ,236.754817721121    ,-0.169327181256034  ,6.78121457325574    ,65.7821980910156    ,16.2207487080584    ,61.0500902873507    ,285.983460904181    ,305.994861409915    ,324.865487728865    ,0.00582549334474442 ,2.73135201918769    ,10.5803734011103    ,6.98444257783894    ,53001               ,jul                 ,2013                
45.8471850807436    ,0.416343186679782   ,241.447389461221    ,-0.921145247536547  ,6.81935693368061    ,61.851989464226     ,17.3100426526223    ,59.83963724596      ,285.099371549834    ,305.087323975536    ,323.777869925743    ,0.0057717341143705  ,3.05811899095604    ,11.5178015581345    ,7.34995354086896    ,53075               ,jul                 ,2013                
49.9682685530215    ,0.124671899407141   ,228.933012397709    ,-1.53130345634925   ,7.1146358826616     ,69.5324521852782    ,15.9093374325679    ,55.9811171687862    ,287.684337083992    ,306.64086185957     ,328.283770324101    ,0.00577435859648867 ,2.91909737322969    ,9.73588043152546    ,6.39887156835561    ,53021               ,jul                 ,2013                
51.3060906559121    ,0.0727243972435596  ,226.269062861388    ,-1.72764051995099   ,7.25217336087446    ,69.9535989972512    ,16.3344911540321    ,56.2147358715773    ,288.167448620142    ,306.636891923713    ,329.014981762237    ,0.00593787362327699 ,3.06288216077182    ,9.59719405235237    ,6.41205330665477    ,53005               ,jul                 ,2013                
48.869985475351     ,0.21196719345457    ,241.908603251661    ,-1.55611895539993   ,6.7762886976054     ,66.0524844244328    ,17.9294120303807    ,49.064567822919     ,286.35422183392     ,303.593158881666    ,321.425215392284    ,0.00531020020077834 ,3.14195853169613    ,10.6444467605892    ,6.41797575948712    ,53023               ,jul                 ,2013                
47.8916278929953    ,0.246475022148389   ,233.464654542046    ,-1.5530785876627    ,6.77817336036393    ,64.2922851128909    ,19.2964198768914    ,51.0870540037769    ,286.351682297343    ,303.404365440334    ,319.454602280655    ,0.00553471814159803 ,3.259851685188      ,10.8680221303213    ,6.67022044228614    ,53013               ,jul                 ,2013                
49.765409511123     ,0.163151175924839   ,229.388154642869    ,-1.88579193823706   ,7.19402353981802    ,67.8649562747654    ,16.591450876368     ,53.7374367064889    ,287.717505962493    ,306.37612879023     ,321.16245711772     ,0.00572861932170324 ,3.16640131901232    ,10.0602396391772    ,6.4153870465466     ,53071               ,jul                 ,2013                
51.1294338238893    ,0.240091281594572   ,243.509778016703    ,-1.04517086268767   ,6.93622691866536    ,68.552971316473     ,17.3777815126828    ,46.9938818554556    ,286.344188035391    ,303.827635701976    ,321.466442788099    ,0.00515819960704432 ,3.26134012999859    ,10.0597650982336    ,6.18425519050417    ,53003               ,jul                 ,2013                
42.5232882833452    ,0.594540779736599   ,205.853561494239    ,0.933289200481197   ,5.56916208125624    ,60.5533966365954    ,23.589599172257     ,70.7059400643217    ,287.632906448819    ,303.907904681076    ,251.051293729254    ,0.00764533684350652 ,3.03006204010435    ,9.99381911710038    ,9.54861994677342    ,53017               ,aug                 ,2013                
39.121568376661     ,0.442312487428919   ,223.455668116799    ,2.34615011587211    ,5.46669157386609    ,56.8915216483513    ,23.4400191191587    ,76.6114749932759    ,285.843157909912    ,303.995186956925    ,257.526107592096    ,0.00774449036997321 ,2.92578216551192    ,10.6796088296767    ,10.3873513228099    ,53063               ,aug                 ,2013                
45.9413451169849    ,0.338699312294831   ,218.64445164055     ,0.988341032725456   ,5.80792479216437    ,65.77043804923      ,22.1162381777049    ,70.8432252647925    ,288.15414270337     ,305.517476816071    ,257.640348994044    ,0.00771532732175127 ,2.94672016341176    ,8.92222094901392    ,9.09549510280022    ,53025               ,aug                 ,2013                
40.9872403523325    ,0.425464373552567   ,226.721928770873    ,1.51839652095511    ,5.45489368211848    ,57.8388813898978    ,23.0998292601093    ,78.0759580108363    ,285.90827960573     ,304.171919323205    ,254.965429265061    ,0.00765608398515388 ,2.86897160725355    ,10.6294728724857    ,10.4488393585111    ,53043               ,aug                 ,2013                
43.1239931367662    ,0.301969448253423   ,220.695333671059    ,0.416648277064648   ,5.5997913411986     ,62.4153107122084    ,21.7611653715088    ,75.0934588700899    ,286.876959041501    ,305.653803038304    ,256.78294958003     ,0.00767663992232579 ,2.69396000298943    ,9.73719798827725    ,9.74113716038134    ,53001               ,aug                 ,2013                
40.6454465265292    ,0.331797540240994   ,243.481101112149    ,-0.900020139605976  ,5.59540480599231    ,59.7849043714027    ,22.5876575621618    ,76.3454486858505    ,286.294011634667    ,304.929818163877    ,254.134661383149    ,0.00777564764406313 ,2.93959422634946    ,10.053548632772     ,10.1209544269772    ,53075               ,aug                 ,2013                
45.1811479379166    ,0.292069001288775   ,228.727384113851    ,-1.36112714597048   ,5.81635749115246    ,66.8860939300386    ,22.5936395002654    ,71.432524994171     ,288.827964078463    ,306.351729112346    ,262.826418465361    ,0.00809855659355966 ,2.76788376705079    ,8.65566050988569    ,9.09703643653292    ,53021               ,aug                 ,2013                
45.3918397393384    ,0.262370537876184   ,235.949442020102    ,-1.62536360267586   ,5.95884038740316    ,68.2464012237741    ,22.1827154415758    ,69.6791332204462    ,289.220628259655    ,306.324707824917    ,266.247950745211    ,0.0079728774804164  ,2.90480671223167    ,8.2880362155761     ,8.75601295476925    ,53005               ,aug                 ,2013                
44.3127669898285    ,0.363660656135179   ,240.668869556633    ,-1.74731002744927   ,5.65389781345993    ,67.4602247095614    ,21.521017189901     ,64.5127180934884    ,287.476830267137    ,303.783748381364    ,258.181636504577    ,0.00714923254543763 ,2.93761681035486    ,8.56524334367543    ,8.43110156135697    ,53023               ,aug                 ,2013                
45.3491007120821    ,0.240467929956861   ,229.125990866487    ,-1.71294631971531   ,5.68302589899542    ,67.5472173373495    ,21.6689054683301    ,64.7695496460409    ,287.393522463906    ,303.816480639496    ,261.933286519011    ,0.00714945209195614 ,2.96165050691778    ,8.65723902944414    ,8.35024006365522    ,53013               ,aug                 ,2013                
45.5829631171138    ,0.206383141446951   ,228.830337048202    ,-1.92773101670632   ,5.94602720155323    ,68.4461854679079    ,21.6991093061804    ,68.5893109309339    ,288.878816802202    ,306.351777443634    ,263.321141699934    ,0.00787836861098857 ,2.91150149478707    ,8.36870778841889    ,8.56219133010162    ,53071               ,aug                 ,2013                
46.5618907406607    ,0.386859932004325   ,224.228435243302    ,-1.32372240237257   ,5.85102303872424    ,68.9256742417686    ,20.7253490922477    ,63.9414220566971    ,287.268311412749    ,304.046813882208    ,260.393305583367    ,0.00699064979788678 ,3.12401741023116    ,8.31290420251985    ,8.2460597474799     ,53003               ,aug                 ,2013                
26.9268746115555    ,1.15366742008726    ,177.227113408777    ,1.81896172629909    ,3.29059910588134    ,39.7219885014674    ,38.291655535925     ,88.975857407192     ,282.563215097049    ,296.382763400425    ,164.890403215969    ,0.00749412137140191 ,3.80676753096289    ,13.346192179643     ,14.682946928535     ,53017               ,sep                 ,2013                
19.8067981306422    ,2.35261132789902    ,208.960388406987    ,2.67328569084678    ,3.00086173559515    ,32.2253583685364    ,41.3061422246568    ,92.5952672894602    ,281.036137530821    ,295.768719927663    ,159.070283987167    ,0.0077592318672583  ,4.04839667963523    ,15.0240263324378    ,16.522375540458     ,53063               ,sep                 ,2013                
31.7508383570177    ,0.820607814215473   ,196.208229632845    ,1.62640878296639    ,3.45635906596833    ,43.5267999813515    ,36.5575661491868    ,88.3623531166044    ,283.012427601184    ,297.986047144767    ,170.898473494958    ,0.00760374467307446 ,3.87377947818427    ,12.5074105858149    ,14.2159825246992    ,53025               ,sep                 ,2013                
25.9712129735529    ,1.34265843202836    ,193.608139246271    ,1.92037915786344    ,3.14850257681586    ,37.0843301142599    ,38.2952608594841    ,92.6073462156237    ,281.05085599743     ,296.555568149418    ,161.974573997249    ,0.007522053092973   ,3.93350579951999    ,14.063309213218     ,15.6649022805662    ,53043               ,sep                 ,2013                
28.224400048133     ,1.08715662393922    ,196.008662806587    ,1.25604739416579    ,3.29207034923115    ,40.7619077229796    ,36.6132530359962    ,90.6589965900469    ,282.101892785015    ,297.952741271331    ,168.356117273675    ,0.00760350724735138 ,3.64801186359031    ,13.187916411643     ,14.9393963534147    ,53001               ,sep                 ,2013                
22.2621888450174    ,1.82114699048739    ,195.59112525192     ,-0.307842094719994  ,3.24155196129575    ,35.4824042682648    ,38.5626022390478    ,91.2297645149979    ,281.645950748219    ,296.989885393928    ,161.543557561687    ,0.00766894402062776 ,3.96348690780471    ,14.2768755681655    ,15.8246577058306    ,53075               ,sep                 ,2013                
24.3403183105664    ,0.994915823401549   ,202.419671848004    ,-0.00984389115220461,3.35296454906464    ,39.1686177909069    ,39.200826836855     ,89.2060841628833    ,283.931262105306    ,298.573255654359    ,172.626349667769    ,0.00819793968437574 ,3.7305387096833     ,13.0493052750367    ,14.8924183533131    ,53021               ,sep                 ,2013                
26.922514290029     ,0.878785852303166   ,215.278723239334    ,-0.620867023160001  ,3.40500929325643    ,40.346536974747     ,39.4592079397724    ,89.212065030461     ,283.889895706628    ,298.324396316257    ,178.733745646242    ,0.00812881131251425 ,3.80606216964049    ,12.8578135744354    ,14.8372003778198    ,53005               ,sep                 ,2013                
23.0321236069405    ,2.22444522555447    ,203.40637515998     ,-1.50036821546762   ,3.28803314807869    ,39.6653053193853    ,40.1689501584687    ,85.142472205942     ,282.883878438567    ,295.355370465075    ,166.114334119872    ,0.00737262568682409 ,3.96456952772526    ,12.9721011047284    ,14.9362260825392    ,53023               ,sep                 ,2013                
23.3416870296938    ,2.69620831661824    ,206.989322565155    ,-1.46076454724109   ,3.22622931414458    ,39.2995744973265    ,40.7578307849158    ,86.168467538311     ,282.654458170786    ,295.357058521424    ,167.396534701376    ,0.00741885200046965 ,4.19264724191155    ,13.0650066530517    ,15.2011292455916    ,53013               ,sep                 ,2013                
22.716055725842     ,1.75835815286491    ,-1996.22266962625   ,-1.50157974979419   ,3.37686666685553    ,38.3600454208731    ,39.8169872059085    ,88.9523852288884    ,283.773483259826    ,298.132697753079    ,167.257905903741    ,0.00814602865552313 ,4.08917596974993    ,13.23398526361      ,15.3734992529319    ,53071               ,sep                 ,2013                
23.8519280222501    ,2.14108853171922    ,202.829798055681    ,-1.04201869786391   ,3.39550499820361    ,39.6967822839454    ,39.8412239246415    ,84.8324573595739    ,282.757249205652    ,295.079593571201    ,166.414923261842    ,0.00721138561503631 ,4.24459022923108    ,12.9571119289909    ,14.8543834190879    ,53003               ,sep                 ,2013                
29.5515807646584    ,0.259306247930518   ,195.028757181409    ,1.92226032298209    ,1.60545644995887    ,36.6684092686763    ,34.3846764087304    ,87.6488391833765    ,274.831801840123    ,287.825748561351    ,127.376305738435    ,0.00426105096055474 ,2.5397295093015     ,15.4728510619226    ,15.4470352531153    ,53017               ,oct                 ,2013                
21.248599014372     ,0.484973847725798   ,210.319998784443    ,3.08682917207932    ,1.5009769280847     ,26.4708004850583    ,37.8628723719784    ,91.7443181443815    ,273.6903064981      ,286.878052888869    ,122.333218848031    ,0.00442242851151742 ,2.75415060280328    ,18.4168196522099    ,17.085742838886     ,53063               ,oct                 ,2013                
29.4145534069617    ,0.285391464578998   ,184.10573944773     ,1.77898698754604    ,1.68735446329632    ,38.0161077998582    ,32.1568725554668    ,86.9086941996153    ,275.227404435654    ,289.115809991378    ,131.84319370108     ,0.00424880208178455 ,2.44297411214977    ,15.0794200956551    ,15.126022671475     ,53025               ,oct                 ,2013                
25.283593692408     ,0.359575474865213   ,211.361265203787    ,2.21505626692313    ,1.5724861287398     ,31.5361647562944    ,34.6463325104598    ,90.4715668871162    ,273.799724473424    ,287.613292031828    ,125.793953958932    ,0.00425433731449752 ,2.58063114317178    ,17.0208797943822    ,16.3883986700324    ,53043               ,oct                 ,2013                
25.8008644057462    ,0.260988337228221   ,200.844379771647    ,1.640747070711      ,1.54358025567183    ,34.5050318758769    ,33.2362969248911    ,88.8287338500477    ,274.684156652497    ,288.821615625126    ,129.607166088071    ,0.00429796836538777 ,2.13432903780229    ,16.152831985413     ,15.7515509055187    ,53001               ,oct                 ,2013                
23.204472493673     ,0.323407726576251   ,213.96608690526     ,0.717011373159932   ,1.57209564331587    ,29.2324281613605    ,36.22765408905      ,91.296874819761     ,274.368563237055    ,288.068074358193    ,124.163130528778    ,0.00447509358597273 ,2.50044262824972    ,17.6787643742426    ,16.6770244173488    ,53075               ,oct                 ,2013                
25.216919390676     ,0.304989095575756   ,217.602855483592    ,1.44448835910895    ,1.58152254434954    ,34.8003599519469    ,34.6692289370165    ,87.4209847575678    ,276.332926732671    ,289.606542836229    ,131.741373314396    ,0.00456729067703848 ,2.10257197496465    ,15.9014904939211    ,15.4954855767432    ,53021               ,oct                 ,2013                
24.234037880953     ,0.244954576359937   ,195.825429294191    ,0.510170745036952   ,1.57189425623845    ,34.7222009417801    ,35.2578957149559    ,87.7807616903527    ,276.479644265696    ,289.659698484872    ,134.921029790437    ,0.00462784418567763 ,2.06937098483772    ,15.751794309374     ,15.564106862084     ,53005               ,oct                 ,2013                
23.5149530262872    ,0.267418479995865   ,224.712828949348    ,-0.0786285544466034 ,1.58455235530322    ,30.5833521567612    ,38.5679829463145    ,87.8080888024745    ,275.308866885687    ,287.080950352358    ,127.90763836293     ,0.00447670187889478 ,2.53913752686593    ,17.2189410431689    ,15.8760394904829    ,53023               ,oct                 ,2013                
21.6746582563736    ,0.48969221783538    ,215.125637422319    ,0.144872977055388   ,1.52468523220564    ,29.183109153668     ,39.3524132117974    ,87.0538638558989    ,275.43203896418     ,287.137845934092    ,130.826514087684    ,0.0045080878486161  ,2.48770366702968    ,17.770265970454     ,15.9421805058192    ,53013               ,oct                 ,2013                
22.5889141791579    ,0.505079655233187   ,211.831397175883    ,-0.0848737635465495 ,1.62825802324983    ,30.9311134673591    ,36.4761947733881    ,87.1679392708839    ,276.520175980859    ,289.343749435749    ,127.293870647279    ,0.00467444907049772 ,2.38762160973883    ,17.1058355425713    ,15.7735845309182    ,53071               ,oct                 ,2013                
25.3393526414099    ,0.175441884116647   ,228.833325563219    ,0.583236148105051   ,1.6850624252466     ,31.5856921411779    ,38.6060901291095    ,87.3225883387778    ,275.38497086236     ,286.771135995325    ,131.09807918289     ,0.00440139555643011 ,2.90374752900896    ,16.8352583496043    ,15.5804776617687    ,53003               ,oct                 ,2013                
20.3588377004471    ,0.580548579246475   ,169.007275357722    ,1.41329018605634    ,0.67545587145167    ,26.0637673739582    ,48.4197812998927    ,83.8503324126512    ,270.609713199475    ,278.811694213922    ,60.8278296160462    ,0.00334894671607432 ,2.90996066770731    ,17.7168415225527    ,17.0788957067149    ,53017               ,nov                 ,2013                
12.3735902654847    ,2.19004639442991    ,-1484.90933566417   ,2.57459282416099    ,0.548665531033984   ,14.4102376848635    ,60.3956049425382    ,90.0619483599909    ,270.762026816757    ,278.285476100191    ,60.6867281211304    ,0.00375728546674793 ,3.38121225084456    ,21.2663278461831    ,19.9749058671273    ,53063               ,nov                 ,2013                
25.4346545597826    ,0.376920707382166   ,167.461807145439    ,1.25879735344797    ,0.829421867343264   ,29.6181935544278    ,44.0303765836247    ,83.2936749712277    ,271.285754902228    ,280.700858293402    ,62.4567933889223    ,0.00344907227042692 ,3.1266878948896     ,16.9281841860393    ,16.330716308975     ,53025               ,nov                 ,2013                
18.1121644092915    ,0.971190617225809   ,160.480526616864    ,1.71564086664738    ,0.622143269274547   ,21.5927209516129    ,53.3909607420673    ,87.0280466333115    ,270.713436622589    ,278.925138052589    ,61.0081822063777    ,0.00363053644679645 ,3.25099712411088    ,19.0555771408142    ,18.215482379182     ,53043               ,nov                 ,2013                
21.1317327671201    ,0.720239033264668   ,169.694425159152    ,1.07281984969504    ,0.747515014821082   ,26.1535975379042    ,47.1354726935298    ,84.5714544431072    ,271.457391134442    ,280.665725384469    ,63.6031442221393    ,0.00360964347124491 ,2.96598983059184    ,17.8555156602103    ,17.0555716582902    ,53001               ,nov                 ,2013                
14.6304996889993    ,1.80522470252187    ,-1112.28033732964   ,0.310231883254121   ,0.758087273305099   ,19.1335888656541    ,52.6749699496849    ,87.1966066323075    ,271.867891151578    ,280.180918466605    ,65.1714697580525    ,0.00378478990322636 ,3.43821381222968    ,19.8655180653591    ,18.5463575424494    ,53075               ,nov                 ,2013                
23.9998978038935    ,0.561994595470337   ,197.536095797221    ,0.839075288482201   ,0.95567999753719    ,29.4755898047716    ,44.2712232185021    ,81.4318293116643    ,272.842721647605    ,282.023010782095    ,63.1959637747055    ,0.00367205639606348 ,3.2030961255691     ,16.8951160152142    ,15.9775392363622    ,53021               ,nov                 ,2013                
25.1397180556193    ,0.350468703595962   ,192.641080960155    ,-0.084098718266868  ,0.965052156611043   ,30.4562893256163    ,43.6708973387054    ,82.023794601937     ,272.827321326803    ,282.187459281304    ,67.7443864414208    ,0.00370194793017411 ,3.20069611459912    ,16.6180414125999    ,15.7994215190763    ,53005               ,nov                 ,2013                
13.9186710006332    ,2.71370505292902    ,182.268908609268    ,-0.397384277165059  ,0.814221596264321   ,19.9250946677465    ,53.7297981832832    ,84.6278402399573    ,272.459878795932    ,280.217556851152    ,66.1051547040604    ,0.00385013127689371 ,3.61252052904903    ,19.514464374408     ,18.1552011914382    ,53023               ,nov                 ,2013                
12.6150141608029    ,3.50869887594465    ,187.788325343373    ,-0.18050880258152   ,0.820579383186151   ,18.7035385056579    ,53.1596714051398    ,83.9395680139618    ,272.315082394265    ,280.133640178794    ,68.6010135192938    ,0.00381131518265861 ,3.97103402613553    ,20.1469569141328    ,18.3075384018517    ,53013               ,nov                 ,2013                
18.5746082267141    ,1.61529616861728    ,197.531230921345    ,-0.386770198116619  ,1.01177791864447    ,24.1821018605055    ,47.4826538336632    ,82.798290690497     ,273.208294851412    ,281.831320682515    ,63.1216855953702    ,0.00382664944348115 ,3.89032394028695    ,18.4461706753346    ,17.0221000653295    ,53071               ,nov                 ,2013                
15.6411008808155    ,1.97143229200095    ,205.141781088093    ,0.227906323407398   ,0.886800882374356   ,21.716443536766     ,54.7398115986455    ,84.2668183820961    ,272.612913134498    ,280.194114904102    ,68.6611004149537    ,0.00383059209782841 ,4.1469448703919     ,18.6260269178961    ,17.7344009365769    ,53003               ,nov                 ,2013                
17.8908288283275    ,0.114518212141827   ,161.333441447955    ,-0.0169600898605794 ,0.24511603350393    ,18.5136923944639    ,68.409182534899     ,92.7361044425313    ,266.144216755801    ,272.432340439953    ,48.4830672171559    ,0.00269817297615649 ,2.55759237061614    ,19.1577459561536    ,20.5618782035745    ,53017               ,dec                 ,2013                
12.0240158023564    ,0.640148335011353   ,177.089189168047    ,1.80641539000813    ,0.253364820019805   ,11.097860420165     ,74.1817397827798    ,92.6820326305571    ,266.855105366654    ,272.533626490692    ,45.3295901069525    ,0.00295456078459873 ,2.99916057799846    ,21.9621089094678    ,21.6305246428516    ,53063               ,dec                 ,2013                
19.6878686952707    ,0.108872209563352   ,154.880039502876    ,-0.528255788973742  ,0.273333250127295   ,20.9251902867351    ,64.384705443792     ,92.9653479667352    ,266.928349170766    ,273.977330190971    ,49.3709798456037    ,0.00282930734277086 ,2.56737170107186    ,18.4154763037805    ,20.1077074545175    ,53025               ,dec                 ,2013                
16.2297016061908    ,0.236422450196179   ,164.840405670385    ,0.497681471285786   ,0.235198404874416   ,15.1159998067524    ,72.1434280820375    ,94.0620217513735    ,266.444233517886    ,272.41776821528     ,47.3272624499094    ,0.0028770175817024  ,2.80011063585608    ,20.3719915965102    ,21.4185319493854    ,53043               ,dec                 ,2013                
18.0235426806219    ,0.207867090121524   ,153.690598201661    ,-1.00775429619247   ,0.26996346525461    ,18.8015154967905    ,66.6140934779286    ,93.3483286803864    ,267.378836057384    ,274.138600501176    ,46.5724044850813    ,0.00296704735776306 ,2.40253219897676    ,19.2318559471721    ,20.5411495845434    ,53001               ,dec                 ,2013                
12.7528055354801    ,0.683009969845713   ,167.067036407471    ,-0.677632634166409  ,0.342250845451709   ,13.0981460106209    ,69.094793780009     ,92.4172243809419    ,267.854900131525    ,274.134646830241    ,46.3607970299066    ,0.003070099825633   ,3.01797175231634    ,21.253721608031     ,21.0086000584247    ,53075               ,dec                 ,2013                
19.103627363963     ,0.151800320776991   ,159.090787692926    ,-1.16103465155913   ,0.335166000613752   ,20.7548603581771    ,65.3564630606236    ,92.4162470436096    ,268.714857242291    ,275.502345158504    ,45.905857568643     ,0.0031132135777182  ,2.60031405245646    ,18.4187338950084    ,19.912396453833     ,53021               ,dec                 ,2013                
19.4467025214163    ,0.108587063685118   ,179.164737273297    ,-1.63277210277566   ,0.326727514489714   ,21.4775789480943    ,63.8440857099123    ,92.9947752973267    ,268.708001653306    ,275.906335491353    ,48.7141192895186    ,0.00317965533176616 ,2.52243676841612    ,18.1455262020495    ,19.8786900686324    ,53005               ,dec                 ,2013                
12.4630413524853    ,0.839425642814634   ,180.993569886265    ,-1.07507218943434   ,0.406534004502994   ,13.4744079996439    ,67.0542884704242    ,90.1023114664461    ,267.881521077284    ,274.43222762714     ,49.13915774995      ,0.00310109686602956 ,3.19817855699956    ,21.3185824980647    ,20.4866834863619    ,53023               ,dec                 ,2013                
11.6880612142111    ,1.25458696250126    ,187.065214971306    ,-0.942919025402419  ,0.421438021985678   ,12.0698312077073    ,66.4023881372981    ,90.9949569712135    ,267.830750062952    ,274.551840204635    ,52.1722988671241    ,0.00313339813428128 ,3.62299604591691    ,21.9443493991206    ,20.8733394924051    ,53013               ,dec                 ,2013                
15.1265382627646    ,0.621450103208584   ,191.651087389277    ,-1.23924095135152   ,0.428123102434482   ,15.8279652670466    ,66.0954499981268    ,92.0385869809282    ,269.171521159433    ,275.817256573933    ,47.0230239989635    ,0.00324175430771416 ,3.47884695550937    ,20.2747143486974    ,20.3749861846448    ,53071               ,dec                 ,2013                
14.6803369833025    ,0.592494324330068   ,215.807822604771    ,-0.39007434132493   ,0.464525133413901   ,14.9446670477401    ,67.6346556754008    ,88.3493761475649    ,267.800648789974    ,274.124838639234    ,51.3868675178565    ,0.00302004248841803 ,3.85955097324367    ,20.6662759829612    ,20.0220102731329    ,53003               ,dec                 ,2013                
