bi,pr,th,pdsi,pet,erc,rmin,rmax,tmmn,tmmx,srad,sph,vs,fm1000,fm100,countyfips,month,year
14.781616036576     ,0.475613837149721   ,159.47182653236     ,-2.41005866287104   ,0.413828058162462   ,18.424863410959     ,56.9167055808796    ,92.5760684453263    ,265.147874084372    ,272.974670704692    ,67.5985248960544    ,0.00226601046073592 ,2.18274247336155    ,19.8625516721491    ,19.792882183595     ,53017               ,jan                 ,1991                
10.7055742481705    ,1.59240378094475    ,166.284886393796    ,-0.616491753808029  ,0.472190917756747   ,12.5843028779356    ,62.2177519238641    ,90.5965539876334    ,266.93677813914     ,273.406519736013    ,53.2234447018073    ,0.00258394409700131 ,2.53325461039229    ,22.3566595801817    ,20.1822058251938    ,53063               ,jan                 ,1991                
15.8282959791938    ,0.334251592511233   ,137.529858394698    ,-2.80261927251043   ,0.477873043720172   ,18.5982977047474    ,56.0299414529366    ,92.5468542217442    ,266.230249291413    ,274.216539649628    ,62.0832695694699    ,0.00238304242707692 ,2.22240765233988    ,19.9116640540306    ,19.9633871062631    ,53025               ,jan                 ,1991                
13.0599603506283    ,0.828727028562452   ,155.36884781362     ,-1.99774983636709   ,0.461702460214176   ,15.6474386953934    ,59.8226194611524    ,91.6910561342714    ,265.85249276572     ,272.842583410422    ,57.3505721643254    ,0.00235888159640292 ,2.44990213937981    ,20.8562427094612    ,20.0399309268164    ,53043               ,jan                 ,1991                
12.5937465809892    ,0.61808820533542    ,139.855313156049    ,-2.29605914665157   ,0.45089635475561    ,15.0897353024321    ,58.4663727995053    ,93.5796176999606    ,266.777336372356    ,274.171030930444    ,57.345650987425     ,0.00252796504341917 ,2.05730873317405    ,21.1283235643364    ,20.6444387729446    ,53001               ,jan                 ,1991                
12.8371865798672    ,1.2406059391528     ,171.111597214454    ,-1.75216490423562   ,0.622823277651924   ,17.1009219894198    ,55.4066155562138    ,86.9796261968739    ,268.365337624016    ,275.25028635101     ,55.4725650073636    ,0.00264816356548046 ,2.6073910679695     ,20.8662717742486    ,18.5953673628023    ,53075               ,jan                 ,1991                
14.470752742587     ,0.48039872420411    ,176.902611992642    ,-3.07040444979301   ,0.50408827231841    ,16.4269833673171    ,59.7747154933939    ,92.6713888338718    ,268.24935426925     ,275.672457215567    ,57.9548896119849    ,0.00274552852249006 ,2.15252696518271    ,20.7269407650969    ,20.4372296872861    ,53021               ,jan                 ,1991                
15.6649013696924    ,0.368838413318256   ,172.536106278338    ,-3.55147416986657   ,0.538587038180542   ,18.2162026593711    ,56.5941235141277    ,91.6603150663541    ,268.070094883863    ,276.233040217112    ,61.5058172623332    ,0.0027029385373998  ,2.01870082451042    ,20.3477713748184    ,19.9236684392986    ,53005               ,jan                 ,1991                
14.8714799147134    ,1.28391890142108    ,196.452379765749    ,-1.7799334000665    ,0.806995278382213   ,21.3736792718083    ,48.1948184903985    ,79.8978786155137    ,268.98003937911     ,276.230799499769    ,57.9724140495892    ,0.00257652427262601 ,2.85580213676352    ,20.0003990757277    ,16.5567897541732    ,53023               ,jan                 ,1991                
12.6704923222117    ,1.71286159594495    ,189.978618864318    ,-1.39263195974873   ,0.759603058996383   ,15.2784963825451    ,51.265041985759     ,85.3558475028581    ,268.612306816154    ,276.008327922876    ,62.5204127726775    ,0.00267434015624641 ,3.18904790711089    ,22.6467921748755    ,18.6635061326693    ,53013               ,jan                 ,1991                
13.5567398802904    ,0.882982312507464   ,194.348797317153    ,-2.83937959662742   ,0.665438684808037   ,14.8415586586717    ,57.2490297610635    ,90.6970311941952    ,269.029599917832    ,276.407733672127    ,58.4277958778643    ,0.00284249002130181 ,3.02783501988051    ,21.8143245765552    ,20.0806699191808    ,53071               ,jan                 ,1991                
22.9402889706421    ,0.526625338111144   ,229.233071814264    ,-2.25473138690901   ,1.03544748239947    ,32.6097712616184    ,44.3962238198144    ,72.4938646814586    ,269.268633144335    ,276.682202433709    ,60.4898331931599    ,0.00241847589455846 ,3.6141936463105     ,16.1838662307179    ,13.9333893192328    ,53003               ,jan                 ,1991                
17.7780980394079    ,0.435990612457578   ,171.786818588484    ,-3.07935261040899   ,1.09906561375898    ,23.2259632084844    ,47.4751187669896    ,90.1873760902749    ,272.047324956542    ,282.069048382477    ,106.287897174433    ,0.00363762495196258 ,2.65000261042753    ,19.0565331094211    ,17.5158688181586    ,53017               ,feb                 ,1991                
9.40825649006013    ,1.3206399984551     ,165.053346083623    ,-1.39341570705689   ,1.00580690647797    ,14.8364155659638    ,56.0710697898749    ,93.1970895269463    ,272.580665926285    ,281.818637362574    ,89.522178209299     ,0.00407603122835839 ,3.01408261422406    ,21.1500066752233    ,19.2868248669934    ,53063               ,feb                 ,1991                
17.541005813084     ,0.337908251028626   ,152.76338156018     ,-3.40636710928825   ,1.18600640451785    ,23.8189474069035    ,45.9366742688515    ,91.6027078890059    ,272.932040581413    ,283.785285498399    ,102.30360006844     ,0.0038993480343525  ,2.69950165164108    ,18.6870057492569    ,17.4773948311837    ,53025               ,feb                 ,1991                
12.9990734151678    ,0.731585069845611   ,166.424966042684    ,-2.55629835587792   ,1.09458755799326    ,19.6897428127998    ,51.1367773934919    ,91.1425547451848    ,272.544623241301    ,282.251810793742    ,96.2304138563373    ,0.00386279812495043 ,2.87920179311789    ,19.677720714664     ,18.05449257757      ,53043               ,feb                 ,1991                
11.9449905159796    ,0.602063197290317   ,144.367654054344    ,-2.82693002308223   ,1.07515902839513    ,19.606756186417     ,50.5665450287412    ,92.6335815376207    ,273.296725088487    ,283.636701811058    ,96.5530188994187    ,0.00412446086816888 ,2.40246194215263    ,19.6349071340877    ,18.1924800216005    ,53001               ,feb                 ,1991                
10.9600962631586    ,1.11798054132517    ,175.866502305585    ,-2.38289770244383   ,1.16592012946095    ,19.8230031399767    ,51.1280779611764    ,91.1490048653739    ,273.825430946671    ,283.686757857379    ,94.4642728186856    ,0.00424253285759786 ,2.82576576793895    ,19.2861422989949    ,17.97089837487      ,53075               ,feb                 ,1991                
13.8058709003052    ,0.594778581991137   ,150.495625167629    ,-3.51255525014339   ,1.16136560638609    ,21.6006620446404    ,49.034528030668     ,92.1566324841845    ,274.477408071665    ,285.16129860092     ,99.5229465867137    ,0.00436421231760715 ,2.37354892296205    ,19.1892595686755    ,17.8287453183761    ,53021               ,feb                 ,1991                
15.2413901306605    ,0.607472961559098   ,146.261319270031    ,-4.01280599091885   ,1.15028433427246    ,22.3777708929168    ,47.7262082619881    ,93.0755707510225    ,274.029138082986    ,284.879177751323    ,101.463642343967    ,0.00428875131784816 ,2.31752156372562    ,18.9957741717615    ,17.977460887154     ,53005               ,feb                 ,1991                
13.2508461525285    ,1.63203291091886    ,196.074950735233    ,-2.5405582825713    ,1.30785657747086    ,25.2371479556189    ,46.4314868374006    ,85.4274365379415    ,274.288928115696    ,283.754531515099    ,98.1138914830936    ,0.00410904632185064 ,2.92038320269379    ,17.6372301015795    ,16.2540368934384    ,53023               ,feb                 ,1991                
9.95144825403369    ,2.02895070057677    ,185.032821488418    ,-2.24100807665426   ,1.21986036482995    ,19.8285561209769    ,48.5065646360593    ,88.326170866402     ,274.064133900177    ,283.578799128622    ,103.992547806645    ,0.00423715219352929 ,3.02439861671084    ,19.6932171004516    ,17.444509704343     ,53013               ,feb                 ,1991                
12.4050869591097    ,1.17018575592531    ,172.41459151462     ,-3.32970798033767   ,1.2570986413677     ,20.8778634311126    ,48.7804678018085    ,90.2894455331543    ,274.876449195073    ,285.202858272468    ,96.6511948058829    ,0.00443322996824031 ,2.90771777682552    ,19.458914412854     ,17.5394608172805    ,53071               ,feb                 ,1991                
22.7455908471682    ,0.941498427033207   ,216.511926539623    ,-3.00576550373921   ,1.54880575991864    ,35.6854296610676    ,42.575500346324     ,79.9096816851523    ,274.626283643641    ,283.969700989311    ,100.689912902924    ,0.00386787405318524 ,3.47686577209964    ,14.5689638409301    ,14.1516144730625    ,53003               ,feb                 ,1991                
18.2547982684939    ,0.99502604053172    ,188.64496770477     ,-3.51506428716425   ,1.96006471465157    ,27.2289510156764    ,38.0754360043581    ,85.8162115908179    ,271.647527700175    ,282.565060064198    ,169.762701377673    ,0.00319144272971491 ,3.09232921813241    ,17.7265897860642    ,15.4999648241694    ,53017               ,mar                 ,1991                
11.8016832651917    ,1.82340850107389    ,189.583695871828    ,-1.36889774916201   ,1.73322025469757    ,15.9494853800098    ,45.3613003731615    ,91.0895737031708    ,271.410018874519    ,281.860423767587    ,148.841986694246    ,0.00348604880338632 ,3.32219456734523    ,21.7415428976999    ,17.9864432506672    ,53063               ,mar                 ,1991                
18.0424391688856    ,1.24956952690456    ,188.348141044703    ,-3.66585098193376   ,2.10253865551385    ,26.8311766762353    ,35.7696193689557    ,86.6990738421206    ,272.823781494853    ,284.541858402015    ,169.201145372336    ,0.00338666140540242 ,3.08467873378717    ,18.0187199973003    ,15.6316321582426    ,53025               ,mar                 ,1991                
13.5883202950328    ,1.30597959795535    ,187.788112469161    ,-2.67575316668126   ,1.9043500937475     ,21.4037499242222    ,39.8308096141259    ,89.1765657111122    ,271.63489281721     ,282.608790739569    ,163.320075784951    ,0.00331830451423544 ,3.20867434293387    ,19.498559699285     ,16.7312213507249    ,53043               ,mar                 ,1991                
13.0994772160456    ,1.37434099420832    ,181.254030650992    ,-2.85245124647018   ,1.98663584812367    ,21.1817417393353    ,38.4039026828579    ,89.6648536722324    ,272.471617514175    ,284.180448529813    ,167.113551556155    ,0.0034893111662855  ,2.9186430118509     ,19.6878356698238    ,16.8207576594188    ,53001               ,mar                 ,1991                
12.6542917072954    ,1.54645177865956    ,199.272346952699    ,-2.34230470316229   ,1.94596918388834    ,19.6437064480827    ,42.3467401547948    ,87.5712245401169    ,272.74089582816     ,283.254146752837    ,157.306435001091    ,0.00358192439387204 ,3.3713073575361     ,20.3341142343887    ,16.7865148547207    ,53075               ,mar                 ,1991                
17.2683139222357    ,1.19551369288645    ,182.014148428348    ,-3.52893318212949   ,2.15777140227944    ,24.3307561396961    ,37.2203814497065    ,88.2468911703408    ,274.021499948052    ,285.847611624668    ,168.743614061417    ,0.00373229890441864 ,3.02095861541426    ,19.0375889695312    ,16.24103063342      ,53021               ,mar                 ,1991                
20.1223495522755    ,0.962466823850499   ,186.731468007148    ,-3.99392330258556   ,2.18888043894821    ,26.6781478088579    ,37.1023931835507    ,87.1007111107582    ,274.223388192762    ,285.763482823584    ,170.355888669603    ,0.00370622468643371 ,3.02872118405609    ,18.5233255623178    ,15.6937393642468    ,53005               ,mar                 ,1991                
12.6005531824891    ,1.67703657579539    ,220.234384658747    ,-2.6610685830341    ,1.95008723518099    ,20.522924860521     ,43.0906556828231    ,86.5003304776723    ,272.62753118883     ,282.409008028416    ,157.27266567844     ,0.00353978075593411 ,3.51629991286313    ,19.8588276039357    ,16.6878536842887    ,53023               ,mar                 ,1991                
10.467211404099     ,2.2488062334859     ,202.597723288907    ,-2.4106858659647    ,1.91445258907562    ,16.118691810206     ,44.9594593982281    ,88.9684189260258    ,272.514154543407    ,282.417458558562    ,162.902989373177    ,0.00364256941294919 ,3.6331981603277     ,21.6431070462894    ,17.7948151673644    ,53013               ,mar                 ,1991                
13.8152180780502    ,1.53788582153702    ,197.312991357603    ,-3.33776187741382   ,2.12571963119188    ,21.115628614293     ,40.1554298130759    ,87.3326632752057    ,274.22150613028     ,285.328331936072    ,159.131348564654    ,0.0038244808130572  ,3.45537614481611    ,19.9075796227114    ,16.610209959747     ,53071               ,mar                 ,1991                
15.7278501783325    ,1.19361384621376    ,234.76420659238     ,-3.21425676163639   ,2.12397592473176    ,28.0201920506981    ,40.261447668244     ,81.7332442759457    ,273.017029911595    ,282.515049319338    ,156.551929328367    ,0.00338780572278281 ,3.96045066775898    ,16.8904694177023    ,14.9494135099662    ,53003               ,mar                 ,1991                
32.5357301949243    ,0.424441805410953   ,183.743258598226    ,-3.64961303865599   ,3.59911108131571    ,42.6837462662579    ,27.937152183238     ,74.3485566052679    ,275.306791752818    ,288.427592050119    ,232.680558093089    ,0.00351561103047517 ,4.16348122459002    ,14.3605850639155    ,11.1059806672711    ,53017               ,apr                 ,1991                
17.7710882282804    ,1.49855706448673    ,167.514882164064    ,-1.24352770743339   ,3.05074516609689    ,27.8787550179309    ,34.6398006110689    ,83.5234998245007    ,274.182058793119    ,287.268423817489    ,205.406225006196    ,0.00395205579143727 ,4.11769457736639    ,17.9999512351634    ,13.9308981182365    ,53063               ,apr                 ,1991                
36.1126740243502    ,0.312360203975334   ,181.62762883405     ,-3.38348139182305   ,3.89959143363144    ,44.1758365051693    ,25.7046512016794    ,75.8770897980945    ,276.092194139108    ,290.356692566253    ,234.768934166424    ,0.00362558957114975 ,4.27008818013504    ,14.3398612578855    ,10.9453356764071    ,53025               ,apr                 ,1991                
22.8031447577092    ,0.688377106844099   ,171.097129440023    ,-2.75336615367835   ,3.336897514866      ,35.2339363085247    ,29.1222479588851    ,81.930837234582     ,273.952981186217    ,288.108327963016    ,220.857608170005    ,0.00362611045140711 ,4.05592927899546    ,15.9580565502649    ,12.577995178561     ,53043               ,apr                 ,1991                
25.1486389395985    ,0.523961717976255   ,174.599873939074    ,-2.74848039375677   ,3.52913178183857    ,36.3803405816371    ,28.2676802511315    ,82.8955843385334    ,274.833825568461    ,289.652111150383    ,229.111390361403    ,0.00378198908248769 ,3.81429154607605    ,15.890878205222     ,12.4869381196861    ,53001               ,apr                 ,1991                
19.1862708850287    ,1.22357054582764    ,185.332663394278    ,-2.35198757344601   ,3.18238804228166    ,31.5251006552004    ,34.4288820441003    ,81.8873382619222    ,275.064273345349    ,288.031556926653    ,211.933284138997    ,0.00404533423597504 ,3.96428297503322    ,16.6108105383106    ,13.3548246918099    ,53075               ,apr                 ,1991                
31.0505318101304    ,0.373885346204042   ,174.602664357836    ,-3.43335031729478   ,3.73550266724366    ,40.6292272758484    ,28.4916116171617    ,79.9599526684101    ,276.885126937475    ,290.888575854179    ,232.731361577939    ,0.00403696802068645 ,3.78393959775949    ,15.0093683054508    ,11.7968608875764    ,53021               ,apr                 ,1991                
36.139963454493     ,0.309584446019205   ,172.751581263413    ,-3.86546977302262   ,3.8445277341489     ,43.2713337976316    ,27.8276704027338    ,79.6180849889797    ,277.240853654609    ,290.996407436995    ,235.464024123544    ,0.00401301273092888 ,3.94019781030729    ,14.4845945460321    ,11.5587206524034    ,53005               ,apr                 ,1991                
17.6507096828449    ,1.50280825845882    ,195.967632661374    ,-2.80324495751912   ,3.03342941314537    ,30.1500484133853    ,38.0613632573351    ,81.1191969790567    ,275.113861039756    ,286.746458207598    ,208.405612047563    ,0.00414100029087851 ,4.11611861079376    ,16.837554509694     ,13.6929440101481    ,53023               ,apr                 ,1991                
15.1111030317934    ,2.13137596540842    ,186.949254014771    ,-2.41827483055321   ,2.98795578741902    ,25.3578612139699    ,39.9773066206128    ,82.5043736992082    ,275.025228650158    ,286.564902377836    ,209.751663663375    ,0.00419450760589438 ,4.30376267335386    ,18.6814200984662    ,14.5998660869831    ,53013               ,apr                 ,1991                
22.4851715737545    ,1.04661625515074    ,179.089188628234    ,-3.30430447343194   ,3.51929862618769    ,34.1960465363088    ,33.3600740618822    ,78.8223984917328    ,277.065777641648    ,289.976852632021    ,216.877075740122    ,0.00426786516753321 ,4.18935482031123    ,16.329216695801     ,12.6079791744873    ,53071               ,apr                 ,1991                
22.0291429483778    ,1.16217103824201    ,206.541036655622    ,-3.35748845628868   ,3.15816785314657    ,34.7764444963775    ,35.6185524518182    ,79.9991786590168    ,275.143706629398    ,286.890940333457    ,204.173505357988    ,0.00404292632527695 ,4.59147735871828    ,15.1929409496976    ,13.0031959125305    ,53003               ,apr                 ,1991                
28.4722588284081    ,1.59052081760474    ,236.706169837392    ,-3.64766523041172   ,4.26481611025809    ,44.1750373961397    ,30.9549914404741    ,74.2171025342106    ,279.335654962313    ,291.619100744647    ,266.548957046576    ,0.00486329015131491 ,3.33121117861641    ,13.346795886882     ,11.44237475117      ,53017               ,may                 ,1991                
14.6154097243464    ,2.10905903475239    ,197.97719578692     ,-1.06715087280097   ,3.51942989405189    ,27.4655819720457    ,40.2145036474281    ,86.3597588866864    ,278.012774196205    ,290.422228254656    ,237.702878778291    ,0.00567571076115038 ,3.19098303969999    ,17.3679287714378    ,14.5343803360317    ,53063               ,may                 ,1991                
31.9831890686424    ,0.998041762354211   ,228.94844935515     ,-3.26968146205893   ,4.50024488240176    ,48.6981924495347    ,28.2924278965324    ,73.0970440293326    ,280.399652198413    ,293.310257025497    ,270.592742522187    ,0.00494256718463457 ,3.19028045131349    ,12.4872633053066    ,10.7075944336165    ,53025               ,may                 ,1991                
21.849806068335     ,1.45358592327101    ,210.778262285366    ,-2.91331408975991   ,3.81031204567228    ,35.3361428919616    ,33.9105844965377    ,85.8745560484162    ,277.706521806857    ,291.157750417439    ,252.280958855985    ,0.00527070331804808 ,3.15248681207811    ,15.4041598320228    ,13.3530692203976    ,53043               ,may                 ,1991                
24.6110760138446    ,1.15051301617848    ,221.103516672861    ,-2.84022337112864   ,4.08937478172921    ,39.303956107783     ,32.1821658384537    ,82.7891316079357    ,278.847652372894    ,292.451204550444    ,267.313220638589    ,0.00530192896479747 ,2.91389031002642    ,14.5932747093121    ,12.5383608809504    ,53001               ,may                 ,1991                
16.5100072266379    ,2.02972095794311    ,228.717256158914    ,-2.24112942478236   ,3.74262146438096    ,29.6628632447027    ,39.9734933923363    ,84.0463963853521    ,278.694987762856    ,290.885636724078    ,255.924557774234    ,0.00564945480215453 ,3.18039320748943    ,16.8450073840089    ,14.1533156210738    ,53075               ,may                 ,1991                
25.1099979475973    ,1.29946537095471    ,215.06475876271     ,-3.2118373406239    ,4.39887288928623    ,42.2410836288414    ,30.9204949959928    ,77.384733746247     ,280.915571196677    ,293.652858713306    ,273.589249221385    ,0.00539604376720741 ,3.01818506263622    ,13.8683666359402    ,11.8215305256784    ,53021               ,may                 ,1991                
29.081621054284     ,0.978537172824287   ,218.428379525026    ,-3.6824037405631    ,4.57417546885913    ,46.2294468133362    ,28.9204699759675    ,75.0827612819551    ,281.315859865064    ,294.02805948303     ,275.937530795361    ,0.005228386007173   ,3.16867804420338    ,13.0513902584727    ,11.1161029224611    ,53005               ,may                 ,1991                
13.4319342911554    ,2.88029080326608    ,248.383687762812    ,-2.39369214572953   ,3.61908392174357    ,26.5036310550326    ,43.5578328638797    ,81.7164780558099    ,278.568289443215    ,289.492556514446    ,254.835104900858    ,0.00557761517070376 ,3.23146266392442    ,17.6808929414698    ,14.6301459222823    ,53023               ,may                 ,1991                
12.6525112687258    ,3.45227228326031    ,234.024020909659    ,-1.71916715492597   ,3.55501441113189    ,23.6785528595337    ,44.7804203300818    ,82.3214746835042    ,278.52780531484     ,289.316832166329    ,253.008381113453    ,0.00560022077939286 ,3.26880371188054    ,18.9752931207484    ,15.1255276080342    ,53013               ,may                 ,1991                
17.542250193462     ,2.94552843529832    ,222.934098006452    ,-2.81590981541206   ,4.10746647851723    ,31.903329890453     ,36.4922471240284    ,78.5057514379758    ,280.711207600175    ,292.628153050881    ,260.368760346804    ,0.00564422214731897 ,3.21711685997965    ,16.5947731949981    ,13.5778986685488    ,53071               ,may                 ,1991                
13.0729662850587    ,3.05154497440082    ,263.083203458648    ,-2.86799714436931   ,3.69274863924227    ,27.357014167946     ,41.2495261181768    ,82.4754412219697    ,278.252515673834    ,289.717269423206    ,251.413522173776    ,0.00543348735532466 ,3.53278657250161    ,17.0811734936056    ,14.6204781579444    ,53003               ,may                 ,1991                
27.9783184101231    ,1.2624672275388     ,217.297922434254    ,-3.14246955072141   ,4.89311263174595    ,45.3267223388144    ,29.8338540474788    ,76.0563033365282    ,281.568603889897    ,294.774817061788    ,281.976937892945    ,0.00571289250315673 ,3.27144660624639    ,12.8232879097571    ,10.9387625777604    ,53017               ,jun                 ,1991                
13.25119049486      ,1.89302205852221    ,189.529949333035    ,-0.668261423532415  ,4.1735088225556     ,27.7836209884168    ,39.0764019758385    ,89.692948663126     ,280.251959448044    ,293.438875473935    ,266.569912165494    ,0.00673097516912514 ,3.06516431985534    ,16.9704022759241    ,14.2745355083346    ,53063               ,jun                 ,1991                
30.9308090605087    ,1.03795869163465    ,215.903675908762    ,-2.6601626903527    ,5.26621654280651    ,49.2652392883696    ,28.2890374983323    ,75.7408560833649    ,282.605627813345    ,296.278578616554    ,301.397848208542    ,0.00585048895603498 ,3.17822180856734    ,12.0027795598392    ,10.5597573012568    ,53025               ,jun                 ,1991                
20.6305857053176    ,1.1660133819876     ,194.358001795135    ,-2.75480797476681   ,4.48830573003066    ,36.0589971771483    ,34.4792162510546    ,90.5136519317506    ,279.933006834092    ,294.121147188537    ,283.393797172965    ,0.00640414515024906 ,3.05447558522604    ,14.7176586609372    ,13.2486036512334    ,53043               ,jun                 ,1991                
24.1621257198119    ,0.932622417158589   ,205.360499927831    ,-2.54916686952513   ,4.95097293911827    ,40.3314374845372    ,31.1065554130612    ,88.6874820822176    ,280.924161571076    ,295.965246702994    ,303.269902306004    ,0.00634818098101091 ,2.90704787050186    ,13.9043442082155    ,12.4349867969666    ,53001               ,jun                 ,1991                
15.2902341800805    ,1.70300997348626    ,206.989762127306    ,-1.7058667167729    ,4.48247699059692    ,29.3185692078086    ,38.3412586408877    ,89.2289532796822    ,280.727093730852    ,294.219060826919    ,286.579804658179    ,0.00674830338158006 ,3.08714638032633    ,16.6963050013149    ,14.0444707393272    ,53075               ,jun                 ,1991                
31.2417200638067    ,0.636953827322294   ,204.649301771797    ,-2.63664481456463   ,5.3750341523305     ,46.9397032894232    ,29.9346568447504    ,81.7665176161742    ,283.082448785244    ,297.052946417393    ,316.057855926905    ,0.006368192772184   ,3.0831846919885     ,12.74481641855      ,11.0193411647968    ,53021               ,jun                 ,1991                
35.3708752135818    ,0.919822925533475   ,214.330612882272    ,-3.14019541298379   ,5.56860769958891    ,50.7912695546122    ,28.8032520441849    ,76.8861452302049    ,283.54785883074     ,297.137374917055    ,320.461083406527    ,0.00616073094243395 ,3.30519220824895    ,11.9665167956663    ,10.408052155205     ,53005               ,jun                 ,1991                
11.6623125270364    ,1.95970454407281    ,221.27086428816     ,-1.56489854421675   ,4.40595623506522    ,27.1981788472359    ,41.1564388843797    ,82.577736284718     ,280.928230825862    ,292.837839465408    ,286.84746401769     ,0.00652061066800906 ,3.1346923685839     ,17.3143796125061    ,13.7075031019886    ,53023               ,jun                 ,1991                
13.6004634299008    ,1.94805864264204    ,207.628568248266    ,-0.767310616649674  ,4.45387075215734    ,27.367066524915     ,41.5423960635799    ,83.8034863596811    ,280.959953108383    ,293.004386537029    ,289.280969392733    ,0.00656256493598298 ,3.27520128185836    ,17.5854114994329    ,13.7646798885306    ,53013               ,jun                 ,1991                
21.9233428064502    ,1.32972288570268    ,206.597415226908    ,-1.85782687588113   ,5.12972597142222    ,37.133834170326     ,33.6774240219819    ,81.3004831469156    ,282.961603056125    ,296.326072444761    ,303.790234184782    ,0.00659264439315003 ,3.25730416530839    ,15.1943280183849    ,11.9676040074367    ,53071               ,jun                 ,1991                
9.04450440764826    ,2.04067510512551    ,226.723101822825    ,-1.82301909065015   ,4.39209949625089    ,25.7734739983459    ,40.1392174734686    ,82.1450135507143    ,280.862737268601    ,292.837888174683    ,279.559394064205    ,0.006403631984297   ,3.27599199894281    ,17.4347631083208    ,13.8139751560787    ,53003               ,jun                 ,1991                
43.0452806763244    ,0.406824298894216   ,236.989653251076    ,-2.68170047984505   ,6.48358831509498    ,60.2778170044739    ,21.4777794108579    ,64.9818301567792    ,286.421787069254    ,302.451666357413    ,312.405495793786    ,0.00639983328798964 ,3.24396158593       ,10.7517615047686    ,8.09956810200964    ,53017               ,jul                 ,1991                
28.2626658369059    ,0.488629839285085   ,193.054371112397    ,-0.315512905176694  ,5.91903306926182    ,43.9553848597241    ,26.9034034829243    ,79.7212240075303    ,284.054227288698    ,301.773506386723    ,304.314947578437    ,0.00754891117428936 ,3.061888090944      ,14.151214658051     ,10.5693347334616    ,53063               ,jul                 ,1991                
43.8757320418708    ,0.324573150391552   ,241.964900792559    ,-2.08161375044614   ,6.6364658991388     ,62.7342078558797    ,20.8664379767485    ,65.8647547979052    ,287.414768665096    ,303.880447068248    ,315.136329927358    ,0.00667357827181028 ,3.12805804463851    ,10.1683749933952    ,8.00357330650374    ,53025               ,jul                 ,1991                
31.6677698122603    ,0.410139768588386   ,207.379814435244    ,-2.55442695562671   ,6.07927019668237    ,48.414451025404     ,23.5914136777345    ,80.8518172753161    ,284.153031258947    ,302.327775761807    ,306.986549118997    ,0.00705632134780588 ,3.04616340021768    ,12.9669405854742    ,10.3346102986052    ,53043               ,jul                 ,1991                
34.60585847038      ,0.255857672915241   ,225.370880454048    ,-2.38130071511583   ,6.2129262299632     ,53.2850723666794    ,22.8306957615183    ,78.6664849946036    ,285.481135495192    ,303.890310352176    ,309.42121984311     ,0.00729065752183282 ,2.85317588494306    ,11.8396118894193    ,9.75556212613516    ,53001               ,jul                 ,1991                
29.8974155092805    ,0.372043244955209   ,204.73671108919     ,-1.4381796360498    ,6.0307537581527     ,45.3537123617502    ,26.5088841311619    ,81.7270895814262    ,284.646655392728    ,302.560820611306    ,308.413430760653    ,0.00765860957606029 ,3.02619702064109    ,13.848794055157     ,10.7653787220226    ,53075               ,jul                 ,1991                
42.2455301069038    ,0.216632362678832   ,229.951208925543    ,-2.53864595003617   ,6.49562921879013    ,60.9473120014957    ,22.4282663092128    ,70.4854975347779    ,287.773255170723    ,304.70532682433     ,313.530820853184    ,0.00732418204439346 ,2.96732147486867    ,10.3923451433111    ,8.64741236157808    ,53021               ,jul                 ,1991                
45.0460523590019    ,0.172995813961736   ,244.001936666825    ,-2.67061953220142   ,6.66373883233564    ,63.7004741338128    ,21.5777931670283    ,66.9766443734589    ,288.467906480801    ,305.013168055357    ,315.387872080649    ,0.00719339907015396 ,3.04156774719336    ,10.0281124815365    ,8.13433186728937    ,53005               ,jul                 ,1991                
32.9542701358345    ,0.374480026308914   ,221.737489956363    ,-1.30991399609031   ,6.08538300927525    ,50.4692366255521    ,26.5355433175712    ,67.1479731861467    ,285.9800631646      ,301.630792879576    ,308.577026986283    ,0.00715884690694892 ,3.00278491642833    ,12.9571490865794    ,8.9895849538886     ,53023               ,jul                 ,1991                
32.7214420328338    ,0.366755296475399   ,216.425983098337    ,-0.513539987604864  ,6.05614926812617    ,49.1459081907809    ,27.8520051086096    ,67.4882345752043    ,286.027700271181    ,301.507947942692    ,307.020205748522    ,0.00729124423069573 ,3.12802447335097    ,13.2078125714007    ,9.25853404598529    ,53013               ,jul                 ,1991                
36.8959623101074    ,0.315060422058935   ,226.707915570529    ,-1.72836551861711   ,6.43277550512745    ,54.9634589055939    ,23.459880522346     ,68.9269988112271    ,287.586129125259    ,304.457421927823    ,307.388066319571    ,0.00736077064553013 ,3.0336050660614     ,11.7766442200095    ,8.88706155164705    ,53071               ,jul                 ,1991                
31.824953691187     ,0.488289645058788   ,229.545507448068    ,-1.30761218143496   ,6.13715519454863    ,49.2521749563377    ,25.8633546357663    ,65.8758494244875    ,285.687928029333    ,301.5373976824      ,309.704489775986    ,0.00695022984860894 ,3.07220813096594    ,13.2714395939616    ,8.86924244915707    ,53003               ,jul                 ,1991                
45.7974009109168    ,0.295263253220392   ,252.981537302617    ,-2.24801768409381   ,5.5121258140056     ,63.7168243880189    ,23.9797650148076    ,66.9559067378779    ,287.083375254648    ,302.427775464009    ,258.693164083462    ,0.00696975224559365 ,3.12998173036489    ,9.66050590735789    ,8.59929757430837    ,53017               ,aug                 ,1991                
33.2424138947855    ,0.35552238141664    ,189.734029262577    ,-0.0545699593886826 ,5.20873306234487    ,49.3276365345419    ,26.320845823029     ,81.8108931720134    ,284.892471712937    ,302.357914052111    ,262.781803345421    ,0.00771863298575658 ,2.84147975096832    ,12.4323219128573    ,11.1279586015793    ,53063               ,aug                 ,1991                
49.8085978480245    ,0.122011949396917   ,249.778281729845    ,-1.778923292192     ,5.76676269757788    ,67.1099105835411    ,23.2753619495312    ,67.2182347351153    ,287.803390476834    ,303.862102456578    ,269.462161023711    ,0.00714005948998338 ,3.07892202302491    ,9.12269463050954    ,8.41094737090318    ,53025               ,aug                 ,1991                
36.875435901943     ,0.425290097819712   ,211.612697319994    ,-2.14552799424389   ,5.35512357410102    ,53.8192625594236    ,23.9050844587367    ,77.4051906480847    ,285.309580307248    ,302.644546253869    ,262.314214132116    ,0.00716579670092382 ,2.89823321976208    ,11.6298815008582    ,10.151778507218     ,53043               ,aug                 ,1991                
40.1551691838623    ,0.268906245831917   ,233.091004169547    ,-2.03572237474529   ,5.4663603835146     ,58.4064783644066    ,23.6363712421946    ,75.6076710619275    ,286.372861632821    ,304.028140072902    ,266.865484289678    ,0.00742553838510659 ,2.7295484565655     ,10.7230713958275    ,9.66283987328508    ,53001               ,aug                 ,1991                
39.0379116918472    ,0.300474927169774   ,230.591034725708    ,-1.32475823287327   ,5.45515670159284    ,53.6524441295964    ,24.1116806016882    ,79.5035705436113    ,285.385119220075    ,303.433249855693    ,262.400038323013    ,0.00750355721640434 ,2.93151106067581    ,11.8825259919501    ,10.4596868108753    ,53075               ,aug                 ,1991                
44.623782625506     ,0.232194613681981   ,234.475501335998    ,-2.11010987621087   ,5.65702217968167    ,63.1545420899876    ,24.4641162119787    ,70.4230776131301    ,288.466860942983    ,304.763084362399    ,271.877511136644    ,0.00776680106673824 ,2.76990296771154    ,9.82217218609661    ,9.04512696449573    ,53021               ,aug                 ,1991                
49.7113783168214    ,0.144331352944865   ,238.270560957817    ,-2.35210338029165   ,5.84608147084702    ,67.2477931186292    ,23.5767579144206    ,68.2261326919646    ,288.810438042175    ,304.999960478309    ,274.181902761472    ,0.00761576976264377 ,2.94793363168372    ,9.12034536081545    ,8.55749127538997    ,53005               ,aug                 ,1991                
45.364271595159     ,0.282362721673808   ,253.304748874226    ,-1.19638692283729   ,5.58805519919242    ,62.2829376745023    ,23.4110446317333    ,66.818940228963     ,286.692308698382    ,302.4235524365      ,266.900909943562    ,0.00696501484474955 ,3.01641693709489    ,10.1602686143691    ,8.63462425797336    ,53023               ,aug                 ,1991                
43.619103683646     ,0.354561851915929   ,234.487482119001    ,-0.268249061927329  ,5.53051329774443    ,60.4599671817233    ,24.8577315570172    ,66.6304081828384    ,286.66755731161     ,302.316033885036    ,269.4175115288      ,0.00713338734281011 ,3.00362642625562    ,10.4944323584994    ,8.85742838232527    ,53013               ,aug                 ,1991                
44.097364376866     ,0.353208760780016   ,234.606251870792    ,-1.42672509132685   ,5.75758486459363    ,61.8140173058419    ,23.4596636259678    ,68.6801727549035    ,288.20458440533     ,304.927675216679    ,268.723934112557    ,0.00758159383027425 ,2.88821335757088    ,10.215776770627     ,8.91402977368915    ,53071               ,aug                 ,1991                
48.8949930031376    ,0.154676494572144   ,263.171890556981    ,-1.28014584092328   ,5.75439643988981    ,64.7832364301724    ,21.5194656035466    ,66.695249531447     ,286.400690479786    ,302.839277640662    ,269.265326117077    ,0.00669639722335788 ,3.11867372014816    ,9.87734275608588    ,8.27912844964861    ,53003               ,aug                 ,1991                
48.4114389156476    ,0.06797934107864    ,196.58229191731     ,-2.17972601707841   ,4.07806887151096    ,66.826162303126     ,21.8164314089224    ,66.0399406038954    ,282.542244249534    ,299.512948295819    ,200.801615391652    ,0.0051431485683961  ,2.88219096704528    ,9.06334009903139    ,8.96665896244769    ,53017               ,sep                 ,1991                
39.248597721988     ,0.0495178800283836  ,167.471735951857    ,-0.449610214706854  ,3.76289988639024    ,52.0239847471166    ,25.7290476377733    ,83.2366356854502    ,279.580465392139    ,298.296526063805    ,197.804658084703    ,0.00555205522583969 ,2.83320241212362    ,11.7497075002607    ,12.1063981994911    ,53063               ,sep                 ,1991                
50.5708491860613    ,0.0193580655663715  ,185.037422838277    ,-1.86338054552665   ,4.17281455478604    ,68.942828253026     ,20.9048921108827    ,66.3155794386599    ,282.977240891256    ,300.737712441211    ,207.3592546599      ,0.00516373297970176 ,2.70342756173983    ,8.78929911041899    ,8.87569336679053    ,53025               ,sep                 ,1991                
43.8389255916221    ,0.045403058771207   ,169.774520191334    ,-2.18299124017061   ,3.92368470141123    ,59.4627184707775    ,22.0300274755619    ,75.5628362368854    ,280.48605437237     ,299.218473584062    ,198.460988001493    ,0.00509406096293082 ,2.75077188392433    ,10.4810958314909    ,10.4868865253628    ,53043               ,sep                 ,1991                
43.1909126695285    ,0.02498160093425    ,166.703167191293    ,-2.11118546518237   ,3.85094069217429    ,60.6634765495657    ,22.1477701477244    ,76.0420032333622    ,281.425786546126    ,300.465113431244    ,203.941472909193    ,0.00540903894647239 ,2.38471391077768    ,10.2074339957725    ,10.5062007015505    ,53001               ,sep                 ,1991                
42.2207147297117    ,0.0353726820583437  ,173.184799234476    ,-1.66942174937284   ,3.91415940160377    ,56.5774404489854    ,22.8686081730338    ,79.7068743488087    ,280.26023942895     ,299.490377613741    ,199.240329700246    ,0.00537089515492028 ,2.75854800790899    ,11.0158245269364    ,11.2994248898263    ,53075               ,sep                 ,1991                
45.9600731345075    ,0.000821209526979006,168.672024714901    ,-2.17994265816151   ,3.95572627828671    ,63.7778734300075    ,23.5828072231244    ,73.006924326481     ,283.330153296055    ,301.064153031569    ,211.054608414479    ,0.0057996713634855  ,2.3912627643194     ,9.61887528933011    ,10.0489385178762    ,53021               ,sep                 ,1991                
47.4905878649499    ,0.00835555839761945 ,171.427125934007    ,-2.44232247872701   ,4.067073422929      ,65.7686691368825    ,23.0158888276042    ,70.7785512465227    ,283.665276435987    ,301.010655225946    ,216.675958981787    ,0.00569361388351294 ,2.49340000186975    ,9.25303642730976    ,9.70792307830186    ,53005               ,sep                 ,1991                
50.714778146447     ,0.0377905315771606  ,189.112332538385    ,-1.54351778652357   ,4.04737199433842    ,69.1143892454064    ,21.1833381001253    ,62.4760621724415    ,282.263227484093    ,298.282490621689    ,203.72293727393     ,0.00483783163505319 ,2.88771191699658    ,8.78835496305185    ,8.45928880393382    ,53023               ,sep                 ,1991                
48.9495955682381    ,0.0420232628236474  ,174.402736750364    ,-0.575545071307277  ,3.96200853964837    ,68.2524467757859    ,21.6027109196881    ,62.1755546796176    ,282.300697795342    ,298.333319659008    ,207.561013364542    ,0.00487403800230746 ,2.74627376681431    ,8.99159636547428    ,8.51731146289       ,53013               ,sep                 ,1991                
47.0423938755279    ,0.0216329894899353  ,167.44145802925     ,-1.62786885037978   ,4.08703787924475    ,64.4678492036938    ,22.7535531053052    ,71.0412412901881    ,283.026086008129    ,300.83623309872     ,207.277474057577    ,0.00557817844402671 ,2.63328016146735    ,9.53669823598733    ,9.74581687314724    ,53071               ,sep                 ,1991                
53.0997334921701    ,0.059246647600855   ,212.236775782657    ,-1.72415776463756   ,4.17030063803759    ,69.1421017839381    ,20.8383174063225    ,63.3537424621211    ,282.051718139648    ,298.039061961673    ,203.167241806067    ,0.00478832356049962 ,3.17664249369698    ,8.73810223622334    ,8.53485600878722    ,53003               ,sep                 ,1991                
37.964228062405     ,0.394726987743199   ,181.841774979733    ,-2.43618430731431   ,1.92395884354688    ,54.6204030880481    ,30.6920501625898    ,77.1442673905975    ,273.566599910979    ,287.041307002728    ,121.013778558825    ,0.00339623089694232 ,2.92914802298817    ,10.3439550611022    ,12.5298129813836    ,53017               ,oct                 ,1991                
32.2406296705964    ,0.523625722617212   ,172.832756545686    ,-1.31439980627495   ,1.8464451519423     ,43.4219884976229    ,33.2019265815667    ,84.366194273119     ,272.296876684616    ,286.977156169976    ,117.781466230012    ,0.00365542154068598 ,3.1740903826435     ,13.0275488215833    ,14.4973298609169    ,53063               ,oct                 ,1991                
36.3836582962017    ,0.392650822948972   ,169.846632122494    ,-2.16741259805608   ,2.00268077498398    ,55.2600733115931    ,29.5748537914184    ,76.505051298187     ,274.443093851194    ,288.614165401307    ,123.326246890706    ,0.00350348455959515 ,2.85995909212761    ,10.1763445359325    ,12.4012291720645    ,53025               ,oct                 ,1991                
36.2303708608592    ,0.362243723808292   ,164.177486645564    ,-2.54477970070941   ,1.92033711717764    ,49.7109578374407    ,29.4096052498876    ,80.9949721993415    ,272.288987696809    ,287.35948514663     ,120.0276969885      ,0.00335928255997606 ,3.02416008186355    ,11.6549641262054    ,13.3541971031995    ,53043               ,oct                 ,1991                
32.2062816349086    ,0.463488537618827   ,162.80276281874     ,-2.42776799657397   ,1.84230247370355    ,49.5596730213463    ,30.5155780430212    ,80.5099762189255    ,273.682013915993    ,288.792290628766    ,121.677254131447    ,0.00366061395037852 ,2.54354694646259    ,11.5195944930458    ,13.3410279652759    ,53001               ,oct                 ,1991                
32.9933314462292    ,0.607438531308744   ,180.411466148046    ,-2.20458199032381   ,1.9708691815588     ,47.1028595011963    ,31.4065380335307    ,81.6017030238924    ,273.46420762006     ,288.561729362242    ,117.966057688878    ,0.0037501565464357  ,2.94899111436486    ,12.1701233290178    ,13.7957688629831    ,53075               ,oct                 ,1991                
32.7097895869509    ,0.515435585671708   ,169.607023611531    ,-2.49669315799689   ,1.89999351449699    ,51.4701289915269    ,32.5560861219543    ,77.8391082555425    ,276.033554122584    ,289.789500779372    ,123.309466786775    ,0.00400613308078251 ,2.5308011772319     ,11.0435956344415    ,13.0201903837786    ,53021               ,oct                 ,1991                
31.7914755229639    ,0.510480370634918   ,171.156723844127    ,-2.72360287345138   ,1.93301633913102    ,52.3297243973844    ,32.8507620792713    ,77.0467583861463    ,276.459563692009    ,289.893146415138    ,125.541414751081    ,0.00401066772871604 ,2.52574160532668    ,10.7219417896132    ,12.8746398754488    ,53005               ,oct                 ,1991                
38.8885372420204    ,0.845228200579449   ,196.115192353499    ,-2.21410377897461   ,2.09660248304925    ,55.8849512216109    ,32.1760930501968    ,74.1361339502596    ,275.221563536045    ,288.037463598418    ,120.171614056287    ,0.00366644159456119 ,3.06263681076448    ,10.1037776774955    ,12.5762755451401    ,53023               ,oct                 ,1991                
36.9604312310074    ,1.17928086781679    ,181.712080842688    ,-1.31958968269055   ,1.98212570147556    ,53.9450307762727    ,34.1202012028893    ,74.991923908349     ,275.302131919558    ,287.923659469123    ,122.933931458139    ,0.00380411999059624 ,3.05349904102483    ,10.5107898046149    ,13.1058615600513    ,53013               ,oct                 ,1991                
33.7632785433278    ,0.898235529364171   ,179.010273650722    ,-2.11481866204157   ,2.0496110934896     ,51.305782192768     ,32.6629836015929    ,76.9436488232836    ,276.124308444308    ,289.967444279048    ,120.026411810604    ,0.00404158294391534 ,2.90979332190985    ,11.0896725194397    ,13.1726365601519    ,53071               ,oct                 ,1991                
41.5989037151719    ,0.540864793432441   ,225.212151490971    ,-2.34191310514499   ,2.29074386042203    ,58.2732104877879    ,31.0645012943105    ,71.6982929978843    ,275.251540918532    ,287.676753630435    ,122.425011648973    ,0.00343171303953878 ,3.45244619481166    ,9.58418768676612    ,11.8299979963161    ,53003               ,oct                 ,1991                
9.75954754334027    ,1.66448325368995    ,196.601644164222    ,-2.14167612416189   ,0.625647213253103   ,16.4641219416876    ,57.059546261742     ,93.0424305116391    ,271.511448169033    ,278.271762091816    ,56.0746335318361    ,0.00361739290183764 ,2.76397364110103    ,19.2608393828931    ,20.5694559218534    ,53017               ,nov                 ,1991                
7.04645220145447    ,2.71590115727202    ,197.873949351185    ,-1.5709604718161    ,0.480998895943859   ,10.7503854018462    ,64.4039739952744    ,95.5716876353657    ,271.66709831261     ,277.809517477204    ,56.5909287165726    ,0.004016969164113   ,3.19045754337746    ,21.419847069347     ,22.2834401354843    ,53063               ,nov                 ,1991                
10.052449519115     ,1.51687759706009    ,191.578517623092    ,-1.74376370099025   ,0.740238403646522   ,19.4215897960026    ,54.9947979975299    ,89.5490735582285    ,272.99636320385     ,279.732150325275    ,57.1272559863921    ,0.00374042027656373 ,2.81057069361537    ,18.2617761031075    ,19.2010573755017    ,53025               ,nov                 ,1991                
7.83584693498619    ,1.97650981712597    ,194.930165686414    ,-2.35204140866855   ,0.524094017242973   ,13.1331064534942    ,62.168687116673     ,94.984583624792     ,271.753740360136    ,277.842913184701    ,57.4628223576997    ,0.00388197863148303 ,3.07273856347387    ,20.2564748350552    ,21.6281682708667    ,53043               ,nov                 ,1991                
7.1246298713622     ,1.83861756778634    ,179.946994621501    ,-2.02517456248929   ,0.607242155225935   ,14.200182123984     ,59.6680528105159    ,93.3580529669294    ,273.006816796245    ,279.553807067871    ,57.9175280844243    ,0.00404147931841383 ,2.62968129884263    ,19.9446572862587    ,20.8705161264997    ,53001               ,nov                 ,1991                
7.12891453358648    ,2.64122469393179    ,198.839540741023    ,-2.06960090646557   ,0.709424714754609   ,13.4234551979448    ,57.3108952555189    ,92.1824893686631    ,273.236790138394    ,279.706989801145    ,58.8520887115329    ,0.00410503218930178 ,3.37605358680089    ,20.5551242129008    ,20.8510579849318    ,53075               ,nov                 ,1991                
7.92968851553324    ,1.83555783918271    ,180.773048580686    ,-1.84115895980444   ,0.72481550396826    ,15.5760336219653    ,59.6623487839332    ,91.3048074252789    ,274.730595151461    ,281.079073188977    ,55.7044852442619    ,0.00430306938541038 ,2.77471652985383    ,19.603409404021     ,20.1645119879796    ,53021               ,nov                 ,1991                
10.1319602791492    ,1.67714763845389    ,180.432758442432    ,-2.0632896811593    ,0.768849258095437   ,17.2544027571014    ,57.6669882191239    ,91.2148188694459    ,274.812545741757    ,281.448173840464    ,58.5962924078842    ,0.00429896225088967 ,2.73493493279879    ,19.3038777380535    ,19.8934496158209    ,53005               ,nov                 ,1991                
6.31815223669629    ,4.12263024037484    ,215.157640693301    ,-2.04248187970177   ,0.799220534736449   ,12.4482257928891    ,55.6891018162603    ,91.5584336946223    ,273.366708323477    ,279.746303550452    ,58.8148004841854    ,0.00414071646669646 ,3.67791696220451    ,21.3964831555605    ,21.3805990985215    ,53023               ,nov                 ,1991                
4.32135206426365    ,5.71790508334809    ,205.352655074151    ,-1.13177031679095   ,0.732304490206805   ,8.81324241855954    ,58.9083572450941    ,93.1994738966591    ,273.178283190769    ,279.619342946424    ,61.1388160212918    ,0.00423474723427885 ,3.87559853163897    ,23.31173473711      ,22.5563881339827    ,53013               ,nov                 ,1991                
6.20803442212745    ,3.39998986381825    ,194.525122494491    ,-1.46624307560565   ,0.794539852698806   ,11.4253679598907    ,59.1716361069098    ,92.5703963302985    ,274.837096287177    ,281.340798123161    ,55.7015379528366    ,0.00444561789729721 ,3.63479361949655    ,21.708664861798     ,21.3952470656656    ,53071               ,nov                 ,1991                
8.66266086415508    ,2.85059849797882    ,236.868512631159    ,-2.19060271797099   ,0.910513412792897   ,16.215055761879     ,53.2217539548294    ,90.6562536267468    ,273.099689949574    ,279.635336856888    ,61.0832259261695    ,0.00396840189421581 ,4.31061330787167    ,19.5563656047023    ,20.3147791487747    ,53003               ,nov                 ,1991                
13.8947482792796    ,0.463723207791968   ,139.388079101517    ,-1.86271649735636   ,0.433504554112711   ,16.5691406373494    ,63.6047802192503    ,89.5160391959219    ,270.549837469905    ,276.209887397814    ,49.4867690958638    ,0.00319837570520535 ,2.60502335130097    ,20.7116676916652    ,19.0133100927786    ,53017               ,dec                 ,1991                
8.42077821287522    ,1.28785188439045    ,149.639119997962    ,-1.40524901499502   ,0.391164052772256   ,5.99012106643646    ,70.5719365082251    ,96.055762777744     ,270.876651758505    ,276.669037678418    ,46.2835088181037    ,0.00366328282453018 ,3.30619322435955    ,25.2318318932252    ,22.4353123980815    ,53063               ,dec                 ,1991                
15.752861027998     ,0.375336833332712   ,132.159095056893    ,-1.43191913287862   ,0.533555996745126   ,17.5534075108336    ,59.8952005396813    ,92.1061618465537    ,271.624987259237    ,278.202097923562    ,49.349919764782     ,0.0034749477412248  ,2.72669589773393    ,20.3296621380747    ,19.5289119619048    ,53025               ,dec                 ,1991                
12.4552533608289    ,0.730086380885818   ,142.748241549517    ,-2.02116446534887   ,0.444898316927664   ,11.163676282724     ,65.7009452458687    ,94.5672966404007    ,270.667217085299    ,276.594023820608    ,47.2917665927678    ,0.00345481414436426 ,3.09678506211525    ,22.8203376326944    ,21.0985979681842    ,53043               ,dec                 ,1991                
12.2864306068324    ,0.583525121569235   ,137.831332075036    ,-1.5838478040217    ,0.479211270150576   ,12.7853063796811    ,62.9802589503947    ,94.1404434211388    ,271.838066950728    ,278.1498962927      ,46.3551890707517    ,0.00366931435007846 ,2.57546705058789    ,22.176310755849     ,20.5760903583898    ,53001               ,dec                 ,1991                
10.3189051670829    ,1.04670242072204    ,160.464373350349    ,-1.6211826079032    ,0.588146733228775   ,10.3017335675735    ,61.0178459062763    ,93.1586887694714    ,272.125402082855    ,278.524265709971    ,45.4008529237485    ,0.00372656889749216 ,3.31596540096694    ,23.5309771141351    ,20.4400892149607    ,53075               ,dec                 ,1991                
14.6057464048992    ,0.58102406530044    ,189.132898646133    ,-1.23678153317708   ,0.546071778629453   ,15.1928771296067    ,63.0286476790599    ,92.1258949905787    ,273.179971970778    ,279.093756725605    ,45.5458573404948    ,0.0038361423152487  ,2.61684373598068    ,21.4395313810691    ,19.7730205710729    ,53021               ,dec                 ,1991                
15.5593624150524    ,0.509069001875979   ,174.217954109852    ,-1.54171930751681   ,0.572211671876308   ,16.6159123758005    ,60.6867262678504    ,92.1041600658108    ,273.07890633126     ,279.330078546347    ,48.2623469995089    ,0.00378532259891735 ,2.48106602213439    ,20.9636571389448    ,19.5376181807509    ,53005               ,dec                 ,1991                
11.2797165337372    ,1.40064027853943    ,182.342858470301    ,-1.14304472279289   ,0.702827063266103   ,12.0345114991581    ,55.7605700751516    ,88.7748824366378    ,272.2022051983      ,278.649520229553    ,46.9066035602404    ,0.00356843917884654 ,3.5183912604677     ,23.84021057895      ,19.0137581393832    ,53023               ,dec                 ,1991                
9.88558027716337    ,1.99057638250408    ,176.163688555688    ,-0.0268387029152266 ,0.598420305378462   ,9.56221375971538    ,58.6384838706744    ,90.4419851779106    ,272.215167065898    ,278.180260109361    ,50.179909275714     ,0.00364391314543143 ,3.61383859934919    ,25.3386393685199    ,19.8433201484447    ,53013               ,dec                 ,1991                
13.0212963409702    ,1.09352844931327    ,179.224057971114    ,-0.378360168236058  ,0.607343041151762   ,12.2852372010962    ,62.6198375557173    ,91.0209624106968    ,273.469854161539    ,279.093525819856    ,46.3234594624217    ,0.00387894264882971 ,3.3368034167826     ,23.2774038198518    ,19.6808741952023    ,53071               ,dec                 ,1991                
15.3570880358817    ,0.843380246538025   ,207.826722418421    ,-1.34143615508602   ,0.827687297253858   ,16.4406365786246    ,53.3320926267155    ,86.7342103902441    ,271.900264741847    ,278.638217289314    ,49.5563207459276    ,0.00337778306495367 ,4.15993010079774    ,21.8278375075681    ,18.0691905890648    ,53003               ,dec                 ,1991                
