bi,pr,th,pdsi,pet,erc,rmin,rmax,tmmn,tmmx,srad,sph,vs,fm1000,fm100,countyfips,month,year
5.36583399638302    ,1.09975743731689    ,148.186525512047    ,2.79151596652423    ,0.315278271253825   ,4.90128467599825    ,65.0253170032665    ,94.6760961617006    ,263.643201629158    ,271.029536695773    ,59.1977534289568    ,0.00233060861061525 ,2.6573065916939     ,25.1211529071616    ,22.0817967393628    ,53017               ,jan                 ,1996                
3.39630999792445    ,2.58466284279029    ,142.504867698868    ,3.33553021065249    ,0.404219576630368   ,2.45663054469804    ,68.5409039473905    ,91.9696644149886    ,265.731466428546    ,272.651210380589    ,51.0650751546079    ,0.00274518583261793 ,3.15725057670235    ,27.1060149892894    ,22.4129532648426    ,53063               ,jan                 ,1996                
5.22740480660462    ,0.935273869424143   ,136.790603934597    ,3.49971525244855    ,0.297058532591286   ,4.06672982631698    ,67.4025715516762    ,97.3024246495674    ,264.49753920644     ,272.039417199132    ,55.8936349065994    ,0.00256567123909118 ,2.68283017873307    ,25.3428951959576    ,22.8484560672971    ,53025               ,jan                 ,1996                
4.6572797274825     ,1.56263376123884    ,137.846217399868    ,3.17349858519191    ,0.344915532352774   ,3.85222506796467    ,68.0873142797206    ,93.533835178839     ,264.800191753721    ,271.7404328908      ,53.1406040723223    ,0.00257841924758003 ,2.98992899804332    ,25.7013406504641    ,22.2026320867959    ,53043               ,jan                 ,1996                
4.64913132206187    ,1.3899416626698     ,141.848199423186    ,3.89774126321106    ,0.33466385207896    ,3.41272212524339    ,67.5176447461015    ,95.9675708650518    ,265.825509269948    ,273.109779691463    ,52.653682210439     ,0.00280361843738998 ,2.43277063063106    ,26.0383121433359    ,22.7462202221643    ,53001               ,jan                 ,1996                
3.79036452699532    ,2.5229911879378     ,171.150808644643    ,4.24338013321746    ,0.514475940970927   ,3.32094785378344    ,63.0370131952622    ,91.6371715917714    ,267.407767909591    ,274.501679873964    ,49.9875431135348    ,0.00295141438735769 ,3.12541635670743    ,26.6724463691205    ,21.8206821525617    ,53075               ,jan                 ,1996                
4.5594215694061     ,1.27262316210468    ,170.857691352677    ,3.87807251092715    ,0.429256202470946   ,4.26084634755051    ,64.8969158863607    ,95.647737979179     ,267.367793353438    ,274.935252342508    ,51.1835439639411    ,0.00301178628033537 ,2.65903181776072    ,25.4608416789223    ,22.2013158616002    ,53021               ,jan                 ,1996                
6.32745507940921    ,1.08857909272016    ,173.00714802133     ,3.27469428180473    ,0.478235600790317   ,6.09969351859747    ,61.8571835204967    ,96.1886847267216    ,267.483906256058    ,275.576748886735    ,54.3771544925401    ,0.00301824290360528 ,2.55767966005372    ,24.8787057412037    ,21.9014290127733    ,53005               ,jan                 ,1996                
2.41851244403403    ,3.34659083183997    ,195.364509839521    ,4.67298466547182    ,0.591724858390314   ,2.69828078867941    ,61.3392247800191    ,92.410792074278     ,268.036850953909    ,275.399757139144    ,52.081476148874     ,0.00312765180173752 ,3.47615596257334    ,27.4331500787722    ,22.4795598215628    ,53023               ,jan                 ,1996                
1.68926915060638    ,5.10329280591327    ,188.085458301689    ,4.55913168930466    ,0.572703160007063   ,1.72861738937373    ,62.0317574613623    ,94.3610981285844    ,267.809001997987    ,275.115871035797    ,55.4267645491033    ,0.00314092116597406 ,3.93304255058125    ,29.3704703977997    ,23.8128053635847    ,53013               ,jan                 ,1996                
2.90278924596369    ,2.6126328760398     ,182.116958499463    ,4.37485581232603    ,0.600633367987918   ,2.85760191782642    ,60.6892257993565    ,95.2542520728663    ,268.430990595784    ,276.357085869502    ,50.5449112675304    ,0.00320218530989873 ,3.73723824782194    ,26.8767869428109    ,22.6007808967428    ,53071               ,jan                 ,1996                
5.27160063908914    ,1.81139987876956    ,216.389666545411    ,4.26958209203688    ,0.643219299665305   ,7.03007880051892    ,62.8100176443626    ,91.3728245491978    ,268.291710338229    ,275.466379947541    ,54.4798380753167    ,0.0031592393135636  ,4.23225450751527    ,24.3528478569442    ,20.9884737297482    ,53003               ,jan                 ,1996                
12.0885294610424    ,1.47358106810587    ,126.211299964324    ,3.01980958398355    ,0.94909340919533    ,14.7546282818525    ,48.8667842509153    ,87.4302903591416    ,267.306987437093    ,276.544573058612    ,106.255523675949    ,0.00263818495308597 ,2.96390539007229    ,22.5642688621408    ,18.0400139985747    ,53017               ,feb                 ,1996                
5.89500005340721    ,3.0553693237431     ,113.296159630799    ,3.979505687016      ,0.910903254783495   ,6.01464040338516    ,55.0610137567591    ,91.155443990743     ,267.39795140189     ,276.932027451535    ,91.3629566998881    ,0.00292374930912116 ,3.42849042743147    ,26.1719696642884    ,20.4577191532357    ,53063               ,feb                 ,1996                
11.9905196871643    ,1.17690746098286    ,115.178353582069    ,3.81419389768027    ,1.0406828673158     ,14.2025900738072    ,50.4204742326908    ,88.4594767835253    ,268.110110909797    ,277.708009128566    ,102.4234974299      ,0.00282126630497836 ,3.04527923061405    ,22.6684309454928    ,18.2337241573787    ,53025               ,feb                 ,1996                
10.0314391005616    ,1.76186082296726    ,106.23363875223     ,3.58674690926369    ,0.918411808341813   ,10.9028269663501    ,54.0370206403684    ,90.3085080383176    ,267.390789971025    ,276.578702768611    ,98.5741291319271    ,0.00284426988306232 ,3.22040834919792    ,23.7937613856943    ,19.3052099767172    ,53043               ,feb                 ,1996                
8.42887311474861    ,1.60986396533712    ,130.066512665389    ,4.37843820734489    ,0.964305591746262   ,10.5052993588729    ,53.6754008532058    ,89.875992177697     ,268.464578190545    ,277.946812547332    ,96.4760123759179    ,0.00300953773467102 ,2.60532972463027    ,23.8788354361687    ,19.1085417638096    ,53001               ,feb                 ,1996                
6.09816315191459    ,2.92672322935918    ,145.440427861486    ,5.04666404948515    ,1.00468715669415    ,6.44959478965967    ,54.4943492382915    ,91.4245510915548    ,268.651695986195    ,278.41861844744     ,92.4955790950871    ,0.00316869840590369 ,3.13212466455558    ,25.9994471367267    ,20.3158878170943    ,53075               ,feb                 ,1996                
7.25273949867952    ,1.45207128686073    ,198.651655598824    ,4.38029796649248    ,1.08279764812931    ,11.2126435433924    ,52.4973576218217    ,89.6232900965345    ,269.745667956426    ,279.490050963517    ,98.302389732298     ,0.00317254159793035 ,2.59832141079664    ,23.30712824287      ,18.7717703656836    ,53021               ,feb                 ,1996                
8.50853362008312    ,1.32296160062962    ,185.62699917752     ,3.67336206229246    ,1.10289343916957    ,12.4769252310578    ,49.1678999296609    ,90.5838623792563    ,269.573245895786    ,279.594319711977    ,100.202670477652    ,0.00311280474275012 ,2.51807526286789    ,23.0314557629929    ,18.7345099801848    ,53005               ,feb                 ,1996                
4.7000935117155     ,3.80206395700547    ,174.644999236397    ,5.60067422049386    ,1.10603561969978    ,5.89331871503298    ,51.2066746026727    ,88.4675576498578    ,269.375090467898    ,278.746889806577    ,95.4702406504986    ,0.00317408454738423 ,3.35006146952047    ,26.8088006067826    ,19.7770385048298    ,53023               ,feb                 ,1996                
2.99521413387439    ,4.47347871449594    ,176.220642678111    ,5.59050516017028    ,1.09475880751363    ,3.73441362159155    ,51.2513318796522    ,89.3729373679379    ,269.23982206386     ,278.655894471356    ,100.961896844292    ,0.00318094415356662 ,3.42249545355229    ,28.9044655426813    ,20.3950935571873    ,53013               ,feb                 ,1996                
4.54013194250337    ,2.47002463013747    ,177.061493600701    ,5.09897041353107    ,1.15643802092873    ,6.63737430076123    ,52.4666198288522    ,90.9874109878496    ,270.113750105536    ,279.806172812857    ,93.8590158463632    ,0.00331896219477627 ,3.28827196301657    ,25.8921954053066    ,19.8855427114529    ,53071               ,feb                 ,1996                
7.29521148280286    ,2.65310632238578    ,195.942245809577    ,5.04323804175477    ,1.26181468872569    ,11.376395328841     ,49.3721168212771    ,86.3601060669415    ,269.458226986548    ,278.945927752195    ,98.148550428116     ,0.00306193632792435 ,4.13653531937828    ,23.5912311375452    ,18.4406013368193    ,53003               ,feb                 ,1996                
21.8747543547608    ,0.490860151859503   ,160.406466555557    ,2.86279567575412    ,1.92249748608556    ,29.2061762905527    ,40.5438466127225    ,82.1618419271087    ,272.024634961366    ,282.444047105778    ,155.366653326625    ,0.00326923282211537 ,3.05870799789863    ,17.8607473311637    ,14.1761143046891    ,53017               ,mar                 ,1996                
12.908023177156     ,1.07108514181994    ,160.233593098894    ,4.05510522722594    ,1.65913021589321    ,16.2895950738301    ,48.6397517311163    ,91.4742555637923    ,270.901803829142    ,281.490911913708    ,137.68977129858     ,0.00352533870519189 ,3.32344433673165    ,21.9946384018502    ,17.2550228033618    ,53063               ,mar                 ,1996                
20.9741978420944    ,0.573388162765496   ,158.487353588701    ,3.88555205965246    ,2.00124974387388    ,27.0857942492541    ,40.1186369605002    ,86.9833979005134    ,272.943519066322    ,284.183064926821    ,154.48573191911     ,0.00358394163173143 ,2.99039749283656    ,18.4507071731886    ,15.1271648379143    ,53025               ,mar                 ,1996                
18.5956846761084    ,0.704470595847524   ,159.722413535408    ,3.59496048488784    ,1.785228604422      ,21.9470334319927    ,45.3264577990271    ,90.2645699229891    ,271.39466470831     ,282.228421978866    ,150.730286785798    ,0.00352480536279909 ,3.16605416007511    ,20.1729501907357    ,16.4069624342886    ,53043               ,mar                 ,1996                
18.0352737186756    ,0.647693149034082   ,151.471210455418    ,4.39541459994421    ,1.87022976774927    ,22.8776896624438    ,43.817763681938     ,91.1149528010494    ,272.497190608568    ,283.951062483911    ,155.116501127928    ,0.00374557086980865 ,2.69629288104824    ,19.8116927923496    ,16.3222764735632    ,53001               ,mar                 ,1996                
13.2670400763575    ,0.933130260567964   ,177.44399038881     ,5.01884632849226    ,1.81505735127252    ,18.0629001106121    ,48.1905115676967    ,90.2669753055464    ,272.57012833018     ,283.131639857138    ,148.286929884011    ,0.00383986853246455 ,3.16400280957882    ,21.2320507747353    ,16.7265969074112    ,53075               ,mar                 ,1996                
15.9996195540147    ,0.7671601406324     ,170.187986640661    ,4.53431330246803    ,2.03211851932718    ,22.8280654205578    ,42.9367173862221    ,89.8980680910588    ,274.115771030019    ,285.615309222579    ,157.694055721955    ,0.00396227741899389 ,2.66496449913783    ,19.547559581501     ,16.0926739829941    ,53021               ,mar                 ,1996                
16.9104262066242    ,0.713871872147478   ,161.079167855764    ,3.86012128412841    ,2.0548408944078     ,23.8865959783573    ,42.8888606831281    ,88.8015903566466    ,274.358260805494    ,285.64129650322     ,159.714201799215    ,0.00398019558323696 ,2.6732809786397     ,19.2185108427738    ,15.8471603140983    ,53005               ,mar                 ,1996                
10.8169636658721    ,1.30013766740599    ,212.278802303925    ,5.44671918294445    ,1.8179899235869     ,16.316072428511     ,49.7047343627648    ,88.344167402478     ,272.901254331772    ,282.551245088449    ,150.081019963895    ,0.00387008381722727 ,3.2948662855897     ,21.674525165768     ,16.7546223086504    ,53023               ,mar                 ,1996                
9.87405620517045    ,1.44336105146998    ,191.829932250492    ,5.37662119349468    ,1.7901401588581     ,13.9972433127616    ,50.9446265164752    ,89.8580385435878    ,273.035404647933    ,282.639912674061    ,156.580236688777    ,0.00398272744594169 ,3.20042026353998    ,22.8690376932447    ,17.3076578044263    ,53013               ,mar                 ,1996                
11.9560515147273    ,1.1069242406784     ,183.316067787462    ,5.03496299591168    ,1.99396417810321    ,18.2726922574124    ,47.2163407633131    ,88.7229699755853    ,274.766378959458    ,285.282391980099    ,151.42142133065     ,0.00418167517510962 ,3.06679708292767    ,21.0636490519954    ,16.4641510089051    ,53071               ,mar                 ,1996                
15.1015301690234    ,1.02370275681247    ,240.507712502827    ,4.95893798257313    ,1.92036846914459    ,21.4011096593378    ,48.7566540747046    ,86.7398271742556    ,273.185435299371    ,282.743886334604    ,149.898878866851    ,0.00382951798960152 ,3.76818292914825    ,19.5742095116871    ,16.0310755249807    ,53003               ,mar                 ,1996                
26.3874013453516    ,0.641490912394596   ,216.653671341422    ,2.62382579631668    ,3.0700784249822     ,37.2726485259235    ,36.1951131926928    ,83.7764711587363    ,275.866183762323    ,288.455939166265    ,206.683994773734    ,0.00446258155278224 ,3.67029155279106    ,14.7344593530931    ,13.3436456192322    ,53017               ,apr                 ,1996                
11.5434460760177    ,2.49871440547638    ,211.079878312162    ,3.62364540563891    ,2.70483739171347    ,19.6109746683695    ,43.2819935507808    ,91.9369231002792    ,275.515369923137    ,287.663302049569    ,195.719098897546    ,0.00498467359893315 ,3.88797108834758    ,19.8187034116086    ,17.1253296445327    ,53063               ,apr                 ,1996                
27.5705297618756    ,0.445952114185896   ,210.821059431265    ,3.85894775405154    ,3.29100891830789    ,37.3468301261074    ,33.8520103387757    ,86.0153287551666    ,276.990398522748    ,290.646886094934    ,209.971876424061    ,0.00471366342917762 ,3.53153470721207    ,15.0194155274332    ,13.4179284280862    ,53025               ,apr                 ,1996                
18.8133485412903    ,1.28850033534076    ,211.056334365201    ,3.24569344729209    ,2.90482557201158    ,27.0534535989177    ,38.855246864507     ,92.2902305748696    ,275.342816213093    ,288.637087107122    ,204.063931410371    ,0.00484353449279346 ,3.72861744218055    ,17.5988979335806    ,15.8867706941439    ,53043               ,apr                 ,1996                
19.1829330865857    ,1.00284655552283    ,201.691605538238    ,4.17493142109318    ,3.10625440639434    ,29.3861861730829    ,36.3130251996497    ,90.3243679582219    ,276.523422156683    ,290.187864497056    ,213.130660163275    ,0.00488006359641373 ,3.25802803557035    ,17.0208333875297    ,15.1139916551147    ,53001               ,apr                 ,1996                
11.4786226815096    ,2.55206904714832    ,209.596911413455    ,4.70471199652728    ,2.89201798560573    ,20.4560885520402    ,42.8210338240979    ,90.1606653062409    ,276.653729936188    ,288.622665311926    ,204.024115265192    ,0.00511347937865146 ,3.76673372776836    ,19.5186366289924    ,16.8349667093614    ,53075               ,apr                 ,1996                
18.1799960910541    ,0.767472458730141   ,198.301584285528    ,4.5804401633067     ,3.36531156006532    ,31.2876918834295    ,35.0955344104767    ,86.6586304224454    ,278.33125473805     ,291.590223560822    ,218.752163245372    ,0.00504060702759605 ,3.28635298938323    ,16.403720405652     ,14.1173837735103    ,53021               ,apr                 ,1996                
20.4946292857358    ,0.729063452082214   ,194.715903525193    ,4.01575646515664    ,3.40136352856836    ,32.4819373167478    ,34.4466901371935    ,86.8753002305943    ,278.116336080638    ,291.551597858557    ,220.749139030727    ,0.00497694110707472 ,3.34473920465103    ,16.2265055485261    ,14.0309146786112    ,53005               ,apr                 ,1996                
9.96338069588621    ,3.10161340308547    ,220.209929149936    ,5.18014789935718    ,2.83701219772824    ,17.7567067235215    ,44.6588447926207    ,88.3216348419031    ,276.424406319375    ,287.44016707837     ,205.069563651233    ,0.005016432694467   ,3.93632590565869    ,20.6954729575795    ,17.1565550093325    ,53023               ,apr                 ,1996                
8.87563081756238    ,3.75225725120639    ,212.218489450185    ,4.96089408951072    ,2.88102334363298    ,16.3980942375249    ,44.2357096959991    ,87.385688422238     ,276.585092155097    ,287.632531996589    ,205.559115202473    ,0.00495796834243003 ,4.04224641195142    ,21.4895385475891    ,17.34363622241      ,53013               ,apr                 ,1996                
10.3572563901445    ,2.10705725252628    ,206.968539030894    ,4.83239638708471    ,3.30507267075502    ,22.718088025051     ,39.100907806717     ,86.661539846901     ,278.631434825701    ,291.137743818082    ,209.873190019706    ,0.00526590422871661 ,3.82983803025429    ,18.7847973018481    ,15.6484477326153    ,53071               ,apr                 ,1996                
10.9012296361921    ,2.69162393321449    ,235.369958694718    ,5.09529750016484    ,2.89207212250598    ,19.8144710810823    ,42.8939885698676    ,88.0849076807064    ,276.290822922458    ,287.45037856276     ,200.770338981981    ,0.00491255981617646 ,4.35644814860792    ,19.7432424561531    ,16.7696634530441    ,53003               ,apr                 ,1996                
22.9266665953892    ,0.987660814218859   ,229.242417764046    ,2.72740392543556    ,3.81227225872674    ,38.9368427600169    ,36.7520615204802    ,82.3910514197031    ,277.560704913122    ,290.292272955322    ,253.276844176901    ,0.00502398419456493 ,3.28830959233613    ,14.00863151241      ,12.4829385249721    ,53017               ,may                 ,1996                
12.0200044265066    ,1.97049603071887    ,206.562760590315    ,4.35362810735886    ,3.2806871825193     ,21.0308525088606    ,45.0858387077938    ,90.2111322115141    ,277.151158696098    ,288.811773149625    ,233.106573902844    ,0.00558007858056768 ,3.53482934070202    ,19.6109374033515    ,15.5600605238207    ,53063               ,may                 ,1996                
24.6415126305411    ,0.754575011341887   ,216.627293795251    ,3.93796311835557    ,4.13655497316778    ,41.2794378168383    ,32.6818014915283    ,82.2083581795197    ,278.3723632215      ,292.005113086407    ,262.009461954671    ,0.00504492598906615 ,3.32603538341452    ,13.5856754441387    ,11.9617503530723    ,53025               ,may                 ,1996                
17.0245472193184    ,1.37607066531647    ,214.853817806351    ,3.61956781210554    ,3.54363015872041    ,28.1145208625139    ,39.8459645072402    ,92.1294554486379    ,276.586352770723    ,289.87522043423     ,250.205578764001    ,0.00542104456007861 ,3.40818935824979    ,17.1631419045773    ,14.7646090936804    ,53043               ,may                 ,1996                
20.620536853084     ,0.962797511967089   ,207.501770754775    ,4.53421658829723    ,3.88871380137763    ,33.4990284670544    ,35.5454424177502    ,88.6132478808308    ,277.478986527675    ,291.353617328165    ,264.384334307169    ,0.00528517940437993 ,3.112688967355      ,15.8798755910549    ,13.4956849131966    ,53001               ,may                 ,1996                
16.0581913614249    ,1.60408822920336    ,218.229480570842    ,5.54412171532126    ,3.50032674951843    ,24.0550920663613    ,44.028193780367     ,88.7970066529478    ,277.844713461367    ,289.773320701643    ,246.023750910895    ,0.0056518084750258  ,3.36732270130623    ,19.025485995327     ,14.9569697233848    ,53075               ,may                 ,1996                
22.6945275263449    ,0.93758799059885    ,202.876209154023    ,4.84929711421331    ,4.22603376556567    ,38.0267891453158    ,32.7422780351662    ,82.1754452968058    ,279.404020244135    ,292.771883337433    ,265.746624593995    ,0.00526625260701472 ,3.16435414932798    ,14.6883029504686    ,12.2981483313345    ,53021               ,may                 ,1996                
24.8580082879988    ,0.859893717685201   ,203.993448759108    ,4.2179388864741     ,4.33327647105021    ,39.9056953813175    ,31.3038849670438    ,81.4160635255179    ,279.649264462874    ,293.058830383557    ,265.772286774253    ,0.00518618776706247 ,3.29464413061252    ,14.3731565763532    ,11.9953210788002    ,53005               ,may                 ,1996                
14.6446813011238    ,2.10522674181148    ,232.649000814835    ,6.03495331185698    ,3.29361376305473    ,20.8621194153586    ,49.4051221321303    ,87.3928282165833    ,277.797501062826    ,288.300161038771    ,241.621308987281    ,0.00571016316068217 ,3.40657681853708    ,20.2049106641084    ,15.5695108783625    ,53023               ,may                 ,1996                
14.8642015923773    ,2.19750472449497    ,217.251959194976    ,5.76478485869696    ,3.35866601949124    ,20.3115170119943    ,48.8651579341621    ,87.3049264343138    ,277.825669971396    ,288.503123861454    ,245.803710677861    ,0.0056992236188138  ,3.63674731680699    ,20.6934344974287    ,15.6300062752318    ,53013               ,may                 ,1996                
18.4132832957003    ,1.65318439889151    ,211.750116243376    ,5.39262823102274    ,4.01123910624931    ,29.284206596094     ,38.2957962407798    ,82.3794239123225    ,279.887790262746    ,292.194428006464    ,251.189130483448    ,0.00564001172341586 ,3.50076485186651    ,17.5524279632939    ,13.5292702656608    ,53071               ,may                 ,1996                
13.4010720126726    ,2.21877821825913    ,242.13435195023     ,6.07100692456656    ,3.343232473023      ,21.3159652220996    ,47.1749427607684    ,85.7305786217244    ,277.790959885689    ,288.428880742277    ,233.654924132668    ,0.00552948142487616 ,3.64287403466591    ,19.7565113572421    ,15.306969370257     ,53003               ,may                 ,1996                
37.0755746768568    ,0.422423806648638   ,231.25555494545     ,2.68018682369325    ,5.53179882470274    ,52.9283569481602    ,27.7383312116522    ,72.1234869198658    ,281.923191365999    ,297.384974703313    ,316.1129771326      ,0.00568952128824151 ,3.00453540902361    ,12.0611703542793    ,9.544216364756      ,53017               ,jun                 ,1996                
25.4601218146325    ,1.19894228012366    ,191.406854382547    ,4.53428897161977    ,4.9642649986099     ,38.17546241281      ,34.7811279347119    ,80.686805005832     ,281.166375914847    ,296.711270763084    ,289.86041544148     ,0.00663695489393742 ,3.04813086391703    ,15.3765572369159    ,11.8121669795375    ,53063               ,jun                 ,1996                
38.5963658274675    ,0.316987321710601   ,228.952042716021    ,3.80226948724732    ,5.77368566810467    ,55.862145710747     ,26.0541267885514    ,73.7471856352616    ,282.770794756771    ,299.074534418175    ,322.056931827041    ,0.00587655469368846 ,2.91795647967377    ,11.4200837398287    ,9.32086225219938    ,53025               ,jun                 ,1996                
28.6711507846293    ,0.718531512121122   ,198.076703189115    ,3.8562800994257     ,5.16053390336018    ,41.2775174373848    ,31.0710791409537    ,86.6176974260911    ,280.689155252073    ,297.330883369051    ,303.737806518967    ,0.00643040550474075 ,2.97444945135189    ,14.6489852380259    ,11.9051792653098    ,53043               ,jun                 ,1996                
31.124939874324     ,0.521533025078184   ,199.533336370227    ,4.7230166216179     ,5.41459995872539    ,46.9379731375941    ,28.2437893576016    ,84.3954567516658    ,281.372252907885    ,298.704872307691    ,315.091329054664    ,0.00626693836112223 ,2.72209183574577    ,13.2330582933417    ,11.0131945635323    ,53001               ,jun                 ,1996                
27.4679999681604    ,0.678953145002617   ,200.513889423012    ,5.74876425013823    ,5.15304786016427    ,40.3850184628356    ,34.8391574800529    ,83.3612414823046    ,281.408793884277    ,297.383286130419    ,302.427183624268    ,0.00676393418817543 ,3.05050242416999    ,14.779640171986     ,11.6969915771484    ,53075               ,jun                 ,1996                
34.8350610090343    ,0.514071774150316   ,200.814865917698    ,4.97905560212258    ,5.72741880438267    ,52.8379299388788    ,27.1440584488404    ,76.3453004739223    ,283.337596584222    ,299.621944145789    ,324.835072328616    ,0.00625424951714917 ,2.79313224401229    ,11.9545488946866    ,9.77549789550977    ,53021               ,jun                 ,1996                
37.3759370606577    ,0.385389191613218   ,214.722034830997    ,4.25628284542753    ,5.87748088639163    ,55.2310226350141    ,26.1407270099519    ,75.1867529095983    ,283.532707984819    ,299.739545526448    ,330.010359086558    ,0.00608762184794463 ,2.90735540349161    ,11.539975509747     ,9.42797108738145    ,53005               ,jun                 ,1996                
28.6835884618041    ,0.710515067484191   ,213.596787795468    ,6.2577281291934     ,5.05463024817145    ,40.6915468802363    ,38.554856935742     ,75.2675020059937    ,281.876070813165    ,295.987567492499    ,299.990472007736    ,0.00669963957597723 ,3.10959162193796    ,14.9263776505709    ,11.0609870825742    ,53023               ,jun                 ,1996                
27.7198225779064    ,0.832878996689282   ,205.417469212897    ,5.8354359584329     ,5.03846363432536    ,39.9266509538754    ,38.3981558312088    ,76.0776764268858    ,282.025839118891    ,296.124146362624    ,299.426106728226    ,0.00674219627472138 ,3.14791673381811    ,15.1963092098269    ,11.2420463059377    ,53013               ,jun                 ,1996                
29.8973319045298    ,0.67236272126517    ,203.861612884074    ,5.5724693336461     ,5.54504940490413    ,46.3568624952621    ,31.4717761156036    ,75.610540243216     ,283.675116099122    ,299.240486256669    ,310.898457611415    ,0.00674678786319547 ,2.98646804701668    ,13.4488555377092    ,10.3014043605748    ,53071               ,jun                 ,1996                
27.065006185192     ,0.692782057836253   ,222.910427520803    ,6.47959308380628    ,5.12975944657685    ,40.8803897658114    ,37.825110868932     ,72.0153853655441    ,282.002717627458    ,296.085105361382    ,295.61448508678     ,0.00655313036268591 ,3.26917702425135    ,14.66146847291      ,10.6238435393122    ,53003               ,jun                 ,1996                
43.4640676741355    ,0.194285096954847   ,193.479181289243    ,2.42606411265127    ,6.31615194628813    ,63.5503309250044    ,22.8559525517337    ,66.183782545673     ,286.628420920737    ,303.979289935906    ,310.478878670346    ,0.00691369076867332 ,2.84716356722088    ,9.99808288356468    ,8.15590964181663    ,53017               ,jul                 ,1996                
34.2694303326872    ,0.234926993855192   ,142.361806239747    ,4.57103667578074    ,6.10300481729688    ,49.8080902896286    ,26.6437223509067    ,78.4568969482697    ,284.364512662255    ,303.126905695435    ,309.169207898621    ,0.00754937702857111 ,2.91871528059072    ,12.9454553069081    ,10.0110457503851    ,53063               ,jul                 ,1996                
45.6292061491646    ,0.16569152443471    ,186.802004875652    ,3.47889743281312    ,6.53476363203608    ,64.1704350682006    ,21.9180088451802    ,69.2892834656136    ,287.023734431338    ,305.356166401597    ,314.611289573544    ,0.00710490392257395 ,2.87253525450508    ,9.95084374507882    ,8.46143457565751    ,53025               ,jul                 ,1996                
35.2611936938663    ,0.215081248059267   ,156.189866404563    ,3.85096343358358    ,6.15883870502571    ,51.6021925322462    ,23.8978508560806    ,80.1549831989208    ,284.691763530511    ,303.973619173687    ,308.47737217089     ,0.00731694167915814 ,2.81297969085734    ,12.5575206205782    ,10.0588328183978    ,53043               ,jul                 ,1996                
38.869783257009     ,0.128132708741872   ,182.39474708536     ,4.67815834961284    ,6.21272790025393    ,56.5022755302093    ,22.5551077604448    ,76.3071896409975    ,285.825076198322    ,305.257057527725    ,312.706714662213    ,0.00729791233758956 ,2.55974904074335    ,11.5925991511166    ,9.47599595163146    ,53001               ,jul                 ,1996                
36.7105996511601    ,0.15233742458092    ,170.593722753045    ,5.72284915157393    ,6.129427327594      ,51.9136017067202    ,26.0451220061793    ,79.878607531553     ,284.998575667611    ,304.103154897961    ,312.618060244247    ,0.00773851203514825 ,2.76452779782565    ,12.5103306789507    ,10.233544777919     ,53075               ,jul                 ,1996                
42.4391634714477    ,0.159453069169084   ,193.563860688897    ,4.98560012028767    ,6.35223527061141    ,60.1060837487725    ,23.4091952140515    ,71.5020771736543    ,287.642273558813    ,305.745991853094    ,315.63902832107     ,0.00757433287429602 ,2.62181694152633    ,10.8845891288729    ,9.030384127792      ,53021               ,jul                 ,1996                
45.2061882276562    ,0.169439330327304   ,194.48163532913     ,4.17991381542687    ,6.52330145054952    ,62.3814812148885    ,22.8912778851367    ,70.229314922035     ,287.65804876483     ,305.715025533176    ,316.039327865021    ,0.00739121427237781 ,2.81354308780549    ,10.4126506587617    ,8.79378666184198    ,53005               ,jul                 ,1996                
39.6438718317262    ,0.173805277402739   ,198.123646023546    ,6.19472946612238    ,6.12965065748413    ,58.243572571024     ,25.224666719087     ,64.1220239617499    ,285.975342903603    ,302.844302074056    ,313.572479815169    ,0.00696456156103969 ,2.72185813111166    ,11.3700262932232    ,8.36738396240269    ,53023               ,jul                 ,1996                
39.8069882734766    ,0.124097464707147   ,184.513551894162    ,5.72534346122808    ,6.15761545181194    ,57.718145194921     ,25.172977642078     ,61.8980207921605    ,286.480676731856    ,302.995138479193    ,311.76362235416     ,0.00694679773991949 ,2.8007126678347     ,11.6307277277583    ,8.25589724038827    ,53013               ,jul                 ,1996                
42.0548704108275    ,0.116899079279014   ,187.621807769828    ,5.62336255573645    ,6.41798891894248    ,58.946285547436     ,24.0628720587894    ,68.8228996976167    ,287.926741105066    ,305.899870957785    ,310.624237012525    ,0.0077062934242485  ,2.73960921883489    ,11.2580861953997    ,8.80732687758299    ,53071               ,jul                 ,1996                
42.1626870688638    ,0.180077703512217   ,227.036938592746    ,6.08558160835229    ,6.2430092201307     ,61.1033083496022    ,24.2370724715091    ,61.1827581741121    ,285.915498751934    ,303.188261459203    ,313.414949863075    ,0.00678153861175248 ,2.78561139791635    ,10.818940224972     ,7.90010278899164    ,53003               ,jul                 ,1996                
53.2917172314508    ,0.0332797377739312  ,223.894097582085    ,2.03551622563831    ,5.46551936444547    ,69.4021080522244    ,22.7796581453805    ,66.8302243922381    ,285.608484748301    ,302.349687125701    ,264.879317382887    ,0.00627491620596236 ,3.19792286512303    ,8.7711404143971     ,8.32443755838666    ,53017               ,aug                 ,1996                
38.98613035864      ,0.331805692284537   ,174.44081382628     ,4.35444196125657    ,5.20708182875181    ,54.3415009567511    ,24.9072225239478    ,79.4407548306911    ,283.171745093082    ,301.465807906786    ,256.420736868483    ,0.00668889190732274 ,3.30114284059863    ,11.3648875402299    ,10.5514516825301    ,53063               ,aug                 ,1996                
53.5911812465173    ,0.0178295641148042  ,200.774547185935    ,3.0313787930699     ,5.68210779532316    ,68.2259482230585    ,21.9688816496861    ,70.2335895754969    ,285.452304608601    ,303.427215739945    ,271.192745381287    ,0.00632030576305602 ,3.20201597304363    ,9.00772726802238    ,8.76608306249301    ,53025               ,aug                 ,1996                
44.5416745918599    ,0.156064014166275   ,184.211829772024    ,3.51349967134881    ,5.39006078179929    ,59.1852537408163    ,22.3000351372561    ,76.8591244373267    ,283.598217696844    ,302.368385507013    ,259.245045900326    ,0.00631597792638388 ,3.22570472695516    ,10.7081072591305    ,9.83387799152501    ,53043               ,aug                 ,1996                
49.2106347319046    ,0.0415521852712731  ,191.149629762933    ,4.17624628942357    ,5.54879240788487    ,64.6094025052049    ,21.2609729965179    ,73.1507891076629    ,284.460344684974    ,303.47655334106     ,265.430985731496    ,0.00620364988334969 ,3.08436724257366    ,9.72392636308918    ,9.15416740234044    ,53001               ,aug                 ,1996                
45.4548301174035    ,0.144492966378889   ,191.183648564295    ,5.41280605297463    ,5.54026412861623    ,59.8848572220341    ,22.4353559888518    ,75.4135966079104    ,284.074429330554    ,302.725961128828    ,256.93595595995     ,0.00643916256891906 ,3.48657743344497    ,10.4761909770785    ,9.68861172420929    ,53075               ,aug                 ,1996                
53.1705934282452    ,0.000863869162854131,194.872402820308    ,4.55667150356831    ,5.69377857363845    ,66.4877093819176    ,23.5109158682764    ,70.4763522171797    ,286.325109458147    ,303.823346776465    ,270.620809263509    ,0.0067127271481413  ,3.2270434877269     ,9.37128111825096    ,9.0069863714592     ,53021               ,aug                 ,1996                
53.8139661741778    ,0.00330739626335629 ,201.595591582721    ,3.87033794441167    ,5.74042956674115    ,66.3765024087611    ,23.5350691402976    ,71.3806936815964    ,286.15896276746     ,303.662728997172    ,272.112727138463    ,0.00668861467604929 ,3.33807962517357    ,9.3361318567414     ,9.12842297335576    ,53005               ,aug                 ,1996                
51.6240490053409    ,0.168384573071377   ,206.53133857802     ,5.81790588385817    ,5.64510845036909    ,68.6723615263822    ,20.9499622290322    ,60.3846677227169    ,285.540400128067    ,301.44728882961     ,261.137626612791    ,0.00568407730906519 ,3.56658422628067    ,8.91284416883175    ,7.81910785270153    ,53023               ,aug                 ,1996                
52.4755225140611    ,0.137896200648596   ,196.170045848634    ,5.36092898858155    ,5.66434860527465    ,69.0847617286098    ,21.1945595101033    ,59.8877019603557    ,285.700199696084    ,301.460955874458    ,264.974517627053    ,0.00567052068969424 ,3.60515312442021    ,8.8253466182616     ,7.79796569839842    ,53013               ,aug                 ,1996                
54.1344978214018    ,0.0348958508481574  ,193.235767934224    ,5.26723012917733    ,5.81289369535359    ,67.8032191521909    ,22.3958493388296    ,67.0872057740406    ,286.699915303916    ,303.944416589384    ,265.612316391708    ,0.0065056047553879  ,3.42833711935753    ,9.14448133241527    ,8.57911296144671    ,53071               ,aug                 ,1996                
51.2537683347143    ,0.208856736284608   ,223.158529150028    ,5.21138543311117    ,5.72774761846438    ,69.0207160408985    ,20.3602236685316    ,60.5460665718314    ,285.141088882277    ,301.678864951748    ,263.036865211022    ,0.0055958196824631  ,3.65032117469804    ,8.7716868786018     ,7.81832865684039    ,53003               ,aug                 ,1996                
32.66121884003      ,0.530256114585487   ,228.447883450045    ,1.68603043849952    ,3.29049270779082    ,47.8099718740794    ,31.4943088930786    ,86.1175610378639    ,280.273340374312    ,295.137931134137    ,177.93898082435     ,0.00591730505664417 ,3.12226963598023    ,11.63323561147      ,13.4722091086577    ,53017               ,sep                 ,1996                
23.2226472520909    ,0.771372835152417   ,206.41314486357     ,3.8694342390503     ,2.87077047103203    ,35.6883871527791    ,37.0348138440102    ,94.5712042703213    ,278.521181932505    ,293.539055097864    ,167.802098200217    ,0.00629120863365008 ,3.16605964465465    ,14.1929972247633    ,16.0773016311236    ,53063               ,sep                 ,1996                
36.9871065824951    ,0.310980768054996   ,223.456907959415    ,2.53264931423645    ,3.52826894880576    ,51.0361012958594    ,28.3571520123084    ,85.0461450637222    ,280.368180399912    ,296.559370896585    ,182.279195759952    ,0.00568650678330255 ,3.11255628275552    ,11.2449813225297    ,12.9323551809984    ,53025               ,sep                 ,1996                
29.2658994932355    ,0.461063905891295   ,218.42784607051     ,3.02051451970588    ,3.129113282025      ,41.7076951973004    ,31.8456676335968    ,93.2116510444344    ,278.31002774599     ,294.793840749129    ,172.725242407775    ,0.00586709838300164 ,3.1001170192148     ,13.004889196883     ,15.0539823226352    ,53043               ,sep                 ,1996                
31.886904894177     ,0.299235035813527   ,218.37923897105     ,3.51711839944153    ,3.29673184375025    ,47.3078883958068    ,29.3608392829312    ,88.0355333111462    ,279.499117301642    ,296.121579001353    ,176.814716020309    ,0.00570369195595558 ,2.88566308334086    ,11.8275208203134    ,13.7243291721872    ,53001               ,sep                 ,1996                
27.8532766528101    ,0.651363321625719   ,225.120260109565    ,4.8533338247561     ,3.21021313947322    ,42.2686812406054    ,32.2308416915594    ,88.7276196773753    ,279.461472258923    ,294.977850881539    ,171.34736497707     ,0.00590380514592078 ,3.18497215495858    ,12.8774946302339    ,14.500897626615     ,53075               ,sep                 ,1996                
35.5296294819888    ,0.201932748250472   ,221.571805141887    ,3.80759995228205    ,3.52679390118672    ,51.3718746530093    ,29.7365031193464    ,82.8675031138689    ,281.71505965404     ,297.215204655574    ,183.811774300795    ,0.0060075857638059  ,2.99495157220425    ,11.0973178467995    ,12.6874952720373    ,53021               ,sep                 ,1996                
36.1895183533877    ,0.21470171942484    ,214.019736267046    ,3.22597701685904    ,3.60871366190722    ,50.4194188379442    ,29.5547300313351    ,84.4999124688745    ,281.453620719533    ,297.455149383846    ,189.758157730103    ,0.00606942473677918 ,3.1395023443231     ,11.3727572760403    ,12.9879377487848    ,53005               ,sep                 ,1996                
32.6265418045377    ,0.711325787001638   ,234.820560360794    ,5.10464792345375    ,3.23496111749862    ,48.0015455498705    ,33.8865127579272    ,82.5014562437006    ,280.632859628492    ,293.691580734095    ,178.599314107164    ,0.00582524430810322 ,3.28871656851245    ,11.5290376020514    ,13.3749481854725    ,53023               ,sep                 ,1996                
33.2645451425417    ,0.713236148551393   ,227.833211368874    ,4.66243745852099    ,3.25954626396064    ,47.7594672745643    ,34.4963568396177    ,82.7493044072629    ,280.699490846431    ,293.834331982464    ,180.30970145154     ,0.00591157434595973 ,3.45336557694339    ,11.6187249732891    ,13.5208103688392    ,53013               ,sep                 ,1996                
34.2004665982391    ,0.431095742864337   ,220.49950775626     ,4.54569640004538    ,3.61288254644651    ,50.8322691516825    ,30.5794141589788    ,80.2882996163717    ,282.203918750629    ,296.880480994248    ,180.262371700049    ,0.0060331923485832  ,3.32761656297901    ,11.0841229655878    ,12.5408902931989    ,53071               ,sep                 ,1996                
35.2973352250547    ,0.619726710507324   ,243.448012923136    ,4.36053052319807    ,3.44191000235342    ,50.9814555933876    ,31.5445544840356    ,79.6263353435953    ,280.54645653792     ,293.8562822625      ,179.413815767052    ,0.00551481462495034 ,3.54487290086537    ,10.9584917993151    ,12.5230782347584    ,53003               ,sep                 ,1996                
16.2788271740657    ,0.903231201489514   ,207.165002620036    ,1.74127647106776    ,1.53758065620823    ,29.3329764562175    ,40.4966725636416    ,91.7265447482743    ,274.862528973523    ,286.247400372539    ,112.255054435236    ,0.00482052953964986 ,3.32657138300133    ,15.5993853542828    ,17.2181328873916    ,53017               ,oct                 ,1996                
12.6985424169507    ,2.8770994724088     ,192.57722404121     ,3.83774187874045    ,1.47082232511129    ,19.9628615631827    ,44.4466510325369    ,93.8393251277124    ,274.55888289949     ,286.073224718962    ,112.618006520627    ,0.00509045334778586 ,3.57516143156952    ,19.2050379584707    ,19.3231726730673    ,53063               ,oct                 ,1996                
18.4136643447277    ,1.21348943338945    ,199.777334608936    ,2.4889136179419     ,1.76431395213295    ,32.1905596600871    ,37.0563578929317    ,89.7450063207939    ,275.73980151653     ,288.026391645475    ,116.795739340306    ,0.00482548710384497 ,3.38000696888719    ,15.0627866875361    ,16.6654103831623    ,53025               ,oct                 ,1996                
13.9442697952255    ,2.20737501500027    ,200.597445070297    ,3.10782653297236    ,1.58041897915153    ,23.8621839478511    ,41.0324378394302    ,92.129108252743     ,274.861895875537    ,286.65481301655     ,113.163718486495    ,0.00491857554737241 ,3.48691485449242    ,17.7931620223168    ,18.4398775233601    ,53043               ,oct                 ,1996                
15.5784502370961    ,1.84123598840747    ,201.771635401802    ,3.40543113920727    ,1.68990754032628    ,28.4128564608462    ,38.6838589738881    ,90.4741064692747    ,275.660482894428    ,288.062477490501    ,118.243588930182    ,0.00495464637074907 ,3.12176406694236    ,16.304317305165     ,17.510649324973     ,53001               ,oct                 ,1996                
15.2172064175727    ,2.36169510347454    ,217.452847397857    ,4.6484451528624     ,1.71730588085285    ,25.5821467841447    ,40.4016940617426    ,91.2611767334911    ,275.643517589243    ,287.707044808607    ,116.372852564021    ,0.00508534334043299 ,3.56434936199514    ,17.3639088333535    ,17.9749170171604    ,53075               ,oct                 ,1996                
16.9924184613208    ,1.32107400163527    ,198.862136170081    ,3.47610456393315    ,1.85781645523038    ,32.713658749436     ,37.7943651265601    ,88.4065586880478    ,277.349194551757    ,289.398786316675    ,120.72303014192     ,0.00517152747796229 ,3.22896370515042    ,14.8529151970932    ,16.4398290145486    ,53021               ,oct                 ,1996                
19.6726873992308    ,1.0283874836865     ,194.374315322469    ,2.87325217444046    ,1.88717008829487    ,34.1874659797758    ,36.5866548271893    ,89.3298979344362    ,276.984256979572    ,289.731253080592    ,122.328363778824    ,0.00515328978703328 ,3.21280334585836    ,14.6415917279953    ,16.2280000996831    ,53005               ,oct                 ,1996                
17.8724732432101    ,2.36580244944237    ,234.221942311106    ,4.7091023055663     ,1.88964503906493    ,31.1129491904699    ,38.0919785980136    ,86.1702422522467    ,276.473468756824    ,287.264242469942    ,121.534583063265    ,0.00477605137313085 ,3.70159482545113    ,15.7287102864372    ,16.3860005835593    ,53023               ,oct                 ,1996                
14.8132517235575    ,3.21362266181551    ,215.79278776932     ,4.32580344111091    ,1.86307960687518    ,28.4294971603881    ,38.9924821626534    ,85.9413272130934    ,276.551230207848    ,287.254718944805    ,123.309624578356    ,0.00483737131906697 ,3.89355870990249    ,16.5534541074981    ,16.9698511135576    ,53013               ,oct                 ,1996                
14.3394615709376    ,1.96999665381572    ,203.340680160878    ,4.15756045705904    ,1.96479143803744    ,30.8788563803867    ,37.6486167557559    ,87.2629771398929    ,277.76021095514     ,289.637707694009    ,118.78554759362     ,0.00523760357926363 ,3.71558840734234    ,15.3666468514503    ,16.5457127600744    ,53071               ,oct                 ,1996                
22.4337512747815    ,1.38601807068594    ,244.148486028061    ,3.83974711535331    ,2.0357305730599     ,36.0626433697313    ,36.8171414421788    ,85.5748516093542    ,276.518536946059    ,287.283753235424    ,125.675061807257    ,0.00463749578694982 ,4.111697153692      ,14.239481847371     ,15.3563771621744    ,53003               ,oct                 ,1996                
12.3888748416009    ,1.29600920463374    ,174.839668432277    ,1.82042348183489    ,0.671882028536334   ,19.1726204033044    ,55.0749216443873    ,89.2756810974025    ,269.314443078602    ,277.108699944591    ,62.4900454035345    ,0.00299067239623591 ,2.60204373643619    ,19.1661609827026    ,18.8393018634279    ,53017               ,nov                 ,1996                
4.7369163743383     ,3.6647974359349     ,175.605647755539    ,4.54979289459723    ,0.492359069431353   ,5.58541287103053    ,68.5079633022876    ,96.888464472963     ,270.598332327212    ,277.578272251179    ,60.4685499807742    ,0.00381728756241972 ,2.84858507503734    ,25.4826291062066    ,23.3721014151336    ,53063               ,nov                 ,1996                
11.0801424714506    ,1.30146118259553    ,168.862694108962    ,3.04942656696605    ,0.619480672860399   ,14.276386296327     ,61.0596309676975    ,96.5559207972051    ,270.042240382258    ,278.727418024318    ,64.2455488680921    ,0.00356389251063021 ,2.56846976161076    ,20.7713043900977    ,21.3801999054618    ,53025               ,nov                 ,1996                
7.66731381062707    ,2.20288632861802    ,174.217197985714    ,3.93302878313057    ,0.523002667542378   ,9.18881696923955    ,66.0882332394402    ,96.3706123616075    ,270.017092774117    ,277.619428687145    ,63.8133365533991    ,0.00368621301879497 ,2.78380622520462    ,23.1925629452665    ,22.21862663134      ,53043               ,nov                 ,1996                
8.43227157369174    ,1.97046884327501    ,162.932452464923    ,4.23836694941024    ,0.544685496892353   ,9.8049592952745     ,65.9939230704831    ,98.004639371054     ,270.87306027417     ,279.12421890594     ,65.4233139099114    ,0.00395035846255597 ,2.33659468588651    ,22.8964856894674    ,22.6639508781142    ,53001               ,nov                 ,1996                
6.39016189770632    ,2.97205337166085    ,180.837345802457    ,5.22083947069505    ,0.638117476542937   ,8.40613669889544    ,62.6934325592939    ,96.4114089289646    ,271.958671938429    ,279.65347052361     ,63.8155620947445    ,0.00405700601588058 ,2.972307426088      ,23.6778954570247    ,22.2516440229977    ,53075               ,nov                 ,1996                
10.1104211170269    ,1.97581545185584    ,166.926420462514    ,4.08847416761594    ,0.69100368321133    ,12.7144434407463    ,64.5294203728896    ,95.9019773444151    ,272.536694715451    ,280.572561931121    ,64.4638604423327    ,0.00409248451538121 ,2.48166135623287    ,21.6208408147861    ,21.9321052261499    ,53021               ,nov                 ,1996                
10.9713093926208    ,1.88754233249869    ,168.842737944727    ,3.37223897166036    ,0.723616557357065   ,14.0854113753316    ,61.394293914509     ,96.1960814135549    ,272.252957731168    ,280.894916815824    ,67.5271019914917    ,0.00403860604307381 ,2.43245114447215    ,20.8505915769694    ,21.5120690774635    ,53005               ,nov                 ,1996                
6.3427623259377     ,3.63222665948095    ,199.423709738279    ,5.02195295068295    ,0.749598459707376   ,11.1541940853454    ,59.9715349825273    ,92.7104511691423    ,272.917791176237    ,280.330539060478    ,63.3095214338283    ,0.00415029992738943 ,3.19909862442787    ,22.1388063857274    ,20.9406785050781    ,53023               ,nov                 ,1996                
5.38336990191796    ,4.13316606223895    ,194.897819745395    ,4.69324074532141    ,0.727891656425481   ,8.91286760239592    ,60.9347798322508    ,93.4788885499378    ,272.636330963721    ,280.160271537741    ,66.6651856610496    ,0.00413468564152685 ,3.43703956698664    ,23.6181283954134    ,21.649544939404     ,53013               ,nov                 ,1996                
7.63800340570979    ,2.8390463385842     ,189.739743944639    ,4.53305671854717    ,0.803681507084246   ,11.2180036463232    ,61.3207987038424    ,94.5363439089561    ,273.314121426218    ,281.306920625847    ,62.96175749037      ,0.00421388777822185 ,3.28180978877677    ,22.1868710791839    ,21.4505800929496    ,53071               ,nov                 ,1996                
9.6497942865829     ,2.76384415650092    ,224.264997494366    ,3.97877923299506    ,0.872468446175185   ,15.8437714755964    ,58.0350062762444    ,90.8484789233428    ,273.053566636134    ,280.554197069154    ,64.600099312534     ,0.00406692616945731 ,3.84125975013649    ,19.9643066448017    ,19.8489287002823    ,53003               ,nov                 ,1996                
2.63612259105611    ,3.21925035315731    ,150.918661094115    ,2.30068781650613    ,0.213553618308682   ,2.07737347739428    ,72.9952996160571    ,99.084837394776     ,264.07580320456     ,270.844170189761    ,47.1281206431736    ,0.00241484552660437 ,2.75464937810628    ,26.2183663149728    ,25.081108566243     ,53017               ,dec                 ,1996                
0.734389488638276   ,4.57667632522977    ,164.94353258931     ,5.51186337478255    ,0.256107631053249   ,0.133250596242713   ,75.4715104676066    ,98.5903159615962    ,266.312443381699    ,272.872295879762    ,46.5915083470678    ,0.00289523652884468 ,3.42054031493091    ,31.234992338024     ,25.9220098512876    ,53063               ,dec                 ,1996                
3.12505588872731    ,2.37737456730304    ,141.548984438791    ,3.72563689238846    ,0.222321930288394   ,1.86280818710905    ,72.1966894189299    ,99.7422444298818    ,265.312795301736    ,272.423442084146    ,47.7419386649844    ,0.00264979309436033 ,2.79037760052283    ,26.3444336841195    ,24.7649309900459    ,53025               ,dec                 ,1996                
1.55017115988716    ,3.1762418402313     ,157.403071542448    ,4.85609798243621    ,0.20703335952026    ,0.525502920857343   ,74.96743221723      ,99.3819149633391    ,265.121085162834    ,272.05037219549     ,47.7796315372986    ,0.00272575812866243 ,3.24222131057116    ,28.7569900697816    ,25.5525525461044    ,53043               ,dec                 ,1996                
1.80411031657453    ,2.74628226484787    ,148.914279352104    ,5.20461958800483    ,0.25425556066393    ,0.764482224266998   ,71.7438305966834    ,99.7423479519236    ,266.634401917845    ,273.703765545602    ,46.4791679406007    ,0.00291645534690928 ,2.64847732842139    ,28.0322038235159    ,25.0512330650031    ,53001               ,dec                 ,1996                
1.97919146106692    ,4.30874226398094    ,175.093624385594    ,6.04037692995632    ,0.455943533626184   ,1.17042885246576    ,66.0213360610663    ,97.1184075631534    ,268.25873741479     ,275.176722601199    ,46.1216105977227    ,0.00305085703469904 ,3.59624478063396    ,28.9057426976223    ,24.3485484720866    ,53075               ,dec                 ,1996                
2.79514740082107    ,2.2912294884943     ,181.493229390623    ,5.03895922119801    ,0.379891836229616   ,1.95819643766425    ,68.2051223534804    ,98.7243948990259    ,268.576741254758    ,275.553579747127    ,45.5785358477861    ,0.00307668143822155 ,2.81985651098765    ,26.5562990100567    ,23.9700992207649    ,53021               ,dec                 ,1996                
4.51498903344331    ,2.21151973563421    ,173.039529365483    ,4.34760254445161    ,0.386890818024444   ,3.40670399669675    ,66.1222281540639    ,98.8634058100232    ,268.594632945164    ,276.163840082834    ,47.2667061785974    ,0.00313166926290722 ,2.57912042795201    ,25.8087543465917    ,23.7182399818413    ,53005               ,dec                 ,1996                
3.0747517669371     ,5.45051787528315    ,194.426156132167    ,5.68302617458083    ,0.634563971206345   ,2.85512541470871    ,61.0682926924332    ,94.0096454438709    ,269.395621849044    ,276.545255233733    ,47.7959631321593    ,0.00320798429839099 ,4.07696322548217    ,27.5501283866772    ,23.0372444689891    ,53023               ,dec                 ,1996                
2.00626903084199    ,6.77952887872803    ,197.209349949551    ,5.27054990898252    ,0.621427707338338   ,1.58391753269252    ,61.5050189812146    ,95.8059075513643    ,269.21002467024     ,276.294291870756    ,49.9653154929063    ,0.00319284845677279 ,4.47258459691602    ,29.2988286988689    ,24.0694540193568    ,53013               ,dec                 ,1996                
2.47064818315306    ,3.75874810986483    ,194.284472882958    ,5.24159569565843    ,0.626511729023543   ,2.22929904520343    ,61.7898512062342    ,96.8600586878252    ,269.921433971374    ,277.244618622074    ,45.5265728697221    ,0.00322724476142415 ,4.12281152948051    ,26.8949519379675    ,23.4247917986821    ,53071               ,dec                 ,1996                
6.10105002741148    ,3.57715429345332    ,223.936557236582    ,4.64758742334199    ,0.739026905463016   ,7.02310832805805    ,61.447149916693     ,92.3883504064704    ,269.73344985702     ,276.573142374229    ,49.9499811314028    ,0.00320599193622725 ,5.10884732273373    ,24.4157196318726    ,21.5175842130851    ,53003               ,dec                 ,1996                
