bi,pr,th,pdsi,pet,erc,rmin,rmax,tmmn,tmmx,srad,sph,vs,fm1000,fm100,countyfips,month,year
8.14851743934051   ,0.864005882666009  ,155.538744148852   ,-1.81214310072182  ,0.35428112816482   ,8.76955522312968   ,69.1317251487542   ,91.0834079832318   ,267.365499024308   ,273.044837072698   ,60.1272112327538   ,0.0027889337622672 ,2.31418898099972   ,23.6670423803221   ,20.6574692184247   ,53017              ,jan                ,2004               
5.23111680774043   ,1.82133264224322   ,145.046340796724   ,-2.31515041902556  ,0.371726599013949  ,3.80992900710439   ,73.7333634607768   ,94.0164442715989   ,267.736335880815   ,273.261307575081   ,49.596579112309    ,0.00300722241369529,2.73668998124518   ,25.8104315513793   ,22.5728923392911   ,53063              ,jan                ,2004               
9.61003397083882   ,0.556303382702508  ,148.001839025802   ,-1.86451261144161  ,0.369267110125759  ,9.15843739687334   ,71.4067800701484   ,92.4108493922137   ,268.0162712786     ,273.578078505551   ,57.6601667299005   ,0.00288387814213176,2.41802923510067   ,23.3736789312158   ,21.013114323852    ,53025              ,jan                ,2004               
7.5683018041103    ,0.995876700996169  ,142.301468588633   ,-1.93242348378484  ,0.344937402200631  ,5.99125909393326   ,73.8476521748026   ,93.7337880118063   ,267.157462049938   ,272.593634075964   ,53.485272463112    ,0.0028525861589252 ,2.61334144619873   ,24.5694182862383   ,22.0415345003335   ,53043              ,jan                ,2004               
6.66168125355243   ,0.971776805732644  ,142.6555885694     ,-1.66966189752905  ,0.313178052712373  ,4.39805212988698   ,75.7246735268968   ,97.0389008659985   ,267.610770567804   ,273.134862789595   ,54.351966095958    ,0.00296715226130421,2.19069003305723   ,25.2476644456051   ,23.3093619380556   ,53001              ,jan                ,2004               
4.58906133348454   ,1.99511510972167   ,161.572394116347   ,-1.74567457521663  ,0.451212421065829  ,3.00210178402873   ,69.8793546872799   ,96.6001568783031   ,268.354449871722   ,274.506557020734   ,50.2067363441511   ,0.00310588337589264,2.92936620130258   ,26.3138321498313   ,23.1588236306062   ,53075              ,jan                ,2004               
6.29057521122403   ,1.00299092980192   ,190.492489179419   ,-1.3026029756436   ,0.353058734281039  ,4.69077705046663   ,76.5465075083465   ,95.8446462191068   ,268.800292819191   ,274.003087118068   ,54.0598882166387   ,0.00309342790136337,2.3808802305247    ,24.9399637544126   ,23.0580820963933   ,53021              ,jan                ,2004               
6.0932855290106    ,1.03967799341577   ,197.245296682482   ,-0.67436305615735  ,0.391283472087984  ,5.19545093420527   ,73.7035340702154   ,94.8251826280309   ,268.928478436835   ,274.264743553725   ,56.7349799747434   ,0.00307534938568441,2.29209179236794   ,25.0030049168215   ,22.5882389249181   ,53005              ,jan                ,2004               
5.53513672548041   ,2.63174404287255   ,188.240038318549   ,-1.4763288452882   ,0.596975909928548  ,5.12881825238159   ,63.4590171213213   ,93.2876107848925   ,269.179033480052   ,275.582288319781   ,52.7862557071265   ,0.00315201605219024,3.24892122855145   ,25.5577671006695   ,21.7267325795311   ,53023              ,jan                ,2004               
5.10797378056252   ,3.82734404484771   ,186.90714298508    ,-1.96190643825456  ,0.561901293829614  ,3.8495759767152    ,64.4626584229407   ,93.9024451812605   ,268.778081872338   ,274.942947720136   ,57.1848466469214   ,0.00307166860310789,3.5342007760733    ,26.6267843906832   ,22.3465329675815   ,53013              ,jan                ,2004               
4.45383635274624   ,2.22050670483703   ,200.643266263703   ,-1.15053659346369  ,0.444562336840781  ,2.64447955333565   ,73.3046550185481   ,96.8620867415297   ,268.838637257198   ,274.294870960347   ,53.3656436848634   ,0.00310730569895614,3.32615903763205   ,26.4852738816876   ,23.6949119988058   ,53071              ,jan                ,2004               
8.85277434380213   ,1.44508551141139   ,215.824729089488   ,-1.25975723684269  ,0.7341118835918    ,10.9744889571535   ,60.3468415372816   ,90.5712452280625   ,269.6497153652     ,276.205711355764   ,54.8542300943546   ,0.00312650553134454,4.01430317274621   ,22.7096552872394   ,19.9133439867924   ,53003              ,jan                ,2004               
9.61960647750138   ,1.08297808188214   ,144.991951580174   ,-1.80751382592339  ,0.665056637282819  ,9.99820025004183   ,66.2151897393331   ,98.9468471786358   ,269.426500494498   ,277.479826312089   ,101.981676496264   ,0.00353980580712197,2.34641915082381   ,22.9154601672727   ,21.9384993989054   ,53017              ,feb                ,2004               
6.21312258859472   ,1.62028679550256   ,144.240757715687   ,-2.06535168102326  ,0.716824055526808  ,4.73921359101903   ,65.8075508398436   ,99.1260202410322   ,269.628239749672   ,277.883348760634   ,86.1502776421312   ,0.00361934735153507,2.65938324730033   ,25.7391849203934   ,22.4951498347989   ,53063              ,feb                ,2004               
9.95493891323783   ,0.87202765906719   ,129.221258073047   ,-1.70767308516447  ,0.732513942598876  ,10.5338730455236   ,65.974076061717    ,98.9671689736124   ,270.733441647489   ,278.917421674193   ,96.8709276548781   ,0.00376436601540048,2.42233668286212   ,22.6567470910313   ,21.7503897506782   ,53025              ,feb                ,2004               
8.11362397490074   ,1.20249722601614   ,137.997722614474   ,-1.71652477140358  ,0.671821478676804  ,6.8602504161639    ,68.5624089876702   ,99.6563769118436   ,269.691356504163   ,277.585918817998   ,90.1424688424749   ,0.00364502311833908,2.57843425934972   ,24.3590824889356   ,22.5166692024931   ,53043              ,feb                ,2004               
7.41639770335101   ,1.05402699844522   ,120.53148315965    ,-1.24515455722126  ,0.73963274511368   ,6.64808822355275   ,66.2697939935201   ,99.7148891520022   ,270.944118427928   ,279.196462032398   ,89.7758587270402   ,0.00386901738122963,2.22437108879298   ,24.6778577451476   ,22.2447325417218   ,53001              ,feb                ,2004               
6.56315464317012   ,1.36774241392837   ,151.232949198875   ,-1.06656541237644  ,0.867280709321509  ,5.59974798363441   ,62.0393796207524   ,98.1992861467249   ,271.189211487329   ,279.651473479712   ,86.8983646480176   ,0.00386167971673617,2.84953972718295   ,25.5865762199274   ,21.6286358900631   ,53075              ,feb                ,2004               
7.77545033136836   ,1.02694532220613   ,134.860441813954   ,-0.0614328604478102,0.853231990517496  ,7.75954733865993   ,63.3302816757789   ,98.8868320947165   ,272.238519920098   ,280.820100746574   ,93.0841287083678   ,0.00404184317976815,2.29032161189141   ,24.2993232006555   ,21.6786240389059   ,53021              ,feb                ,2004               
8.70774042309445   ,1.01219688046182   ,138.795114205686   ,0.693944743134566  ,0.882549231068963  ,9.17423526756079   ,60.7148859377947   ,98.5677602615582   ,272.168045019761   ,280.918812343052   ,95.9031983032533   ,0.00400504625321156,2.39274324943404   ,23.7762007511781   ,21.3086980949089   ,53005              ,feb                ,2004               
7.68830314796      ,1.51748972885086   ,172.932320923962   ,-0.639976358656626 ,0.980550325527695  ,7.88214990028211   ,58.6057548459484   ,94.9691298826669   ,271.586720998877   ,279.652949555743   ,90.47688707548     ,0.00380546220168889,3.0972063636875    ,24.7822587280646   ,20.4942503493765   ,53023              ,feb                ,2004               
6.75768411345358   ,1.9855350054451    ,163.733906414229   ,-1.15592334792668  ,0.971663278217581  ,6.36498958715474   ,58.7767494939206   ,95.3026478517029   ,271.583245992839   ,279.755429387003   ,96.0898966996101   ,0.00380340459999136,3.01530705908384   ,25.9068333034473   ,20.8863320930198   ,53013              ,feb                ,2004               
6.72408227932044   ,1.48214444935292   ,157.394828580398   ,0.807779154222872  ,0.966474675459833  ,6.23275927039928   ,60.8063831683789   ,96.7132453663701   ,272.777905547245   ,281.227916411822   ,89.582248143895    ,0.00405732043694978,2.8137768668909    ,25.6407308021904   ,21.1610793123123   ,53071              ,feb                ,2004               
9.99747562664603   ,1.05920934178614   ,199.350810513382   ,-0.729825695872946 ,1.06121045927497   ,12.8777818303582   ,56.5032003246582   ,93.3310250877961   ,271.598402172482   ,279.654793847714   ,92.7206447164259   ,0.00369995576244555,3.49697183229503   ,22.266631889393    ,19.4341241096431   ,53003              ,feb                ,2004               
21.9877942762149   ,0.405328737552198  ,208.233859529958   ,-1.60724864390018  ,2.33921103971998   ,26.0516120394503   ,38.1041773991029   ,84.6152477232894   ,273.72644732208    ,285.81708303786    ,168.51594270647    ,0.00375554376652999,3.75804370881143   ,19.3899970038042   ,14.8267101365456   ,53017              ,mar                ,2004               
17.8956067079887   ,0.898638608662629  ,205.406447013648   ,-2.09680408885535  ,2.2831253230262    ,21.9158192279238   ,39.9177979107335   ,85.4072329531184   ,272.821740255273   ,285.638837775245   ,151.035767284161   ,0.00376450745761888,4.13217710698863   ,20.5514067281332   ,15.4199235182859   ,53063              ,mar                ,2004               
24.2029390161856   ,0.314515042445353  ,199.559503998734   ,-1.40202380341874  ,2.62734035599335   ,27.9606704349442   ,33.5714573506695   ,86.5997787891093   ,274.52041720371    ,288.408186314866   ,167.641447885339   ,0.00389900489204105,3.76407158976914   ,18.9179271175072   ,14.6464154818587   ,53025              ,mar                ,2004               
20.832804034503    ,0.461083118180217  ,202.368418320652   ,-1.67006034521992  ,2.42842453768204   ,25.0164424311583   ,36.8964001669308   ,86.3258548119536   ,273.294812717507   ,286.567660341785   ,163.38362907429    ,0.00377743424267232,3.97512243387651   ,19.6269824436019   ,15.0102082245968   ,53043              ,mar                ,2004               
22.4318949378865   ,0.362754985241112  ,193.972170757089   ,-1.04039994300607  ,2.58248589609387   ,26.7747133860406   ,34.5038484385961   ,85.9506464005398   ,274.336650769055   ,288.373753701487   ,165.85571043429    ,0.00391834889026742,3.60729367429001   ,19.3596812035881   ,14.5723708640935   ,53001              ,mar                ,2004               
19.9061621293657   ,0.774488814320147  ,208.578972107975   ,-1.014641707224    ,2.54645436721237   ,24.3478840721355   ,38.2511736430796   ,83.7369587797277   ,274.111250731959   ,287.359237025802   ,157.85554385958    ,0.00396169690180224,4.14098505918622   ,19.8860806734784   ,14.6847575647691   ,53075              ,mar                ,2004               
25.0216077416931   ,0.292016298202081  ,202.25829703552    ,0.602039612027315  ,2.81831158726446   ,29.5579776251582   ,33.172236831135    ,83.3473759814468   ,275.923957525589   ,289.876483881266   ,166.33551210588    ,0.00409525976344139,3.72377530397759   ,18.6281153448166   ,13.7330087034637   ,53021              ,mar                ,2004               
25.220452739532    ,0.26619738738092   ,199.273034541178   ,1.30797616289965   ,2.79239843052793   ,29.3092104994538   ,33.1720780716481   ,84.6691917128908   ,276.070066129827   ,289.714986976992   ,167.952818450229   ,0.00415764711712354,3.74725074361562   ,18.6849044722258   ,13.9952617880269   ,53005              ,mar                ,2004               
18.8535752059545   ,0.967574635499771  ,221.364117704348   ,-0.782512138611165 ,2.48648861000448   ,25.2155414788667   ,41.2142044020377   ,80.3871190276134   ,274.26545281201    ,286.186589064662   ,157.516450925142   ,0.0039360084030223 ,4.2927481979699    ,19.2413267406188   ,14.2726837539214   ,53023              ,mar                ,2004               
18.7373247104082   ,1.39779585897888   ,213.155413112997   ,-1.1755669197851   ,2.56479504481499   ,23.9408648368276   ,40.9264454876243   ,80.1640228286947   ,274.461064394574   ,286.536440222595   ,163.125918694232   ,0.00396916454458073,4.52993090038786   ,19.9820455714791   ,14.447799736816    ,53013              ,mar                ,2004               
23.4350430129548   ,0.69218866090033   ,207.586984854341   ,0.90576886994951   ,2.84978474845043   ,27.8223388448437   ,35.9830749210585   ,80.8409856350566   ,276.060078114435   ,289.443880614914   ,158.610592272599   ,0.00417078718202447,4.32915677268174   ,19.0825076399592   ,13.6937704950438   ,53071              ,mar                ,2004               
23.1000258226831   ,0.583396521215144  ,233.450422690733   ,-0.772846728984783 ,2.61243672055976   ,29.8518400538633   ,39.7711849661751   ,78.6812938333596   ,274.398251484331   ,286.242364695248   ,158.099846469169   ,0.00386549113329289,4.73393198106046   ,17.5792608866277   ,13.4953818624374   ,53003              ,mar                ,2004               
31.2267708926769   ,0.296385374930348  ,204.510894692292   ,-1.92763395102733  ,3.66933290473213   ,41.9825378806979   ,30.9433346416751   ,80.5739334322372   ,276.687077286301   ,291.790044067876   ,241.325462877354   ,0.00438918751688098,3.03587375850369   ,14.51810571961     ,12.1663573053005   ,53017              ,apr                ,2004               
16.664019799847    ,0.919477268176393  ,200.791669475706   ,-2.71844936649125  ,3.26010125364576   ,29.1643269467378   ,36.6480075812992   ,87.7534788435112   ,275.293515620671   ,290.306573693489   ,226.005670305154   ,0.00459943001874248,3.08965070897443   ,17.0701337415276   ,14.6823778813371   ,53063              ,apr                ,2004               
30.6040204706924   ,0.312804452562847  ,195.295601240053   ,-1.71085453117385  ,3.78085352634962   ,40.4490757354071   ,28.7753355482451   ,85.3814604391346   ,276.782467934041   ,293.273636835018   ,240.326379359197   ,0.00448561839880376,3.02230465369461   ,14.831769216097    ,12.9262660093964   ,53025              ,apr                ,2004               
22.8985587902957   ,0.537900743680705  ,195.342034759057   ,-2.2387117503082   ,3.43782330795992   ,34.1009286278851   ,32.8364288069088   ,88.2785777001696   ,275.363974353484   ,291.254551103178   ,232.278814744608   ,0.00449066617492403,3.02485926107651   ,16.0165380744964   ,14.1051268264995   ,53043              ,apr                ,2004               
23.4867980707583   ,0.545653602347906  ,186.909773982835   ,-1.58541502297118  ,3.60086019495724   ,35.6859551887002   ,30.6109550928773   ,88.2692465642803   ,276.058270941354   ,292.563476976396   ,240.914096744832   ,0.00454321973019795,2.78565893592784   ,15.6283820482471   ,13.8944266063322   ,53001              ,apr                ,2004               
17.9459632973805   ,1.09039039676666   ,201.491398172416   ,-1.80553101777519  ,3.45006276208279   ,29.6512996653389   ,36.368642473333    ,88.7590374968286   ,275.802474419089   ,291.176216862697   ,234.558963978487   ,0.00477490771675081,3.13914750818645   ,16.9136373407326   ,14.9087976622488   ,53075              ,apr                ,2004               
23.5523605529806   ,0.550557030781101  ,184.58312424056    ,0.096185351558961  ,3.74444583357909   ,37.2061807248531   ,30.8405496360094   ,85.9406545526553   ,277.711588510367   ,293.402707472581   ,242.686206026322   ,0.00475574880101097,2.8323206723959    ,15.0740761173688   ,13.5312714599952   ,53021              ,apr                ,2004               
24.8736701451196   ,0.407850677437742  ,188.139029544933   ,0.96151046111952   ,3.76258713319692   ,37.6498999093411   ,30.7413936199286   ,86.9479313423412   ,277.804394630568   ,293.369705254369   ,243.39237221336    ,0.00479298753236123,2.88591170025883   ,15.0419759908371   ,13.5628514385788   ,53005              ,apr                ,2004               
16.3569301493061   ,1.37967736822549   ,215.413352337634   ,-1.66740413256159  ,3.32153179398728   ,28.4953572361119   ,40.7987534483521   ,85.9487344011263   ,276.090994534384   ,289.661728748772   ,232.974866902606   ,0.00485038201673647,3.25642777633223   ,17.0090636941464   ,15.0159351517695   ,53023              ,apr                ,2004               
17.0642967835354   ,1.57715893235264   ,200.720436160103   ,-2.0341577452362   ,3.33972112968122   ,28.2779340349567   ,40.0906072729753   ,84.412936262893    ,276.272698327509   ,289.877463844393   ,231.429530723266   ,0.0047880837267767 ,3.24205783175964   ,17.4194924129866   ,14.9075376458193   ,53013              ,apr                ,2004               
20.0338060222504   ,1.15357410645271   ,195.185747760567   ,-0.0633977850596862,3.62587802875333   ,32.3350480275425   ,35.565672027774    ,85.8858497604122   ,277.743560848908   ,292.591893910974   ,234.912642551825   ,0.00496922784019893,3.10731742191444   ,16.2421699196989   ,14.4300297036727   ,53071              ,apr                ,2004               
18.6899793531974   ,1.26782016269002   ,232.219312206556   ,-1.45174478673333  ,3.43355004427787   ,31.8914603649845   ,39.5414217266723   ,83.9867577596882   ,276.522463811053   ,289.751083103004   ,232.085093421658   ,0.00482347711426186,3.62672575143712   ,15.8349955410273   ,14.3342957690394   ,53003              ,apr                ,2004               
24.286155905217    ,0.948480544582943  ,244.395355353745   ,-2.2301662528397   ,4.22717234373362   ,40.982571961496    ,34.4900431977532   ,84.7508716034315   ,279.771697944977   ,292.872890115852   ,266.46996791897    ,0.00570781661584859,3.35030879079648   ,13.3558830416376   ,12.4338938255391   ,53017              ,may                ,2004               
18.8615929785616   ,2.4466950736699    ,197.172695910227   ,-2.94657949908526  ,3.82459354769986   ,31.9937275669507   ,38.5613541394101   ,87.085015513965    ,278.537257324961   ,291.330297932951   ,253.019639539677   ,0.00572516612834766,3.62891874417147   ,15.9021016735343   ,13.9415520307001   ,53063              ,may                ,2004               
26.4695908087082   ,0.856065548458466  ,234.984611983024   ,-1.79490170432828  ,4.51272876069197   ,42.4687464973264   ,31.1957806235546   ,83.5205307268918   ,280.623213192831   ,294.517519130708   ,269.992171528078   ,0.00570327845758949,3.35741805439043   ,13.3370394576529   ,11.9420112797539   ,53025              ,may                ,2004               
21.9205275879282   ,1.36822776710459   ,206.55581631897    ,-2.42336204484425  ,4.02672092348684   ,35.2173782109719   ,34.9878646736929   ,89.4983877622096   ,278.570223747863   ,292.477708768804   ,259.910362586091   ,0.00572110842037922,3.43602829386432   ,15.1193135767631   ,13.5947165081706   ,53043              ,may                ,2004               
23.2112105135014   ,0.971390882793319  ,224.48118560816    ,-1.60235462984588  ,4.26977147671705   ,37.6593547089945   ,33.244815776436    ,88.0980906505463   ,279.429657731328   ,293.808213252018   ,268.977219091236   ,0.00576852490174343,3.25778482799411   ,14.5385294310079   ,12.9896216335662   ,53001              ,may                ,2004               
15.3949233892441   ,2.05914187932281   ,232.631983488117   ,-1.82451702378836  ,3.96216504031838   ,28.9138371353584   ,40.2894402578162   ,87.520133027397    ,279.208013142363   ,292.029425040721   ,262.48752019951    ,0.00599103299319476,3.65252416802086   ,16.6742613818478   ,14.4576371749212   ,53075              ,may                ,2004               
23.7006015848926   ,0.916620276103295  ,217.452484026736   ,0.194395194954585  ,4.57507551997234   ,39.6960634480043   ,32.9821437577752   ,84.5341286817792   ,281.384177173397   ,294.898334391478   ,274.794948435895   ,0.00600539573951261,3.53395275569731   ,13.9555953035284   ,12.3877686412991   ,53021              ,may                ,2004               
23.5542018867475   ,0.89175401573394   ,218.419294754497   ,0.911450722923455  ,4.68079350616532   ,40.5601499854756   ,32.5935653005535   ,83.9835828860131   ,281.979684589792   ,295.17685558496    ,275.260182284016   ,0.00605747546375972,3.6933831228034    ,13.6368076196493   ,12.2320547984015   ,53005              ,may                ,2004               
13.8373956282333   ,2.48552892892934   ,246.040626129964   ,-1.6258700104357   ,3.68980653666705   ,25.0762143912412   ,46.2685376725056   ,86.9894738102743   ,279.161246964507   ,290.164317056713   ,257.920614078608   ,0.00607749363529249,3.81862765488513   ,17.869223149643    ,15.5464028427439   ,53023              ,may                ,2004               
14.9530813027687   ,2.87017579952589   ,230.282498277697   ,-2.02316386844267  ,3.73131568470913   ,25.0776797504768   ,45.618320897068    ,86.2302025175038   ,279.397089054447   ,290.421080403907   ,254.819219700369   ,0.00607187810422828,4.0743116118521    ,18.1310834211386   ,15.4960432974718   ,53013              ,may                ,2004               
18.1564372934274   ,1.8825034068497    ,223.843454123481   ,0.00765238311596032,4.30031010520261   ,31.8484608323977   ,38.7190118510048   ,84.3370129159827   ,281.436736512303   ,293.858664195743   ,262.609951731604   ,0.00629330513083664,3.95406143140236   ,16.0546787563597   ,13.8159008563862   ,53071              ,may                ,2004               
13.9149780019745   ,2.66679703097688   ,261.576082161799   ,-1.35693943913836  ,3.73829471072731   ,26.0158726945362   ,45.1405165025367   ,86.4809197200616   ,279.284328369974   ,290.250997314741   ,254.587209514261   ,0.00602145602280585,4.11270947977883   ,17.439465584518    ,15.5093650148705   ,53003              ,may                ,2004               
38.1604263994913   ,0.426080125077023  ,198.837852490517   ,-2.13746066968503  ,5.98690838271824   ,52.4782824561709   ,26.6743905528858   ,69.7803327329075   ,284.611113054219   ,299.922610320085   ,321.366652451864   ,0.00629894700021   ,3.20241625131194   ,12.5709145269197   ,9.38277411456592   ,53017              ,jun                ,2004               
21.9978805555452   ,0.969767477482712  ,177.031580783338   ,-2.35699956600668  ,5.01535978714625   ,35.6940318415834   ,35.597092779405    ,78.948488741781    ,282.776338197347   ,297.377761250257   ,282.939773364777   ,0.00694978264452495,3.19302430983855   ,16.1269766708034   ,11.9716060775633   ,53063              ,jun                ,2004               
39.0617430872135   ,0.370128833756077  ,185.078463691336   ,-1.4124289732364   ,6.22456128949584   ,53.0681781144058   ,25.4543174129372   ,71.8568577662392   ,285.121201179872   ,301.169206443289   ,325.186411192416   ,0.00640090182058951,3.23827569113862   ,12.393787573722    ,9.50675169808483   ,53025              ,jun                ,2004               
29.5140945481205   ,0.515045529347233  ,179.31953996933    ,-2.11700313140593  ,5.4539311768616    ,43.1151398199745   ,30.6384954935042   ,79.6298457131276   ,283.194633521518   ,298.895540624359   ,302.023333391844   ,0.00677636505246115,3.1606633010656    ,14.4029083020552   ,11.1076731261509   ,53043              ,jun                ,2004               
30.8490970112437   ,0.493417516421907  ,170.686845944433   ,-1.17464766505     ,5.78666340892613   ,45.361878484163    ,28.3827835337139   ,79.2115069958633   ,283.726578717746   ,300.374463706759   ,316.255399256928   ,0.00670128534241102,3.00729491348025   ,13.9121974667255   ,10.8850551668985   ,53001              ,jun                ,2004               
21.6226485113836   ,0.794378448111973  ,189.570142082308   ,-1.10733884002356  ,5.22812963084614   ,34.4958467859754   ,35.4306492143519   ,81.8714846780814   ,282.881288340849   ,298.416139804017   ,296.366424786437   ,0.00719501311465294,3.10612496408995   ,16.4585100838156   ,12.2792750400281   ,53075              ,jun                ,2004               
31.7526953871699   ,0.835943911486329  ,174.898643079614   ,1.17883032250863   ,6.06616250762573   ,45.7741673705517   ,27.9585396597936   ,75.5126750344496   ,285.41201475877    ,301.082075277475   ,325.697018056038   ,0.00681401772693229,3.09657682081064   ,14.0096280678725   ,10.7252898864257   ,53021              ,jun                ,2004               
33.6805148237448   ,0.967700866936693  ,188.486503338355   ,1.86059032703145   ,6.23407621066834   ,47.1820499123906   ,26.9543519013497   ,72.777101094624    ,285.899208776109   ,301.267022113687   ,328.029369581475   ,0.00668759260012509,3.23832383070589   ,13.856043919821    ,10.3441400065695   ,53005              ,jun                ,2004               
19.753086741816    ,1.16502580722634   ,202.858973698438   ,-0.668900728791997 ,5.09473794155733   ,31.7283492272438   ,37.9034415373397   ,75.3254643149998   ,283.132493414395   ,296.840522004753   ,294.941418532851   ,0.00700466325665645,3.09661303775898   ,17.6756415513238   ,12.0610107357211   ,53023              ,jun                ,2004               
22.1254269976695   ,1.45031218218632   ,188.647314229602   ,-0.978027820837461 ,5.20857868188339   ,31.6086679830354   ,37.3908184597421   ,74.6870070638873   ,283.406888922513   ,297.170621992447   ,296.061252846976   ,0.00699570383470226,3.3048347498942    ,18.3245281812824   ,12.1484439105056   ,53013              ,jun                ,2004               
26.0734220777108   ,1.2824433717748    ,184.505688706969   ,1.18879392306979   ,5.74418581879236   ,37.3237791603964   ,32.5296468724403   ,75.9767305539552   ,285.151525328928   ,300.191576813488   ,309.918979153724   ,0.00719777515125246,3.24969725234883   ,16.5763807451822   ,11.670340034503    ,53071              ,jun                ,2004               
19.3192593016105   ,1.15138080077067   ,215.147638059939   ,-0.265868775016309 ,5.1474798884415    ,32.8079066841562   ,37.1711452006134   ,73.0152017101464   ,283.483414123238   ,297.002935141311   ,288.915069035254   ,0.00698109594719833,3.26011199601665   ,17.1368291194712   ,11.5664564927419   ,53003              ,jun                ,2004               
54.7090178613224   ,0.197651804259142  ,217.88708153939    ,-2.41697369951015  ,6.92150427838863   ,69.4186274534557   ,22.3597345068168   ,63.465864212531    ,287.780010390889   ,304.028572514372   ,322.919412526511   ,0.00701007517091927,3.54469431573314   ,9.01824287978082   ,7.59087397869582   ,53017              ,jul                ,2004               
43.0481589413528   ,0.196519015541355  ,179.229726877014   ,-2.52323759761625  ,6.41311221361651   ,57.467899479975    ,25.0934158075159   ,70.2892111306892   ,285.614192773763   ,302.997722468267   ,313.895005346665   ,0.00727470376790783,3.40798550213607   ,11.3631559473029   ,8.82948440677431   ,53063              ,jul                ,2004               
55.9102384254249   ,0.136906902966611  ,212.281954579296   ,-1.63481108301491  ,7.18893725682087   ,70.0275352540117   ,21.1563988344677   ,65.1062722882973   ,288.415729724047   ,305.458790017783   ,325.750600205282   ,0.00712183979423655,3.52403858123526   ,8.99784735683676   ,7.61386764017895   ,53025              ,jul                ,2004               
48.9870399443646   ,0.122505809459068  ,192.809978715661   ,-2.36587900971266  ,6.63571119609501   ,62.1067452841519   ,22.2620386224539   ,72.480613438598    ,285.910751682275   ,303.889931812326   ,317.29362125501    ,0.00700249568146161,3.38534352374468   ,10.5267555764131   ,8.6741705252471    ,53043              ,jul                ,2004               
50.4546928787458   ,0.0531092136654989 ,203.477038451363   ,-1.38935986662207  ,6.80107407790696   ,64.7254610323445   ,21.558338508576    ,71.5249681969052   ,286.841228149087   ,305.242113159417   ,320.351551900367   ,0.00715071894676085,3.2294095738922    ,10.0470099204987   ,8.36487076374836   ,53001              ,jul                ,2004               
42.723749173257    ,0.169186415860193  ,204.121974215625   ,-1.31750040811651  ,6.45352760354753   ,56.5702942556131   ,24.7380620544187   ,73.3494701612787   ,285.918374751922   ,303.934480205152   ,314.986878329717   ,0.0074673715759196 ,3.28682725910896   ,11.621589663178    ,9.21568102434871   ,53075              ,jul                ,2004               
51.990500934856    ,0.0281042946579984 ,206.992797387069   ,1.06836096276649   ,6.94819316443971   ,66.3879073329954   ,22.536849843657    ,68.3218176820438   ,288.700702256423   ,305.803160674519   ,322.763526477293   ,0.0075296106087922 ,3.27688934556012   ,9.76698194952224   ,8.02895450887846   ,53021              ,jul                ,2004               
53.1368681814386   ,0.0693394572451486 ,212.237519836832   ,1.79612884840871   ,7.09495646442978   ,67.6235010700841   ,22.4944550091357   ,66.5715936246458   ,289.403443793937   ,305.917598030453   ,323.342292245369   ,0.00763836015782195,3.40877804734093   ,9.49151384678022   ,7.79080106575404   ,53005              ,jul                ,2004               
43.6401614325033   ,0.331410641910274  ,216.747859073579   ,-0.713905062534177 ,6.32456959743725   ,58.9863001260316   ,25.7290458067747   ,60.4995443167942   ,286.69303919724    ,302.306854743323   ,312.760176958051   ,0.00698347888718802,3.25254321312097   ,11.2690902907536   ,8.13462885265431   ,53023              ,jul                ,2004               
46.2293153924281   ,0.205009527006853  ,205.218149722337   ,-0.957413160299027 ,6.42785635869903   ,60.1883737035467   ,26.0356141478402   ,60.94412163282     ,286.939236520291   ,302.517279969138   ,312.866902083848   ,0.00707791536433625,3.41739144802013   ,11.1027855809084   ,8.00428932080738   ,53013              ,jul                ,2004               
48.4025492075174   ,0.0936364998605953 ,207.093713386756   ,1.28246293296195   ,6.83552192378601   ,62.7897932466296   ,23.478398704854    ,66.1371033383641   ,288.591913602936   ,305.453518487073   ,314.716278738467   ,0.00754468801543468,3.35090655057161   ,10.5368970867345   ,8.05219715791458   ,53071              ,jul                ,2004               
43.2875756414059   ,0.4502117931197    ,231.782334768494   ,-0.471475268138568 ,6.48215280545861   ,59.33467627279     ,24.4995947913728   ,57.1304657268951   ,286.771724987457   ,302.750961892937   ,310.505137631044   ,0.00679554866784966,3.35006515428771   ,11.1578101923192   ,7.91496334402652   ,53003              ,jul                ,2004               
37.4471904414272   ,0.682175704633341  ,190.585609893449   ,-2.13533799469417  ,5.27339595282102   ,59.0718895688533   ,27.391092589063    ,73.0081253980473   ,288.13632724617    ,303.13015856526    ,250.200698550707   ,0.00813038171707169,3.09090310483899   ,9.81729460581418   ,10.3597609081555   ,53017              ,aug                ,2004               
35.0900285228555   ,1.56246491897724   ,168.854432361198   ,-2.42476464501509  ,5.11002913723156   ,51.4246531450137   ,30.8971270582631   ,78.5921581461682   ,286.243966579952   ,301.576386751784   ,246.724341832279   ,0.00824060165562106,3.6387587714422    ,11.4027421570067   ,11.8018784681972   ,53063              ,aug                ,2004               
41.7350429769035   ,0.59454543009799   ,192.599364642473   ,-1.38975269555374  ,5.5069482715799    ,61.1405102142138   ,26.6453840674225   ,73.5813318739496   ,288.436155385465   ,304.309799096252   ,258.117980586517   ,0.00827849392440354,3.32510441681571   ,9.54273594139305   ,10.3148338192651   ,53025              ,aug                ,2004               
37.3338180802739   ,0.854588636300399  ,177.141070562749   ,-2.25947812851592  ,5.23774667370447   ,56.0018145073478   ,27.577534256654    ,76.2873411978151   ,286.812382915314   ,302.690326384946   ,247.893229431768   ,0.00796331573501849,3.4614145774215    ,10.4817545298515   ,10.9334599361453   ,53043              ,aug                ,2004               
39.0040266772627   ,0.659588758255837  ,189.329275372795   ,-1.31105775144069  ,5.32092862812249   ,59.2340466536086   ,26.4683802708073   ,74.7598879424798   ,287.44094269394    ,304.117415656906   ,254.329588619549   ,0.00807790127937506,3.2944906653902    ,9.89075461924985   ,10.5347992206129   ,53001              ,aug                ,2004               
32.9570375780581   ,1.18198287522664   ,186.376731063944   ,-1.25175025341786  ,5.16001400038232   ,52.1963037329426   ,28.8031227553366   ,77.2590804383425   ,286.493159497024   ,302.843679350938   ,246.759402376642   ,0.00814071377809999,3.54056683046542   ,11.1897108154912   ,11.4737067566244   ,53075              ,aug                ,2004               
41.4026306576224   ,0.540720035770455  ,185.730838160716   ,0.975783718180043  ,5.4949174980076    ,60.5133313212146   ,28.1602725578005   ,73.5440693043598   ,289.213235757605   ,304.618102440467   ,258.638399007717   ,0.00861285600860929,3.50617672227157   ,9.59183650430911   ,10.400966508986    ,53021              ,aug                ,2004               
38.2978788078517   ,0.675969096063356  ,185.494921717697   ,1.84938719676242   ,5.58609612709604   ,58.4033593732816   ,28.5921493422145   ,73.4894488945015   ,289.653464455485   ,304.565655796599   ,257.003166824926   ,0.00868502680393937,3.59508798572484   ,9.83917272803119   ,10.614478540548    ,53005              ,aug                ,2004               
31.1066184525445   ,1.26335556123333   ,203.198009597207   ,-0.532225852622205 ,5.09562012433194   ,53.7447125181314   ,29.5097484479708   ,70.6273424134802   ,286.969120540019   ,301.256482753551   ,252.518243780883   ,0.00766143592874469,3.4065128157359    ,10.7460429525595   ,10.819004544608    ,53023              ,aug                ,2004               
32.3701313485066   ,1.5015224086795    ,198.692489804418   ,-0.707033216694238 ,5.2262882285073    ,53.3832503714849   ,29.5237353126295   ,69.8988803202509   ,287.38881251305    ,301.483042452348   ,253.894307153125   ,0.00773606258795248,3.74320555205402   ,10.9172947660046   ,11.0112190414494   ,53013              ,aug                ,2004               
35.9081768435628   ,0.962785517002453  ,190.594965876352   ,1.28362814221799   ,5.44594383744658   ,56.837670798443    ,28.4753475157945   ,72.1912275494911   ,289.127973787121   ,304.211311054205   ,253.198157896997   ,0.00847177743285732,3.66577485781344   ,10.2047096716898   ,10.7104480391627   ,53071              ,aug                ,2004               
30.1555371782525   ,1.46298283826269   ,210.132555419988   ,-0.411450188750443 ,5.15886517019588   ,53.9126462779215   ,28.6645073177732   ,69.7741831318474   ,286.88131799736    ,301.469456495946   ,254.530046106872   ,0.00753412797185477,3.39849497670142   ,10.6492047296964   ,10.6911667102866   ,53003              ,aug                ,2004               
33.9765626664491   ,0.281610310269371  ,247.779555568754   ,-1.67900418630079  ,3.28870795715102   ,44.9144523938497   ,32.2946270243498   ,86.3226956663106   ,281.284133335329   ,294.929742638656   ,173.706546091112   ,0.00625627616057231,3.48489295946299   ,12.705419110395    ,13.478604832064    ,53017              ,sep                ,2004               
22.8961769139206   ,1.05120977084431   ,211.24915875374    ,-1.46727088857687  ,2.80206071295999   ,31.6647265001875   ,37.9228330764848   ,92.5004951337913   ,279.92040805063    ,293.260685521274   ,166.23129968305    ,0.00659491414739255,3.39444463625626   ,16.0702355784848   ,15.963973153954    ,53063              ,sep                ,2004               
36.4111684034799   ,0.223905584277809  ,232.962866973985   ,-0.789630834351474 ,3.54208153517489   ,47.9635557637863   ,29.1700254973807   ,84.1011801605178   ,281.822479397752   ,296.50110922284    ,179.237534366331   ,0.006098422201919  ,3.44782430251367   ,12.2508408028349   ,12.7483718451605   ,53025              ,sep                ,2004               
30.0041611619865   ,0.488827568405014  ,222.961671403163   ,-1.57078882518418  ,3.07548667151205   ,39.9077329898127   ,32.9017022726928   ,90.0020624496108   ,280.132874326622   ,294.460638109691   ,169.967902890784   ,0.00619981142928618,3.35597466112321   ,14.0038948120536   ,14.5755470633222   ,53043              ,sep                ,2004               
31.2822007182989   ,0.333367965846174  ,227.780076040672   ,-0.692268585049705 ,3.29100995984323   ,43.9395321795      ,29.9716416788875   ,87.6911612972489   ,280.862025464777   ,296.170371828562   ,174.199110296371   ,0.00614154050675947,3.17866283333233   ,13.0308410655462   ,13.6630125591384   ,53001              ,sep                ,2004               
24.3662068193962   ,0.723711079566612  ,231.222790617047   ,-0.469329974356235 ,3.09018818564976   ,36.0118691372591   ,33.785821665072    ,90.2740068027272   ,280.553471045401   ,294.950095813228   ,167.951048991484   ,0.00648349370412967,3.39188600702379   ,14.8041554236693   ,14.9124232240191   ,53075              ,sep                ,2004               
35.274752805795    ,0.230488898220042  ,240.699136098144   ,1.22622664845265   ,3.50081597557435   ,47.8237109930087   ,30.1413853667333   ,83.490037321433    ,282.846197087215   ,297.299108507205   ,178.098137599749   ,0.00648279096280487,3.29269430934619   ,12.2906549476966   ,12.6345700337948   ,53021              ,sep                ,2004               
36.5237134690345   ,0.200413324910214  ,237.895367575013   ,2.14607324626084   ,3.62827856159187   ,48.2721471611565   ,30.1569685082934   ,82.2778813166496   ,283.331830666145   ,297.48098868797    ,186.214523679218   ,0.00654053788839268,3.3891253047823    ,12.3369730521941   ,12.3985706404116   ,53005              ,sep                ,2004               
25.6748094929481   ,0.729612094533628  ,247.477348478956   ,0.371701521563727  ,3.13911148312176   ,39.4750373622152   ,35.3484499885922   ,83.3416452103767   ,281.538649331166   ,293.913176634099   ,173.280032410237   ,0.00638412533059917,3.43540246423727   ,13.9685141413355   ,13.5861857822963   ,53023              ,sep                ,2004               
25.5691796931243   ,0.96009469845667   ,234.255404176783   ,0.498546007324179  ,3.18776992519905   ,38.2590017694869   ,35.2038372394302   ,82.807659557935    ,281.448931328206   ,293.926196068036   ,173.433782513603   ,0.00630319953792896,3.70953694388504   ,14.5543410143095   ,13.7140499724143   ,53013              ,sep                ,2004               
30.3101746315918   ,0.496814584057541  ,232.769725923333   ,1.63867841858094   ,3.47324071927122   ,43.262856223202    ,31.6820789843717   ,83.3581229967154   ,282.779175983212   ,296.781924413666   ,171.299826070481   ,0.00658758529916224,3.62400629648025   ,13.3267180340723   ,13.0430746365369   ,53071              ,sep                ,2004               
25.6195553529113   ,0.654991958693345  ,254.882321318774   ,0.536437292825748  ,3.22528318878798   ,39.1315860200682   ,35.659962500969    ,83.9719195632749   ,281.363052951042   ,293.909358824199   ,175.710293410178   ,0.00640327476560979,3.68800693773585   ,14.0094694750152   ,13.5608643031758   ,53003              ,sep                ,2004               
25.4135835131586   ,0.839922484152412  ,210.008595206824   ,-1.25374928565975  ,1.86594523126307   ,32.9485257705723   ,38.3401630711902   ,91.5815759109379   ,276.860507698082   ,288.865463408084   ,119.717222068799   ,0.0051269191664249 ,3.64257733342067   ,15.5968032903997   ,16.5333051048831   ,53017              ,oct                ,2004               
18.5434119570304   ,1.29858500628342   ,181.049884076796   ,-0.620905274182526 ,1.67192558110409   ,23.0120660873216   ,42.8619846770758   ,96.0696192648916   ,275.920178391417   ,287.93164565491    ,112.082804329314   ,0.00527783770263301,3.78003091484393   ,18.7313956899238   ,18.5659000306214   ,53063              ,oct                ,2004               
26.1755790537062   ,0.69227800032915   ,184.674139815123   ,-0.250603842692044 ,2.03605803607763   ,34.4872239640336   ,36.1498695080971   ,91.7560709597698   ,277.426172790869   ,290.447630297191   ,123.993898311074   ,0.00518788164964153,3.65437387188433   ,15.159707606946    ,16.3752341221658   ,53025              ,oct                ,2004               
23.1234360112312   ,0.785703651451087  ,181.171395123643   ,-1.17293322489389  ,1.87641273860073   ,29.1977578311532   ,37.4235306992451   ,95.1757176585942   ,275.903215722423   ,289.107284807867   ,117.891371202539   ,0.00506765918503761,3.75215855543457   ,16.7574894439817   ,17.4839350360216   ,53043              ,oct                ,2004               
23.9230298708426   ,0.614280426314534  ,173.824593418197   ,-0.338895775574    ,1.93221631568751   ,32.0921584356844   ,35.9755198741997   ,93.2879874850611   ,276.991022651744   ,290.410548538672   ,122.096763094468   ,0.00519100461113728,3.39374441072608   ,15.9058730747929   ,16.875650874435    ,53001              ,oct                ,2004               
17.6970190276545   ,1.03563680849566   ,186.338874528648   ,0.0618653256662062 ,1.84334890736122   ,25.1891827763552   ,39.52353761264     ,95.5411948074833   ,276.645757498406   ,289.514571266826   ,114.223676485065   ,0.0053961301092995 ,3.73339654666649   ,17.7332009282555   ,18.0568423884643   ,53075              ,oct                ,2004               
25.024103082829    ,0.494350113292518  ,183.851380218354   ,1.16012563576716   ,2.0254091161948    ,34.8001511918108   ,36.9550709059457   ,91.1094082659586   ,278.800222566288   ,291.338229214879   ,122.836308192497   ,0.00551723033379273,3.47962874265817   ,14.9314506156865   ,16.2616155800689   ,53021              ,oct                ,2004               
24.3920217107556   ,0.542590904243386  ,187.202110283765   ,2.02260059071246   ,2.04300661309117   ,34.6276963055191   ,37.7909203652413   ,90.9451682306833   ,279.037297326933   ,291.488201945946   ,124.495245309703   ,0.00561752479364896,3.45160515941175   ,14.9214724715736   ,16.2860885434625   ,53005              ,oct                ,2004               
18.3927289750805   ,1.09823253523839   ,201.848718622815   ,0.824400690180784  ,1.79431543913484   ,27.2851696899099   ,42.7955842794863   ,93.1872283554918   ,277.117860913683   ,288.299896072085   ,117.410488571201   ,0.00545092407468258,3.78794553090709   ,16.879101948804    ,17.5102517864217   ,53023              ,oct                ,2004               
19.5673043974671   ,1.35487491164697   ,183.974880153556   ,0.859057125651699  ,1.8692021905782    ,27.9509699265904   ,42.1201835513779   ,91.3294112648921   ,277.442591716945   ,288.554709291643   ,120.949229314991   ,0.00541831156973622,4.12155968094271   ,16.9691437401697   ,17.1781416023086   ,53013              ,oct                ,2004               
22.5083528171934   ,0.820730231407397  ,184.198121460105   ,1.55174131842007   ,2.06266637878048   ,31.96426464693     ,38.1785378709979   ,91.2229743250205   ,278.738614502273   ,291.132314858585   ,117.805346175563   ,0.00559036992294892,3.93561422462198   ,15.7322661943583   ,16.5912498088449   ,53071              ,oct                ,2004               
19.8919371476753   ,0.900934407572925  ,215.756428728405   ,0.830135496256198  ,1.82562066577436   ,28.4923612475816   ,43.531866874587    ,92.184029647202    ,277.281949676736   ,287.88969331925    ,119.511371074072   ,0.00541893088112208,4.06664779708614   ,16.4267026440014   ,17.0625086056364   ,53003              ,oct                ,2004               
18.458125016417    ,0.216386406478595  ,222.022993719825   ,-1.2696928134019   ,0.697581129321646  ,23.0083531681739   ,49.7207349514169   ,93.1353751776353   ,271.651688787387   ,280.485657769243   ,65.3770722374655   ,0.00372285511764519,2.6873702201025    ,18.4343200333142   ,18.6570113571078   ,53017              ,nov                ,2004               
11.7315186067813   ,1.55967231913712   ,181.702109426906   ,-0.641026643468133 ,0.536525526380104  ,13.3787238491963   ,57.7770104289417   ,96.4178471782649   ,271.68025338       ,279.462622144519   ,65.6290892221283   ,0.00405423657208107,2.89686878728166   ,21.8571631345585   ,20.9953658825721   ,53063              ,nov                ,2004               
17.7046743541708   ,0.190790350669921  ,190.277716967403   ,-0.428347897887971 ,0.73229702062301   ,22.5256921704843   ,47.5121932254631   ,96.1291190022452   ,271.601253018097   ,281.736949970401   ,67.4557090147903   ,0.00380818931941916,2.63994783351401   ,18.4492405639779   ,19.2828224009235   ,53025              ,nov                ,2004               
14.3773725261467   ,0.60774797026517   ,182.90689933493    ,-1.37349157287853  ,0.605816458708584  ,17.95460470912     ,52.3443209392453   ,96.7620784410524   ,271.319990140176   ,280.223289367142   ,66.7946153394931   ,0.00393368462591477,2.81334056396663   ,19.9879005604352   ,20.2224618233474   ,53043              ,nov                ,2004               
14.2467957493806   ,0.547824684605883  ,188.877872303355   ,-0.725156008652852 ,0.637751494392169  ,19.9551182634851   ,49.839275678181    ,96.0414065567789   ,272.011508081066   ,281.559215512863   ,68.6494651247004   ,0.00399822704316096,2.40270826179808   ,19.2636694448156   ,19.6617861678061   ,53001              ,nov                ,2004               
11.4865174218033   ,1.30374188206531   ,197.292220293606   ,-0.20436577589945  ,0.66571126700441   ,15.4717940676458   ,53.2142298923567   ,95.2690220776726   ,272.592741690841   ,281.107888619217   ,68.6254762384751   ,0.00418459911660894,2.9120888417819    ,20.9605366906559   ,20.2059212423586   ,53075              ,nov                ,2004               
15.180623091558    ,0.567709127517823  ,198.497742649003   ,0.549640199448913  ,0.740355860510698  ,22.2254509181243   ,49.0465904971881   ,94.2012130306929   ,273.271509125538   ,282.741324439416   ,67.427643197622    ,0.0041233479055182 ,2.52230735791035   ,18.453054166696    ,18.9200860672731   ,53021              ,nov                ,2004               
15.828383547778    ,0.381382268159035  ,192.899440602802   ,1.48708392760516   ,0.745561516572973  ,22.0268988568872   ,48.0171889664389   ,96.2608692895261   ,272.648351558708   ,283.046368196025   ,71.1965566768684   ,0.00410036004947028,2.4552262877307    ,18.5875551032832   ,19.3712584455103   ,53005              ,nov                ,2004               
12.6038135012165   ,1.47855084987461   ,210.346422473441   ,0.306675923907239  ,0.730854249973135  ,17.0040274560988   ,54.0135314347087   ,93.016341656829    ,272.88724047106    ,281.08194793638    ,69.8105124823055   ,0.00421824655020764,3.10144220546166   ,20.3887604283003   ,19.7125970399158   ,53023              ,nov                ,2004               
13.0559363540523   ,1.95866174748668   ,201.238072340193   ,0.34245602244326   ,0.741569155888928  ,17.676941180966    ,52.9069603998207   ,91.8489378185172   ,273.000541724293   ,281.38122236375    ,73.6402836566612   ,0.00418709506186044,3.24989424240215   ,20.3514943109549   ,19.3944049902611   ,53013              ,nov                ,2004               
14.0298717146612   ,1.316004180187     ,195.44232328841    ,1.03815124485753   ,0.7862746489787    ,19.4294833824107   ,50.2773726132504   ,94.1260717955385   ,273.472410124492   ,282.878302502309   ,67.4839669868552   ,0.00428231347394542,3.10264662343474   ,19.518795032036    ,19.4328294361187   ,53071              ,nov                ,2004               
15.071253414749    ,0.958603634362827  ,222.132504709272   ,0.381086061126269  ,0.830885814579879  ,19.9409541994696   ,54.5194699916236   ,91.3728162403524   ,273.134919122478   ,281.159152897373   ,71.7398561633126   ,0.0041657400415211 ,3.63069009814239   ,19.1941659451691   ,18.9874098887989   ,53003              ,nov                ,2004               
10.7350246475198   ,1.13719504887748   ,176.13778573101    ,-1.68263098561378  ,0.329068301108006  ,13.3446233772205   ,67.5965611952227   ,92.7021774991182   ,270.453005766205   ,275.851285508422   ,49.640762640738    ,0.00338153607729339,2.60801276744269   ,21.0105812976731   ,20.7240682073252   ,53017              ,dec                ,2004               
8.17802317835874   ,1.5370157311679    ,168.543085081647   ,-0.883210130483138 ,0.336292954460306  ,6.17421395897216   ,69.7529198570213   ,97.1253366750545   ,270.528301825712   ,276.416781845015   ,45.2228022446869   ,0.00365467218341534,3.0917294357323    ,24.7535603448854   ,22.8463336331987   ,53063              ,dec                ,2004               
13.3905480310068   ,0.708217158637649  ,152.799471690862   ,-1.17594535306941  ,0.37838796515331   ,14.3230985068881   ,64.5745901879561   ,95.3304891046992   ,271.013350877872   ,277.497137702231   ,50.0020981960947   ,0.00358387919076583,2.67035536975268   ,21.0159317707013   ,21.0901207000435   ,53025              ,dec                ,2004               
10.6774764400908   ,1.20673187356916   ,163.527535181873   ,-1.67043504268287  ,0.327191049070834  ,9.52717932755346   ,68.3255469386693   ,97.1227541654188   ,270.282773977931   ,276.261583144644   ,46.8116225127294   ,0.00356177118115643,2.93024327064092   ,22.970279225112    ,22.3629174256002   ,53043              ,dec                ,2004               
10.9768365355236   ,0.894623560916122  ,145.737204906411   ,-1.16878049294958  ,0.370808906381044  ,11.1655291228761   ,66.0537638011156   ,97.202488087287    ,271.017141194603   ,277.813886143667   ,46.3337049263824   ,0.00372863676524192,2.48596137175132   ,22.2473504808821   ,21.9869354741735   ,53001              ,dec                ,2004               
9.80106021214236   ,1.24171666284636   ,170.434683997061   ,-0.666944227212054 ,0.486836870596105  ,8.87342303378575   ,65.1225184272317   ,96.1352739592907   ,271.303849954044   ,278.213613092161   ,45.0362616635491   ,0.00380201674876369,3.2374323434596    ,23.5555899497387   ,21.8381527098487   ,53075              ,dec                ,2004               
12.2073723761156   ,0.787763364784873  ,159.841600009363   ,-0.161995980200859 ,0.469060029029273  ,13.2610806237429   ,64.4438121560904   ,96.2357797202086   ,272.13693476359    ,279.093284790822   ,45.7208088613168   ,0.00386035016060281,2.64512089138612   ,21.3788291202447   ,21.3046790022728   ,53021              ,dec                ,2004               
12.5235117553957   ,0.707591478567326  ,167.133357891188   ,0.654570664405911  ,0.452705788109415  ,13.9990336750353   ,62.7803792532144   ,96.8079278058084   ,271.933125040329   ,279.374582649547   ,48.7193226403268   ,0.00390540792038931,2.45942639877222   ,21.1379887870548   ,21.2325587123103   ,53005              ,dec                ,2004               
10.5823510154758   ,1.44960153354602   ,187.225631309493   ,-0.494582420793472 ,0.61726129842039   ,10.5269805798261   ,61.6466548327333   ,93.1557774293003   ,271.685184366609   ,278.76263258087    ,47.3388691509239   ,0.0038135124202943 ,3.45794454057765   ,23.1852737183897   ,20.784663788675    ,53023              ,dec                ,2004               
9.73700722884314   ,1.8465680548276    ,185.390967499898   ,-0.33262642244784  ,0.596851611375341  ,9.16456510988349   ,61.7058991500428   ,94.3050645698427   ,271.666441092233   ,278.793123950259   ,50.2475796962492   ,0.00384872090804877,3.66333469202381   ,23.9572612351356   ,21.3239622898335   ,53013              ,dec                ,2004               
10.7656378265782   ,1.05854688354927   ,178.182248932874   ,0.530717920451387  ,0.584628586793132  ,10.7562563755792   ,62.7809279423742   ,96.3491012852366   ,272.323078413966   ,279.728554020083   ,45.9535206373468   ,0.00396576151078274,3.45175806115959   ,22.7168829450116   ,21.4908748896787   ,53071              ,dec                ,2004               
14.0542360028496   ,0.919522798985556  ,211.886234426382   ,-0.337976164041753 ,0.750490591885327  ,15.118910072748    ,60.2127845801286   ,89.6792243057214   ,272.056402884899   ,278.881433461878   ,50.1090103977788   ,0.00372182461472767,4.18782975357524   ,21.2460231305329   ,19.3189376658187   ,53003              ,dec                ,2004               
