bi,pr,th,pdsi,pet,erc,rmin,rmax,tmmn,tmmx,srad,sph,vs,fm1000,fm100,countyfips,month,year
8.79895186701253   ,1.02627425754125   ,167.289216916605   ,-1.40564047764093  ,0.373917012709699  ,7.86325249068398   ,65.577002304511    ,93.7978917271062   ,264.054058956899   ,271.610005036342   ,65.1922785012932   ,0.00224258304330734,2.82493688923184   ,24.4444249757382   ,21.2948144608068   ,53017              ,jan                ,2008               
3.6835370579948    ,3.14696234147892   ,174.434458771784   ,-1.82168141167456  ,0.438975621720882  ,2.2207706577841    ,66.6017363658897   ,95.541298254458    ,265.385950677406   ,273.165102641037   ,52.122773540103    ,0.00261005789038734,3.54723683332436   ,28.2525530083061   ,22.9753983395043   ,53063              ,jan                ,2008               
9.72636270968628   ,0.675327857958158  ,162.818557895332   ,-1.68579753721786  ,0.383315285531679  ,8.05679035406349   ,65.4784424674886   ,98.198574571429    ,264.126101890276   ,272.55190997746    ,60.3041344616937   ,0.00236405792973435,2.93607869858013   ,23.8259764618066   ,22.403862714894    ,53025              ,jan                ,2008               
6.63212823348343   ,1.39925147312757   ,167.4983251114     ,-1.75519264920325  ,0.396189023203622  ,4.84087173600606   ,67.2144176478162   ,96.6718530316433   ,264.356851330915   ,272.235964493807   ,55.3187798834791   ,0.00243595983084231,3.33178140265588   ,25.6123560991287   ,22.5357582041037   ,53043              ,jan                ,2008               
7.99804394515727   ,0.881905403615906  ,164.748259684186   ,-1.67855082102184  ,0.428829319823999  ,7.35474847443292   ,65.3366235408118   ,97.6929988214077   ,265.711305920987   ,273.714487987081   ,54.3844177787499   ,0.00260338374960688,2.81176327534894   ,24.0335890292813   ,22.1857601065812   ,53001              ,jan                ,2008               
6.15265345283957   ,2.28638890800485   ,178.854602402713   ,-1.4047491599298   ,0.624778213208043  ,5.93250222093081   ,60.4147744050288   ,93.5909957295079   ,267.098279168782   ,274.923069979181   ,51.3650202097884   ,0.00272484108536598,3.79164289933454   ,25.3538096814816   ,21.2251085299468   ,53075              ,jan                ,2008               
11.3968918554155   ,0.893769862123814  ,182.992382940591   ,-1.46266723370705  ,0.581676160741976  ,13.5677606822243   ,61.5955174864965   ,93.3565210896154   ,267.853349910007   ,275.679142227362   ,54.0031222594287   ,0.00276126843914979,3.04751756453041   ,21.4666536103999   ,20.151468331169    ,53021              ,jan                ,2008               
10.660685790442    ,1.2147277880913    ,192.853183861238   ,-0.927658931023388 ,0.603393857991122  ,13.2944737675874   ,58.6215761479223   ,93.1008372928469   ,268.024710928809   ,275.98729220436    ,58.7933501883258   ,0.00273381292596412,2.83931217919008   ,21.7449760768313   ,20.1523624204638   ,53005              ,jan                ,2008               
6.57278088584567   ,3.09315970584234   ,196.917610129811   ,-1.18330395583056  ,0.775197073444052  ,8.2466494057782    ,58.7901288859712   ,88.5100156676671   ,268.303297565256   ,275.254654563517   ,54.7479987703376   ,0.00276047443217452,4.2099573543783    ,24.6083573733272   ,19.7470581221499   ,53023              ,jan                ,2008               
5.36699858515943   ,3.94779233914073   ,195.196537388597   ,-1.49821036684784  ,0.816537539150803  ,6.54431446377658   ,57.1887534933504   ,89.5876075842557   ,268.285588882155   ,275.412708423565   ,57.7134492990435   ,0.00274890348927653,4.64460216413537   ,26.0389069567015   ,20.4706216300587   ,53013              ,jan                ,2008               
10.1446748235275   ,1.72587655841085   ,194.674688410562   ,-1.58513714914238  ,0.817058268855351  ,12.9944087098688   ,56.6931540036245   ,90.913379398569    ,268.988794986576   ,276.821718409529   ,52.597834759674    ,0.00285511055138497,4.24604548719059   ,22.1152903926738   ,19.4617475137728   ,53071              ,jan                ,2008               
11.8666383580371   ,1.96536745960807   ,216.99180147096    ,-1.81366628596963  ,0.904178144803658  ,14.8948360001127   ,58.3426474990467   ,84.9266680202569   ,268.592248358389   ,275.370291339613   ,57.6997498064735   ,0.00271390521991954,5.10720954596477   ,21.4022149608532   ,18.0372431752596   ,53003              ,jan                ,2008               
13.4949885279456   ,0.376586639438173  ,190.215665456477   ,-1.47837086235443  ,0.882876081818921  ,15.4540466310619   ,58.1655832965603   ,93.950564973851    ,269.58078439042    ,278.40220966273    ,104.690036467786   ,0.00323692331133424,2.83629133607109   ,21.5465550559458   ,19.3138989310197   ,53017              ,feb                ,2008               
7.73477221439011   ,0.906640484550571  ,183.129809155549   ,-1.05737640261046  ,0.737683529830916  ,6.27113796844933   ,65.6504671806571   ,96.4207560803856   ,269.278532878761   ,277.589365012947   ,89.512302392056    ,0.00344453230679166,3.29411756635825   ,25.8346359416085   ,21.3411887651726   ,53063              ,feb                ,2008               
14.5589868260513   ,0.240205012292028  ,169.629565512818   ,-1.70796466745904  ,0.931191991786012  ,14.5790107555371   ,58.9548363594699   ,95.8022054279713   ,270.582023850743   ,279.868625362911   ,99.8225301223002   ,0.00348960173469656,2.90112333619064   ,22.0671219744175   ,19.8754357019521   ,53025              ,feb                ,2008               
11.0248039914505   ,0.441086457594543  ,176.43303235555    ,-1.50999683715468  ,0.703655549651155  ,9.34234974716694   ,66.8088443478423   ,98.0645973310916   ,268.90693425238    ,277.224183145985   ,95.7710101237851   ,0.00339391735455252,3.13522692299564   ,23.9152722893581   ,21.4556018863162   ,53043              ,feb                ,2008               
11.9012711443539   ,0.371270603807952  ,156.654911724469   ,-1.72263977477734  ,0.865379591097707  ,12.0185369982807   ,61.0766131422142   ,97.3378597623346   ,270.955747947115   ,279.797848194386   ,94.3312068612079   ,0.0036726133484681 ,2.78584211534084   ,22.7592165417423   ,20.6093828408776   ,53001              ,feb                ,2008               
9.03017752201512   ,0.854255651517325  ,182.679369500084   ,-0.622905683526221 ,0.976263013051338  ,9.85941951733409   ,58.480364256947    ,94.891675448057    ,271.386037999001   ,280.072903001288   ,90.5278305191553   ,0.00371001873506789,3.4507870998653    ,23.8260126237308   ,20.1046436246904   ,53075              ,feb                ,2008               
15.3934818715432   ,0.38775515458086   ,159.339540487702   ,-1.52433023757468  ,1.15404874063455   ,18.0161550074161   ,56.1699086110671   ,91.4348526944171   ,273.045196088854   ,282.623882058951   ,96.3304500144917   ,0.00389537160399314,3.07457726904815   ,20.6424990106415   ,18.3245136770573   ,53021              ,feb                ,2008               
16.575186830593    ,0.453413405355667  ,164.428053505933   ,-0.618122499142231 ,1.25294828900181   ,19.2722398682578   ,53.3313439402254   ,89.6324385097242   ,273.239879948349   ,283.373693728991   ,97.1336899112063   ,0.00387755665135803,2.97350834023494   ,20.6823081674963   ,17.6672503471072   ,53005              ,feb                ,2008               
8.42995112034306   ,1.42022370912974   ,207.76700138813    ,-0.0225436889545271,1.10248335755985   ,10.5822115807301   ,57.08279806        ,90.5406490036525   ,272.122786598916   ,280.227698200026   ,91.9790314456056   ,0.00372720769411403,3.72604804316134   ,23.8646109002612   ,19.3579249556549   ,53023              ,feb                ,2008               
7.88310655847867   ,1.73504546722126   ,194.148539699096   ,-0.829481522115451 ,1.14117469909415   ,8.47658438566617   ,56.2864319081617   ,92.6779718491776   ,271.83475029317    ,280.507303473302   ,98.4150324873543   ,0.0037322978087873 ,4.06029549520811   ,25.4737480531991   ,20.198214248837    ,53013              ,feb                ,2008               
13.9913582543444   ,0.716907194634936  ,185.567814708691   ,-1.53818899045792  ,1.27407542159229   ,16.203198204591    ,54.6209211753774   ,91.0860928414729   ,273.266938899591   ,282.77937859636    ,92.8154225939242   ,0.00393023500207495,3.86600333909124   ,21.5110520607641   ,18.4697230086509   ,53071              ,feb                ,2008               
13.0674953402614   ,0.925410943787557  ,231.274713955781   ,-0.928587642319301 ,1.25420051370286   ,17.2256471138382   ,55.344471885713    ,85.8171091000156   ,272.320293657225   ,280.319320865667   ,93.6391445941547   ,0.003614537858361  ,4.4965152316751    ,20.7913124359934   ,17.4019138477393   ,53003              ,feb                ,2008               
24.6928307768543   ,0.434946075519752  ,220.688915202601   ,-1.97896423461945  ,1.91360504223921   ,31.20873830953     ,36.1493455938915   ,83.5139886479452   ,271.377970637202   ,281.544405179048   ,163.808058528835   ,0.00300473036840931,3.58232545623074   ,17.075195743316    ,14.1509710480136   ,53017              ,mar                ,2008               
8.00925771520542   ,1.86556850292657   ,215.853152738411   ,-1.14193171087611  ,1.45442285955811   ,12.5729823351496   ,48.0811499554406   ,95.5791479713462   ,270.50227430912    ,279.787419832037   ,138.418901926163   ,0.00342726751166463,4.09648402706877   ,22.2762832664043   ,19.1135278530291   ,53063              ,mar                ,2008               
23.5813077648421   ,0.308405922093418  ,217.282557559082   ,-2.15893401691348  ,2.06282393087817   ,29.4293002276345   ,34.2227864938362   ,87.6068976570386   ,271.671039109551   ,283.676737669315   ,161.493955106803   ,0.00319718704142733,3.64690347667108   ,17.663733538939    ,14.8190279155715   ,53025              ,mar                ,2008               
13.8200258321676   ,0.903086635071389  ,215.428031511987   ,-1.80792441881168  ,1.69552716964552   ,19.4560430690317   ,41.9071287665726   ,93.6273378440768   ,270.714446894612   ,281.123019590326   ,154.154983381888   ,0.00331324833708106,3.86319503669275   ,20.1888470472406   ,17.3733686085468   ,53043              ,mar                ,2008               
16.6524083614398   ,0.649391545644418  ,210.164013472731   ,-2.09961952626662  ,1.9049607273038    ,23.7207399759311   ,38.5538449643974   ,90.2760164574848   ,271.613153557954   ,283.167780347183   ,155.361092939517   ,0.00336984034394135,3.59675018829695   ,19.0377927593806   ,16.0362071172512   ,53001              ,mar                ,2008               
9.8099119171312    ,1.37324676319363   ,219.822938623881   ,-0.836420793004531 ,1.74333473221853   ,17.4192055769347   ,45.3808766536242   ,91.0091497278666   ,271.818632818291   ,281.693820086195   ,142.393250673356   ,0.00351535626471509,4.18835691166105   ,20.4722147223167   ,17.3365137581943   ,53075              ,mar                ,2008               
23.7205722668502   ,0.507819168558044  ,206.632666026984   ,-1.92685327163109  ,2.18522781515979   ,30.1934316953418   ,35.8217358929939   ,85.1056978149982   ,273.130080184747   ,284.905428475127   ,156.394675193294   ,0.00346079161338665,3.85725836567488   ,17.3065341097545   ,14.4475873329503   ,53021              ,mar                ,2008               
25.0411102593341   ,0.427450684422037  ,210.721729720542   ,-0.986943131592859 ,2.23494407106251   ,31.4992429631702   ,34.9887593213464   ,84.6566059901119   ,273.167233421412   ,285.041558506153   ,160.23466101237    ,0.00343160605604086,3.87683762221146   ,16.9404411448347   ,14.233453629558    ,53005              ,mar                ,2008               
8.87700104397819   ,1.93051467795597   ,230.828590743123   ,-0.116877719509757 ,1.70689382870889   ,15.7225745295274   ,47.6564415419802   ,90.5752833684922   ,271.559886356844   ,280.614812888786   ,144.917580145773   ,0.0034616313815196 ,4.3845813898017    ,21.1570891177958   ,17.8047935284825   ,53023              ,mar                ,2008               
9.30244610033387   ,2.83180855101849   ,223.805964362478   ,-0.929811870168088 ,1.81147424725942   ,14.3693433725409   ,46.759944912228    ,88.9019311925202   ,271.780705175414   ,281.129768465645   ,149.900600247801   ,0.00347765719304464,4.7646323713252    ,22.3050055027894   ,17.921477104236    ,53013              ,mar                ,2008               
16.1771783079957   ,1.54581687657454   ,218.780584800034   ,-1.85296594248555  ,2.15841724308744   ,24.0327547010113   ,40.465860554905    ,83.9380821810286   ,273.547596056818   ,284.237125663847   ,145.30231671117    ,0.00356317319194773,4.57276011235502   ,18.8208018225883   ,15.3613182556088   ,53071              ,mar                ,2008               
11.3781986359554   ,1.23807396340264   ,242.091914930314   ,-0.881539153791692 ,1.7906217744049    ,20.9655975039376   ,45.9711837914514   ,89.0520302485319   ,271.691409267985   ,280.689966089057   ,143.255516791922   ,0.00340747784095467,4.82170862547504   ,18.8366859834391   ,16.6350014854774   ,53003              ,mar                ,2008               
37.2228683889284   ,0.188477259001428  ,222.923639510954   ,-2.28887538666781  ,3.19592870241441   ,45.6216682662004   ,31.5129944277795   ,72.6068052000541   ,273.341887920479   ,285.699845381717   ,226.019075178093   ,0.00309337974535506,3.80418621237923   ,13.5057061829014   ,11.0028853733263   ,53017              ,apr                ,2008               
15.7711599896874   ,1.15917198728947   ,210.475050885482   ,-0.0403125957069728,2.67428413135544   ,21.987934830655    ,40.4611724695053   ,86.4084229493455   ,272.072741405483   ,284.730810948829   ,194.019547882389   ,0.00355963217965709,3.92865595906943   ,20.0357603385214   ,15.252113712933    ,53063              ,apr                ,2008               
35.2004570360056   ,0.152500628920171  ,220.900093791627   ,-2.59651860124378  ,3.43700534635604   ,43.783586079576    ,28.8240801518898   ,78.5030660564183   ,273.531796851382   ,287.804777722123   ,233.238306132705   ,0.00322850610239211,3.80190627042801   ,13.9503591697874   ,11.6485430400158   ,53025              ,apr                ,2008               
24.7688921119545   ,0.420096611801176  ,215.396374234948   ,-1.79440099962631  ,2.94302717442539   ,31.1643951975171   ,35.2743184469765   ,85.8634304492741   ,271.931946832601   ,285.613936404378   ,216.134429405413   ,0.00337739640333028,3.80906440513705   ,17.2334581070128   ,13.9884180233606   ,53043              ,apr                ,2008               
29.8873544715215   ,0.250570041490603  ,217.613559506183   ,-2.43423247854811  ,3.26121262165628   ,37.9498589502023   ,31.093815266938    ,82.7837774806856   ,272.723958174479   ,287.490001864283   ,231.834829819032   ,0.00333955326096894,3.61159106568712   ,15.4683394463948   ,12.7336219037046   ,53001              ,apr                ,2008               
22.3575367050872   ,0.66286879649583   ,223.374403363396   ,-0.831176337526618 ,3.01261836282412   ,30.5799649050843   ,37.6306313240201   ,81.5067778618008   ,272.981541701373   ,286.146996964997   ,209.611228171255   ,0.00355422051796945,4.00335660078479   ,17.2593718817094   ,13.448302452424    ,53075              ,apr                ,2008               
35.460059602472    ,0.236956398032415  ,215.424249332135   ,-2.43143791189561  ,3.54124334463706   ,44.9777050683437   ,29.5808109638018   ,77.0611793674567   ,274.71845907358    ,288.870425051176   ,236.343174088307   ,0.00343362515556435,3.73408595845485   ,13.6358994991351   ,11.3925590571379   ,53021              ,apr                ,2008               
37.707480072435    ,0.169064045144903  ,219.552264521672   ,-1.44918433987927  ,3.58586256415886   ,46.6002779509189   ,28.8367890594038   ,77.157949735427    ,274.931642299855   ,288.930076993382   ,235.718662492951   ,0.003418518660585  ,3.82988109379948   ,13.2809728638895   ,11.2181001145929   ,53005              ,apr                ,2008               
20.1762918768664   ,0.798958278482868  ,235.731074321739   ,-0.119781096512163 ,2.92655996496386   ,28.5231782047892   ,40.418427304649    ,79.0596797654841   ,273.111002673668   ,284.845423004593   ,209.639727798999   ,0.00352823137492231,4.17345810620187   ,18.0002935008726   ,13.4867218705685   ,53023              ,apr                ,2008               
18.2975684486623   ,1.10656754080642   ,227.88554190857    ,-0.721096566319953 ,2.99462704962253   ,25.8896381237588   ,39.9618231973099   ,78.9175124393084   ,273.321283696626   ,285.085648003756   ,213.539448542703   ,0.00352552616749329,4.43023230634227   ,19.2245004723001   ,13.8601017081509   ,53013              ,apr                ,2008               
28.9366638734793   ,0.540516234049952  ,224.611655432228   ,-2.0340519553116   ,3.46396454406301   ,38.7961622105533   ,33.2583180998722   ,75.2932278661547   ,275.102769147671   ,288.381534578484   ,220.50706695722    ,0.00358386174851377,4.2297094925067    ,15.1999425354366   ,11.8159293787266   ,53071              ,apr                ,2008               
23.8959519288324   ,0.745145407648997  ,248.647017764349   ,-0.760535084853207 ,3.02652478827177   ,33.2663333837133   ,38.9074467654356   ,77.2431792915882   ,273.473653588214   ,285.019378888578   ,203.769117817565   ,0.00348561568711964,4.50081699655874   ,16.1474283004909   ,12.779259553965    ,53003              ,apr                ,2008               
43.0994008675693   ,0.24755168283476   ,206.853527678395   ,-2.71742362903242  ,5.0039290503599    ,58.0584726021006   ,29.0510294712499   ,68.8551955070923   ,281.168883339342   ,294.674334881047   ,285.66835456943    ,0.00507195387751247,3.56019475227148   ,10.5831793793885   ,9.15713954110755   ,53017              ,may                ,2008               
22.7021910823213   ,0.804058532669142  ,189.053952613068   ,0.111167606036155  ,4.3656643337684    ,37.3327983744367   ,35.7371855506781   ,80.1683947891099   ,279.120996760415   ,293.515186877213   ,256.61592422442    ,0.00559428839576121,3.63870876498615   ,14.9595907835741   ,11.9471639688722   ,53063              ,may                ,2008               
42.5255807024614   ,0.179423672751189  ,204.741771400534   ,-3.08334187208916  ,5.23391449244762   ,58.9948799502015   ,26.4614410232231   ,69.1322504548508   ,281.951934310536   ,296.612333132719   ,287.108003604747   ,0.00518095101918274,3.29867715544033   ,10.5505550794179   ,8.91754428772472   ,53025              ,may                ,2008               
33.1831369416603   ,0.320348935490145  ,190.9020147307     ,-2.14876823764965  ,4.68352438032567   ,46.888147629751    ,31.2879291559093   ,79.2211207728232   ,279.58803764459    ,294.592877491892   ,272.264461351401   ,0.00537772555095951,3.41477350622762   ,12.9841695289632   ,10.8492596627603   ,53043              ,may                ,2008               
35.2567768558828   ,0.245200422255794  ,201.715046817609   ,-3.03369063264206  ,4.87172297922782   ,51.8451045327469   ,28.7408660807047   ,77.1027504077999   ,280.313791722288   ,296.067477422916   ,281.548346238366   ,0.0053431717625964 ,2.98512963068189   ,11.8648779600492   ,10.2050297420053   ,53001              ,may                ,2008               
23.2341706816433   ,0.934137739824163  ,206.861554549609   ,-1.2800403885894   ,4.51287069326108   ,40.3430416249053   ,35.1757493292358   ,78.4333851503376   ,279.6602577444     ,294.307551828924   ,263.437314013023   ,0.00560123936841317,3.41285711907798   ,13.8710468739577   ,11.7869429051944   ,53075              ,may                ,2008               
35.7490930986476   ,0.345815259687806  ,197.352385117753   ,-3.05705430813325  ,5.08879660660812   ,54.2356167620524   ,28.895463913191    ,73.4618123014275   ,282.135337594839   ,296.878961405032   ,286.063718546827   ,0.00556017559948412,3.08357889510266   ,11.0485728460269   ,9.89368384795508   ,53021              ,may                ,2008               
36.4130729360747   ,0.434951351981487  ,202.942167107364   ,-1.97043312853845  ,5.1527950665518    ,54.3291953344067   ,29.0185936700071   ,72.5105275172135   ,282.686775941479   ,296.84495715254    ,286.053237375855   ,0.00563606869576763,3.19465728738104   ,10.9807026604701   ,9.92125383088279   ,53005              ,may                ,2008               
22.9432402381886   ,1.33029717489095   ,223.527058940353   ,-0.771079664574608 ,4.25432325171412   ,38.2048873088327   ,40.0656751005188   ,74.9359189444137   ,279.975916430459   ,292.308221675236   ,258.659551104953   ,0.00561715299882177,3.49835849496172   ,14.3882809631143   ,12.1833468661521   ,53023              ,may                ,2008               
21.0623718886489   ,1.53297527072257   ,206.853245754778   ,-1.24864376995088  ,4.29628827517106   ,35.7844524604206   ,39.7821418397875   ,76.2808690959387   ,280.231093891326   ,292.684007353123   ,258.640619890973   ,0.00569662945358021,3.56073306367277   ,15.2503579939726   ,12.5960659664278   ,53013              ,may                ,2008               
27.0353146264275   ,0.978288621538867  ,202.227750125767   ,-2.61834903606554  ,4.83516850904189   ,44.8008621078509   ,33.9640559204726   ,74.987193847184    ,282.063964019383   ,295.89782776071    ,269.290432535567   ,0.00586466335586729,3.43844802497473   ,12.8371292297339   ,11.3082669058279   ,53071              ,may                ,2008               
25.2606970573232   ,1.28462907298961   ,238.821798451233   ,-1.14101321948126  ,4.40739559273959   ,41.7362305951281   ,37.581411242457    ,71.6553776644246   ,280.243465814305   ,292.6111281763     ,254.040223656302   ,0.00545162429982322,3.80541151571139   ,13.3856822813935   ,11.473916116366    ,53003              ,may                ,2008               
42.7517230362769   ,0.411352235780358  ,236.098553217958   ,-3.08188226505753  ,5.65427731424436   ,58.0944276592052   ,27.6463678874095   ,67.5319457149249   ,282.752150910713   ,296.981926893867   ,305.383039840534   ,0.00525212406514669,3.73014692094341   ,10.5917568460843   ,9.23139048359572   ,53017              ,jun                ,2008               
23.2135799922656   ,1.41491834762551   ,202.326013083975   ,-0.0858924426789478,4.98887299921254   ,37.2228617131891   ,36.0098913152167   ,76.4055868359443   ,280.721867647335   ,295.688783964488   ,284.826526393716   ,0.0060748943770276 ,3.94771677425929   ,15.1768549530702   ,12.2493431644961   ,53063              ,jun                ,2008               
46.1954798678249   ,0.255051287393938  ,229.46690204854    ,-3.39845934737244  ,6.04611360679524   ,61.1092826265594   ,25.28843852307     ,68.4910684118904   ,283.443206747126   ,299.049867458681   ,315.235684530013   ,0.00538828559527724,3.69584975083524   ,10.1761671559684   ,9.00954656805809   ,53025              ,jun                ,2008               
31.0765997221208   ,0.558617949454957  ,209.807177137134   ,-2.57113225733181  ,5.30751857859043   ,46.5336293354808   ,31.0089756909494   ,79.1230184935916   ,280.680348075679   ,297.059695332602   ,296.509787176067   ,0.00584860942919213,3.74944063034338   ,12.7896831786339   ,11.2558270095167   ,53043              ,jun                ,2008               
34.2083876850179   ,0.499668507381861  ,214.2474443044     ,-3.3959138621118   ,5.6754266420317    ,50.7241907168938   ,27.184887316712    ,77.1394442669414   ,281.698076027011   ,298.828178675377   ,310.279135757053   ,0.00570007931105721,3.53112611314059   ,12.0599169189632   ,10.6587532952271   ,53001              ,jun                ,2008               
23.5184883468064   ,1.09619097892911   ,218.056727720971   ,-1.28447698132117  ,5.23272713292814   ,38.8171830596924   ,34.1660943247851   ,77.2466410871019   ,281.216184266333   ,296.925994771322   ,293.492629146202   ,0.00606302782447607,3.8231721291729    ,14.8603144763124   ,12.0349537422143   ,53075              ,jun                ,2008               
39.5481596152413   ,0.49264138434942   ,210.818904673717   ,-3.21256142549026  ,6.02537886381149   ,53.9773128944788   ,26.0693839715077   ,72.3531004820115   ,283.754382954133   ,299.673338118333   ,322.216583208915   ,0.00569366850185757,3.64785620962962   ,11.6824584409518   ,10.0151933077665   ,53021              ,jun                ,2008               
41.3623375009907   ,0.501299801570248  ,222.637573127469   ,-1.96601226802408  ,6.18987477649834   ,55.0224240111176   ,25.3917682367434   ,70.6071278476151   ,284.10818503566    ,299.838129462669   ,323.976006808836   ,0.00561310057856668,3.7958244638242    ,11.6066375289443   ,9.70193601550435   ,53005              ,jun                ,2008               
23.2862059770095   ,1.08771446148246   ,233.188654076239   ,-0.694642173660904 ,5.1217457808076    ,38.1431535841268   ,36.5699705439818   ,68.5110260191418   ,281.92605694757    ,295.23905991264    ,291.431554901723   ,0.00581083001299447,3.82920351923129   ,15.3502390476487   ,11.4811422425027   ,53023              ,jun                ,2008               
24.5877491738286   ,1.32666753550527   ,219.490892486839   ,-1.14699468358382  ,5.22243629155151   ,36.9449828451321   ,35.6784018141229   ,69.6060410760876   ,282.037256056434   ,295.617326533399   ,292.689865734107   ,0.00577804731330257,4.15252368295172   ,16.1332465007043   ,11.7143522514307   ,53013              ,jun                ,2008               
32.1729246845536   ,0.845683454324398  ,217.750184811422   ,-2.67911092622009  ,5.82193765204127   ,45.6415811305447   ,29.5802281113498   ,71.5994282580327   ,283.678189574865   ,298.965263337753   ,308.156235052383   ,0.00590590198144448,4.00605543478718   ,13.7550096120292   ,10.7683928754595   ,53071              ,jun                ,2008               
24.1323831386167   ,0.997119271954626  ,245.849653547524   ,-1.14027982341112  ,5.22036467349732   ,40.4115326554236   ,35.6540950215936   ,66.1157580257332   ,282.359277250935   ,295.543750686831   ,286.706448298359   ,0.00582691531545095,4.00316208102117   ,14.5472356312466   ,10.9708242562565   ,53003              ,jun                ,2008               
59.6168603206592   ,0.0665397783311364 ,252.33070191109    ,-3.36303654546044  ,6.69306729039092   ,77.2555364022182   ,20.0334359762638   ,55.171275828343    ,286.549123029192   ,302.076716103374   ,321.684569515795   ,0.00587232068344451,3.47770011380448   ,7.67945970326815   ,6.46189763176784   ,53017              ,jul                ,2008               
47.8824672637031   ,0.176528260019763  ,214.725664165911   ,-0.559875563066358 ,6.226255088241     ,62.6464680218091   ,23.3902312276971   ,66.1561298282465   ,283.680685241382   ,301.549235547684   ,314.609887310215   ,0.00628727618699866,3.36550961724566   ,10.4356677114455   ,8.09856088386586   ,53063              ,jul                ,2008               
60.5212528115767   ,0.0394984001797199 ,244.688740209215   ,-3.58364554133668  ,6.89258928393716   ,77.8922611726317   ,19.8726299078023   ,58.5678408099084   ,286.954775532694   ,303.727905088068   ,325.021601852018   ,0.00615523852560178,3.40566009006432   ,7.55782882779346   ,6.66246281983669   ,53025              ,jul                ,2008               
53.0036991708468   ,0.0642831890900954 ,227.967390502864   ,-2.87523797981874  ,6.38378753294267   ,68.3649633024185   ,20.991154506985    ,67.3323953314148   ,284.149781168595   ,302.250605074599   ,317.579967346356   ,0.00612082558698248,3.30531448954128   ,9.32649548472796   ,7.75830192794994   ,53043              ,jul                ,2008               
56.3500380287576   ,0.0156511243648654 ,231.529811884165   ,-3.59284604552141  ,6.61931871001563   ,72.3945536491379   ,20.1816597622615   ,65.3660854930544   ,285.207237705548   ,303.778136445432   ,320.559222970193   ,0.00621451032943235,3.20384070354068   ,8.65042921227243   ,7.34516647172972   ,53001              ,jul                ,2008               
49.8526329165939   ,0.130867404022751  ,232.768978426678   ,-1.49891925488033  ,6.41011256699318   ,64.274569779311    ,22.7273084832685   ,67.8198344291817   ,284.069358284243   ,302.648450473735   ,316.712160636424   ,0.00640145186531009,3.38428982503953   ,10.1350081839371   ,8.17118284851595   ,53075              ,jul                ,2008               
59.4827743782776   ,0.0100311578836098 ,228.842464091109   ,-3.30262826161507  ,6.87171206545297   ,75.3243988732842   ,20.5295756198041   ,59.971025194542    ,287.311169373013   ,304.440238146155   ,324.932430941295   ,0.00635130706956152,3.30564492568928   ,8.16547879865093   ,6.87112465697542   ,53021              ,jul                ,2008               
60.4156371060108   ,0.0120620036294702 ,232.767258240899   ,-2.04941973272395  ,6.98744212843849   ,75.7335753980587   ,20.4488824959315   ,59.9418261297378   ,287.612503391069   ,304.579141117685   ,327.139395299316   ,0.00642497638950814,3.41787321497225   ,8.09109613719754   ,6.83840782900852   ,53005              ,jul                ,2008               
53.2198554917468   ,0.167163074327074  ,244.690705926307   ,-1.00985791848097  ,6.3355944955595    ,68.4249178130315   ,23.1262822175069   ,53.7005327251865   ,285.559605305908   ,300.922727550827   ,315.397495907979   ,0.00585742974753205,3.38101045587597   ,9.51503604190714   ,7.05413145198298   ,53023              ,jul                ,2008               
53.2576860084077   ,0.172833573119078  ,234.138626018744   ,-1.32942111042847  ,6.44361832491793   ,67.6780106425789   ,23.3040868253085   ,52.6901901293759   ,285.783334758793   ,301.044006445585   ,314.293030845618   ,0.00587414483122309,3.56026565669216   ,9.70664016770825   ,6.95582790782254   ,53013              ,jul                ,2008               
56.4580787820063   ,0.101207902120099  ,231.893692430786   ,-2.84424622260478  ,6.84696054752499   ,71.7982082669578   ,20.8824823466055   ,56.9584190977423   ,287.179417307784   ,304.062562719906   ,316.990274905033   ,0.00622212181229036,3.4570322284197    ,8.86425700757937   ,6.85541560823074   ,53071              ,jul                ,2008               
55.868557894831    ,0.223809893962942  ,254.434718567426   ,-1.72621878475821  ,6.51099663985486   ,70.3942371653141   ,22.2877234362815   ,51.2569416653332   ,285.939871309953   ,301.478085152536   ,315.191009993943   ,0.00580226551274933,3.47062560752445   ,9.17238117123256   ,6.88304623688477   ,53003              ,jul                ,2008               
51.8963271995164   ,0.177025573972557  ,209.661767785792   ,-3.41003283464684  ,5.50286239419292   ,71.3440795779363   ,23.9397531734032   ,64.3063793800964   ,286.038017123691   ,300.849629046513   ,253.963084230256   ,0.00624620522613009,3.7661450081634    ,7.68690715620968   ,8.41787206804262   ,53017              ,aug                ,2008               
44.5718296832295   ,0.678552577280276  ,186.014119299081   ,-1.0532051778975   ,5.27346678832802   ,60.2484944090444   ,25.7795953894611   ,74.5612709396247   ,283.604509326895   ,300.325001581684   ,255.995888945004   ,0.00656634852505109,3.82528007467631   ,9.8086282658757    ,10.2676580841254   ,53063              ,aug                ,2008               
53.1660159606307   ,0.148324462018844  ,202.753570061279   ,-3.55556783263528  ,5.64898882142045   ,70.5167775426038   ,23.4763047807501   ,67.4918947299711   ,286.211691431035   ,302.513677682644   ,259.732500973784   ,0.00658225208377981,3.65009408143498   ,7.95149224022547   ,8.83184102882563   ,53025              ,aug                ,2008               
50.1431665487451   ,0.267327379889884  ,194.494459246936   ,-3.02158452370097  ,5.44889471094789   ,65.9248316849487   ,23.3981273963018   ,71.6508797040501   ,284.262757360288   ,301.294820604758   ,254.393274947341   ,0.00631146589011933,3.71112232560125   ,8.89111113462008   ,9.4508742799347    ,53043              ,aug                ,2008               
50.9987661098028   ,0.23764543751657   ,193.24943542876    ,-3.58915800112366  ,5.45020918692312   ,67.155257425221    ,22.883854604845    ,71.481411097726    ,284.943530630543   ,302.716874222491   ,256.433400203565   ,0.0065112976064102 ,3.39532436637189   ,8.71393383927702   ,9.45276914701542   ,53001              ,aug                ,2008               
45.6922553469415   ,0.61851587493008   ,196.660273603913   ,-1.57991522115162  ,5.42162705239128   ,61.0750194912934   ,24.7305327231246   ,73.8348483670142   ,284.24526126753    ,301.634922170331   ,252.679457497642   ,0.00662625598459658,3.775144468046     ,9.78285891420701   ,10.1652828766318   ,53075              ,aug                ,2008               
50.26046375838     ,0.273822048801938  ,197.180789065966   ,-3.18999540912799  ,5.51512925889593   ,66.863056096723    ,25.0238162831101   ,69.9516089053663   ,286.859303030009   ,303.120353316314   ,259.852969840265   ,0.00707379048401328,3.45891898881561   ,8.60975040703199   ,9.53890647917764   ,53021              ,aug                ,2008               
48.8957186064016   ,0.279102415312882  ,201.046462251522   ,-1.94393134622649  ,5.5362082622813    ,65.406540235005    ,25.7083084203742   ,70.8691459990886   ,286.938332735525   ,302.914942208946   ,259.614565996933   ,0.00716632425394066,3.55514134787198   ,8.78619571227248   ,9.71715942510418   ,53005              ,aug                ,2008               
46.3869782595892   ,0.76409451094139   ,208.049461162179   ,-1.18119680758442  ,5.32619219970617   ,63.9958021857174   ,26.5619681377827   ,65.7896417404936   ,285.54189489323    ,299.872418030066   ,256.590772071981   ,0.00645205647013059,3.79482270770359   ,9.13043904443036   ,9.3941105007767    ,53023              ,aug                ,2008               
47.340166987411    ,0.764452523940863  ,198.134007914266   ,-1.46200585260156  ,5.33727705365922   ,63.9058960484725   ,26.6947173102646   ,65.0524563530856   ,285.667520178711   ,299.760364601407   ,258.538638307726   ,0.00642610641343909,3.91320544123911   ,9.18981927738985   ,9.43412330730041   ,53013              ,aug                ,2008               
49.3610318988595   ,0.478604268342249  ,199.752275970433   ,-2.81714887557637  ,5.57574090978276   ,65.6330970731145   ,25.3928112769858   ,68.1380164868995   ,286.901873244659   ,302.700577414508   ,257.085168335777   ,0.00698900040556131,3.73246528586158   ,8.8429410378826    ,9.5155390330634    ,53071              ,aug                ,2008               
45.7921000768971   ,0.87278469395281   ,222.71555549573    ,-1.81161207437443  ,5.49298032373716   ,63.867404633251    ,25.7655456763928   ,65.3600161947417   ,285.72934931824    ,300.376010281298   ,258.957892191334   ,0.0064867637920594 ,3.95219325165988   ,9.10194836651995   ,9.30770513122717   ,53003              ,aug                ,2008               
48.713953885928    ,0.041688215853069  ,202.187828218022   ,-3.32399170814285  ,3.73815013529048   ,64.7895906679714   ,22.7810598968496   ,70.3744542669415   ,281.739504311177   ,297.445579180585   ,198.987473142886   ,0.00486272802884562,2.90140759896182   ,9.29574556579915   ,9.98161732280779   ,53017              ,sep                ,2008               
33.1107220079826   ,0.592030443370403  ,183.627268700566   ,-1.00635462847992  ,3.4678494850251    ,48.8956380204468   ,25.8070579805152   ,81.0018498870015   ,279.281654143019   ,296.882273844648   ,195.423046253131   ,0.00522289151842909,2.91082408330361   ,12.3314115423804   ,12.4921282958598   ,53063              ,sep                ,2008               
48.3057768575683   ,0.0254913026506693 ,187.70459632829    ,-3.41911244959021  ,3.90697835265755   ,64.0521188928905   ,21.5926889214118   ,72.133307430702    ,281.82816674641    ,299.062650571982   ,205.46896439668    ,0.00499615695972097,2.84019104845272   ,9.51082002207101   ,10.1752104959133   ,53025              ,sep                ,2008               
41.8783998493374   ,0.155241391674431  ,185.089203511056   ,-2.93420753501765  ,3.63622346381489   ,57.0779238971719   ,22.6602552831979   ,78.8117738166876   ,279.808520789438   ,297.771189879157   ,195.945774624323   ,0.00492197927022716,2.84184861391806   ,10.7592089550592   ,11.4227509733032   ,53043              ,sep                ,2008               
43.9423674509654   ,0.033988417064506  ,178.656482548609   ,-3.41739404611396  ,3.69447582215498   ,60.7484312438236   ,21.5048782682464   ,74.946652884242    ,280.891321662094   ,299.136631108879   ,201.93168347877    ,0.00499021531337981,2.59721917818588   ,10.1668018215365   ,10.6285906507725   ,53001              ,sep                ,2008               
38.8585999104855   ,0.264926466730295  ,189.507014567562   ,-1.47633620942851  ,3.75551811662842   ,54.3329635256599   ,23.1759365820417   ,78.0267841790891   ,280.056606116201   ,298.458542315315   ,200.090803833008   ,0.00512523879037768,2.93928275559463   ,11.4216951806686   ,11.4896388991674   ,53075              ,sep                ,2008               
43.2272310367964   ,0.0664842680134834 ,180.655966473381   ,-2.95627152950336  ,3.72656720950053   ,60.4033154096359   ,23.7719232998139   ,73.010345310309    ,282.397246751052   ,299.474559036646   ,208.02729127297    ,0.0054475807509003 ,2.60924022392585   ,10.1713741212625   ,10.5867528341367   ,53021              ,sep                ,2008               
42.8290245482498   ,0.0870405811647457 ,180.054776754198   ,-1.82407486767929  ,3.75102944371145   ,59.3839029272633   ,24.4803615485423   ,73.9864837701034   ,282.2535287605     ,299.073847109702   ,212.10531762441    ,0.00547871155438383,2.66998382118444   ,10.3325623965122   ,10.8052660728582   ,53005              ,sep                ,2008               
44.0447881390571   ,0.375722954849526  ,200.149943511049   ,-1.11003500929461  ,3.80691861548532   ,60.1754381732664   ,24.5569285157798   ,66.457926083006    ,282.116971709763   ,296.934740866588   ,207.776398949791   ,0.00498389712574373,3.04360056665126   ,10.3491334819399   ,9.98816063571914   ,53023              ,sep                ,2008               
44.6068114095866   ,0.331951149944444  ,190.381145161068   ,-1.40350049945408  ,3.75245249791503   ,61.2360448660859   ,24.0097162622848   ,64.5928062152696   ,282.15172538025    ,296.792339424812   ,208.604180477469   ,0.00485054505483067,3.04602803773073   ,10.2003808147204   ,9.75835187709768   ,53013              ,sep                ,2008               
43.5104730246122   ,0.198118291355084  ,184.156132414994   ,-2.63713087234394  ,3.81518395502716   ,59.0578675228729   ,24.3406570979896   ,72.2522755777933   ,282.230972844152   ,299.037884724108   ,205.757612076943   ,0.00540798413213898,2.90757386961442   ,10.4647314182142   ,10.6783373121324   ,53071              ,sep                ,2008               
44.6821258262769   ,0.619941209539445  ,211.192957771801   ,-1.54797334121676  ,3.98928298507874   ,60.0230742491655   ,24.5668069277947   ,64.8400035670204   ,282.577477696922   ,297.170887882576   ,208.821223093297   ,0.00501751168356266,3.32304703034914   ,10.3953483217244   ,9.81842243764232   ,53003              ,sep                ,2008               
34.2205345450265   ,0.386304061608816  ,182.522205538482   ,-3.16214396647259  ,1.93402008072893   ,46.1411508986063   ,31.8735041971176   ,78.8005576862189   ,275.971501772222   ,287.371536643616   ,120.697823638823   ,0.00403600067802383,3.29014904345546   ,12.4534836618934   ,13.0419761021545   ,53017              ,oct                ,2008               
26.6452554195941   ,0.312809788245105  ,172.246424853502   ,-1.08578301900289  ,1.90903807181987   ,34.0120786310049   ,33.1033947396038   ,90.3346358937999   ,273.80899272866    ,287.888304185909   ,120.568463401147   ,0.0042167159117397 ,3.58228273278464   ,15.498941775712    ,15.8703137660613   ,53063              ,oct                ,2008               
35.0814797988475   ,0.273823433462239  ,191.256818713868   ,-3.32331573745232  ,2.08516554091452   ,46.3064822628158   ,29.1078144017695   ,80.887498003881    ,276.017742370472   ,289.272091939721   ,124.475854441278   ,0.00408945579173206,3.19580196572755   ,12.5383315643992   ,13.2327544812486   ,53025              ,oct                ,2008               
28.7131760683907   ,0.310442720669431  ,171.829129195133   ,-2.87765566953706  ,1.96859292812753   ,38.1810709282014   ,30.5363610000604   ,88.8401632391926   ,274.025451859863   ,288.254261430063   ,121.233016623573   ,0.00407854194200919,3.41277533112483   ,14.2983446152053   ,15.2410461231361   ,53043              ,oct                ,2008               
30.9175896954961   ,0.219580775191376  ,195.593993999417   ,-3.44287522588327  ,2.02079969458334   ,43.5434641697478   ,28.6889027089462   ,84.1354592645308   ,275.269246116982   ,289.735484415088   ,124.308161885475   ,0.00409902987325809,2.935626038739     ,13.1008675570673   ,13.8835816675132   ,53001              ,oct                ,2008               
28.1109994412961   ,0.294051496714523  ,196.925339553614   ,-1.69125805244288  ,2.12228275690178   ,38.3788060494845   ,30.8295423081342   ,87.2781670631539   ,275.058761022231   ,289.699611803666   ,121.12244318982    ,0.00430649808767045,3.44268677208184   ,14.2859560055163   ,14.8734738178      ,53075              ,oct                ,2008               
32.7655379955491   ,0.172785863764677  ,214.712909353985   ,-3.01117221774199  ,2.05720413685141   ,44.8866599397683   ,30.5408441654802   ,81.8435763011204   ,276.83234229076    ,290.367979116889   ,125.995916470227   ,0.00440002960021776,2.92396700665466   ,12.8574714626331   ,13.510564571338    ,53021              ,oct                ,2008               
32.2319537359125   ,0.195972376048144  ,219.910607243554   ,-1.92798460352821  ,2.01038834635232   ,44.16760778864     ,31.6507893152923   ,81.1381137092097   ,277.165972915536   ,290.19139795509    ,127.874209569824   ,0.00446420682108742,2.82449300539393   ,13.0558142315274   ,13.6155020061124   ,53005              ,oct                ,2008               
26.289437555248    ,0.510204597149194  ,214.206287617149   ,-1.291395681191    ,2.05938901375301   ,40.0498661170429   ,34.8380227751016   ,80.7887970617314   ,276.728472346415   ,288.522903531043   ,123.505620184845   ,0.00450065429588327,3.53781881662725   ,13.5483655761416   ,14.0154343717587   ,53023              ,oct                ,2008               
24.7301807222438   ,0.768646278369368  ,211.729608080593   ,-1.55732580228651  ,2.01797576029444   ,38.8914250473863   ,34.9323726380884   ,80.0304639745737   ,276.727940813711   ,288.489849689099   ,124.695312520294   ,0.00449270738800429,3.55864568819993   ,13.8972203768179   ,14.1409119706846   ,53013              ,oct                ,2008               
28.8708597622348   ,0.415755994889544  ,217.186786522765   ,-2.68271393825295  ,2.15102491915273   ,41.0517882159023   ,31.7019548461158   ,81.7027301313119   ,276.928575705331   ,290.356432834948   ,121.479442793023   ,0.0044886547361151 ,3.36104873145561   ,13.643899543311    ,13.9338940558645   ,53071              ,oct                ,2008               
31.0911549033158   ,0.413953031294621  ,225.323623892558   ,-1.51771511190963  ,2.2194905645684    ,42.0936804626138   ,35.0196266133897   ,78.7602611363903   ,277.261667663416   ,288.49493266286    ,125.559580144754   ,0.00452747447856958,4.03691117486197   ,13.1442326543919   ,13.5003404923824   ,53003              ,oct                ,2008               
12.0721471830533   ,1.24388288018249   ,179.075232883932   ,-2.84916545320821  ,0.631226952839224  ,19.905371224334    ,59.3270411780153   ,92.3163445819742   ,273.087375435911   ,279.953466334861   ,60.8222583083558   ,0.00414812082477267,2.82895819963578   ,18.1582327401435   ,19.5909679633909   ,53017              ,nov                ,2008               
10.4231996112516   ,1.97153141779076   ,174.53155258028    ,-1.45346823755157  ,0.624969876918417  ,14.6813091626009   ,60.5012339873154   ,94.2162804457675   ,272.678577788719   ,280.296070807707   ,61.4447999896249   ,0.00431766826322108,3.32704274687603   ,20.3231703338894   ,20.7093693260726   ,53063              ,nov                ,2008               
14.2254890847624   ,0.820450592050096  ,170.757240110556   ,-3.12649164480963  ,0.690174448230893  ,21.924121809151    ,55.7479321522222   ,94.3835979301271   ,273.393794040343   ,281.653765460938   ,62.4743818335385   ,0.00433337190852482,2.87589230225589   ,17.5398725968756   ,19.4787720053752   ,53025              ,nov                ,2008               
11.8182468413821   ,1.20862154999278   ,173.84098903715    ,-2.93685307299797  ,0.611070206041197  ,17.1244957681013   ,60.047020350284    ,94.5139097591573   ,272.752208079093   ,280.233467083842   ,61.9465322174339   ,0.0043168684050912 ,3.18538016535122   ,19.2911271140797   ,20.3713845662684   ,53043              ,nov                ,2008               
13.0480070000297   ,0.934298791438199  ,161.429957442756   ,-3.52595331106395  ,0.650503520651186  ,20.649348760266    ,55.9064272735727   ,95.3294306633921   ,273.567328443409   ,282.085016444807   ,63.1858923894742   ,0.0045380804660497 ,2.72775428199779   ,17.9830583025414   ,19.8368546783753   ,53001              ,nov                ,2008               
10.7482898334275   ,2.03135860019805   ,179.078573391999   ,-1.92830788588407  ,0.812628189507653  ,17.0398885399408   ,55.2021577703439   ,93.5447876917521   ,274.111510484882   ,282.493373792461   ,62.8869738433688   ,0.00460364499653452,3.46915171319363   ,19.5408178305906   ,19.9689399817972   ,53075              ,nov                ,2008               
14.9153948492602   ,0.743595619182556  ,184.67027591024    ,-3.10725079499758  ,0.731172804929889  ,22.4075299942799   ,55.9353112577781   ,95.1375555234078   ,274.8529052617     ,283.140643091446   ,62.3400223573049   ,0.00472209313173946,2.8965091162003    ,17.387247685408    ,19.4233139480689   ,53021              ,nov                ,2008               
14.8669261754668   ,0.656171765754503  ,186.918484614974   ,-2.07216634770352  ,0.735152876617376  ,22.6805031589267   ,55.3166891064164   ,95.6432586244813   ,274.610552843083   ,283.280979322023   ,66.4334004936369   ,0.00469580316702336,2.85072173308691   ,17.3302374882576   ,19.3766280253258   ,53005              ,nov                ,2008               
10.5433794070472   ,2.1128571057295    ,195.561781237979   ,-1.6134594932939   ,0.853904308773593  ,18.6209980924107   ,56.6612652300801   ,91.6624561124213   ,274.805477033343   ,282.495787781267   ,64.38709276922     ,0.00478761588836929,3.6926350167079    ,18.7427495843875   ,19.3572080322921   ,53023              ,nov                ,2008               
10.5403542627674   ,2.62403764745276   ,190.322799138207   ,-1.84897185128709  ,0.810675813626972  ,17.0165500060672   ,57.5307954005962   ,92.6882039847382   ,274.670993358885   ,282.608109575042   ,67.6773173675071   ,0.00484670723246388,3.93427609921958   ,19.5342748020332   ,19.9212703509272   ,53013              ,nov                ,2008               
12.1699799646039   ,1.48133533095441   ,187.182647070845   ,-2.7927550501758   ,0.816815065981209  ,19.3425515525424   ,57.0041394665312   ,94.8444127209464   ,275.033903586121   ,283.5270309655     ,62.4083020763346   ,0.00489156793936744,3.70127431008066   ,18.4824465843397   ,19.7629989585256   ,53071              ,nov                ,2008               
14.8259984338236   ,1.38800485834588   ,215.472534408244   ,-1.80698528483401  ,0.961957160900109  ,22.5982004897438   ,56.1031047361611   ,90.2329487222825   ,275.128339773953   ,282.702059851134   ,66.5642017007164   ,0.00480284282103194,4.34137873388555   ,17.4079754757475   ,18.3935882295715   ,53003              ,nov                ,2008               
12.6256379986327   ,0.934182485334261  ,179.735876001748   ,-3.02592033983241  ,0.371635158597312  ,17.6481015446693   ,61.9851015973498   ,88.187026781149    ,263.634728840762   ,270.451830833963   ,47.1570658455855   ,0.00207995585778223,2.88056038190734   ,19.3838163727163   ,19.3510064864523   ,53017              ,dec                ,2008               
7.20453978213986   ,3.56692899530782   ,169.878216445484   ,-1.93134573808557  ,0.394570170250073  ,8.62048622897442   ,64.2175308670075   ,92.7288139095905   ,263.871222577776   ,271.476626661121   ,44.5578975044606   ,0.00230340054069986,3.4531864366512    ,23.3165083180807   ,22.2332775688944   ,53063              ,dec                ,2008               
13.2334276753119   ,0.914381107323821  ,166.204653177503   ,-3.36508072534035  ,0.40699105950607   ,17.1961424199644   ,60.5716102809894   ,91.464927107063    ,264.043686353368   ,271.841864811481   ,48.1085160430941   ,0.00219940854279084,2.99673559571061   ,19.4975971410799   ,20.0764797539917   ,53025              ,dec                ,2008               
9.84698638917557   ,2.01272757084197   ,167.887258271298   ,-3.23884518917534  ,0.345245405831563  ,11.5850090043217   ,65.189673201319    ,93.3184448199701   ,263.304286515533   ,270.674872243755   ,46.2534787369988   ,0.00221944287064239,3.23615999199041   ,21.7167450433699   ,21.6853237200656   ,53043              ,dec                ,2008               
10.219761957975    ,1.44924865258714   ,157.471590398734   ,-3.7675598323516   ,0.373742230774153  ,13.3016678973645   ,63.6581034333339   ,93.6991217295329   ,264.389539281049   ,272.092928126935   ,45.6309615041374   ,0.00236461389266242,2.75633324744765   ,20.8429080032232   ,21.3476496440519   ,53001              ,dec                ,2008               
6.68670141939165   ,3.07694898762773   ,182.255963789528   ,-2.10362623603467  ,0.476182189523589  ,9.18229231259968   ,61.4689014321121   ,93.4699322521733   ,265.418025889677   ,273.289159788842   ,43.8689212918001   ,0.0025168692751573 ,3.33117196754848   ,22.934695966384    ,22.08511601377     ,53075              ,dec                ,2008               
10.0035241615028   ,1.28444742643298   ,177.949820479732   ,-3.37644004959327  ,0.4825025316729    ,14.6075043228336   ,62.1401247212826   ,92.4030913768671   ,265.942716751099   ,273.608328990447   ,44.3418354768019   ,0.00251030657440424,3.0139652243333    ,20.2480893413837   ,20.7920720241009   ,53021              ,dec                ,2008               
10.6354220851599   ,1.10964467454209   ,178.679384080157   ,-2.46578082283573  ,0.513686814545828  ,14.9658289649697   ,61.2558896739102   ,93.0175596308661   ,266.033391715507   ,274.069651663515   ,46.3822776630785   ,0.00254639659044898,2.99634748140912   ,20.2329226479728   ,20.9897065464091   ,53005              ,dec                ,2008               
7.1485622867844    ,4.00723291347362   ,206.361361868559   ,-1.82993308004709  ,0.522005991413264  ,9.47132144909584   ,63.3924549649714   ,91.7563231446481   ,266.804310502078   ,273.920719666412   ,45.5959929523507   ,0.00272429828261127,3.45766591271752   ,23.1252312125133   ,22.2550234455006   ,53023              ,dec                ,2008               
6.66725702406205   ,4.9844644279016    ,201.87992705812    ,-2.09577030520789  ,0.529475642237682  ,7.96261703498372   ,63.7701502841597   ,93.169521357751    ,266.554473601336   ,273.839390449457   ,48.9088135874084   ,0.0027733667017762 ,3.96420933219359   ,24.2326365442592   ,23.0292237826875   ,53013              ,dec                ,2008               
7.61540467311      ,2.59420960337974   ,193.312075746857   ,-2.98875689385383  ,0.583731407113626  ,10.0968771368071   ,60.6252242191697   ,94.1723958457388   ,266.35436706543    ,274.546466626837   ,44.6931089177687   ,0.00267068697495334,3.90544462951461   ,22.4757964847534   ,22.2097243495104   ,53071              ,dec                ,2008               
9.15213613431389   ,2.51284161709666   ,234.603992434314   ,-1.97485011359201  ,0.60447370683516   ,13.1281508480942   ,64.1313303750217   ,89.5518478235769   ,267.371158408655   ,273.994227670637   ,47.2419609144076   ,0.00272167312032872,4.07403604701488   ,20.8498381329279   ,20.8481980363238   ,53003              ,dec                ,2008               
