bi,pr,th,pdsi,pet,erc,rmin,rmax,tmmn,tmmx,srad,sph,vs,fm1000,fm100,countyfips,month,year
9.61223558353599   ,0.917528582700086  ,166.073388989713   ,-2.38421997350288  ,0.461503665320109  ,12.9329623562876   ,63.6034582370406   ,93.2374680007233   ,269.919157368672   ,275.864088072568   ,58.0283759552213   ,0.00317001078787701,2.39021301740108   ,21.4686072017616   ,20.6074915249009   ,53017              ,jan                ,1992               
4.9819505423978    ,1.946678820542     ,169.172358801492   ,-2.00412864151214  ,0.482738886961038  ,4.49618866048382   ,71.2836979341362   ,96.5129859117167   ,270.937374425806   ,276.553059416082   ,45.5781856452335   ,0.00365249355986469,2.82606309308107   ,24.8862101140356   ,23.110271412808    ,53063              ,jan                ,1992               
11.6055191999717   ,0.567644434125629  ,151.84161521198    ,-2.08491721358843  ,0.570323212260418  ,14.3443970481145   ,63.7473524625328   ,92.8412272514104   ,271.609274920269   ,277.689673506835   ,53.0809620030893   ,0.00347100302012881,2.44814923616726   ,21.0444312477236   ,20.2295035794285   ,53025              ,jan                ,1992               
8.07732034133731   ,1.06485261107365   ,162.933531972371   ,-2.48688275062953  ,0.523978894433746  ,8.82372521186178   ,67.7409597627835   ,94.5083673711975   ,270.576918325704   ,276.278733055167   ,47.7391234945687   ,0.00339661039112957,2.72867672466701   ,23.0829760360336   ,21.6641476102749   ,53043              ,jan                ,1992               
8.32774196883664   ,0.856846015208617  ,145.561509631603   ,-2.10824069070497  ,0.553148942606921  ,10.5113903541658   ,66.6455687722015   ,94.0052556824977   ,272.069882993084   ,278.034214007435   ,47.9267952056301   ,0.00368435500147568,2.20341860336785   ,22.3901225581981   ,21.171598965188    ,53001              ,jan                ,1992               
8.43106515163326   ,1.3974153599816    ,167.656890754437   ,-2.25207050244013  ,0.710736338892064  ,10.7368427373096   ,64.5823785249829   ,91.6114353334836   ,272.401039059257   ,278.480188977352   ,47.2179267345479   ,0.00372477471883244,3.00543079763029   ,22.4135393325111   ,20.6667210323037   ,53075              ,jan                ,1992               
10.9054364028962   ,0.718842739362279  ,176.393656989869   ,-1.66604289611181  ,0.667955739607586  ,14.3647040827103   ,64.158849405       ,90.9798282968791   ,273.743421534687   ,279.846159287067   ,49.3616787903362   ,0.00391464831602757,2.30851338237672   ,21.2196578387883   ,19.6576854299967   ,53021              ,jan                ,1992               
12.0373678260971   ,0.517258606826925  ,183.405961985471   ,-2.0305879428777   ,0.647033392452237  ,15.6049331541302   ,61.7970499428976   ,91.0016181393875   ,273.359392310672   ,279.787748840297   ,53.8595764899577   ,0.00378717866181674,2.07213178169929   ,20.9973875602981   ,19.5024919042516   ,53005              ,jan                ,1992               
11.8742795775039   ,1.29929371484175   ,191.147922961011   ,-1.65887407629942  ,0.83795613343722   ,15.1212527807753   ,56.4444669044417   ,89.8380218942283   ,272.302814762618   ,278.925676737537   ,50.2882965097827   ,0.00363059762808019,3.26235145465378   ,21.1469222647564   ,19.3921796750554   ,53023              ,jan                ,1992               
9.88207831129393   ,1.75390375619341   ,184.38757566821    ,-0.501493701239947 ,0.809256357620735  ,12.2400151153409   ,57.0791465797611   ,90.8723908797891   ,272.462550331583   ,278.894397866382   ,53.8972594079648   ,0.00370792479078847,3.46164762734702   ,22.4201479678097   ,19.9899179349576   ,53013              ,jan                ,1992               
11.3081758070919   ,0.995476770977038  ,188.131165577393   ,-0.734986409040163 ,0.838212559296176  ,14.1549654292059   ,60.785923032413    ,90.1752530719988   ,274.074875438179   ,280.415775570193   ,50.4983990867089   ,0.00395768022564294,3.1655441406023    ,21.5616086844287   ,19.4540990845225   ,53071              ,jan                ,1992               
17.4018280424381   ,0.581076090367283  ,217.517954128221   ,-1.7773247080744   ,0.971651038731691  ,20.2623172192004   ,53.171898322019    ,88.2735013353255   ,272.015204594673   ,279.028122505132   ,53.6144047982557   ,0.0034784490738414 ,3.96024339616453   ,19.29176969755     ,18.2538608721012   ,53003              ,jan                ,1992               
8.19360450896435   ,0.902116277484273  ,117.358289185253   ,-2.4125061534807   ,0.726904319749172  ,11.8537503820987   ,63.4051023133681   ,97.0985379973695   ,272.024922568843   ,279.423178267745   ,103.598046590697   ,0.00409427455341419,2.26290877224231   ,21.8951450317788   ,20.7858832291011   ,53017              ,feb                ,1992               
7.22309460376943   ,1.75939983914999   ,135.146695286514   ,-1.91260433269489  ,0.779810069881855  ,7.18401292638933   ,62.7694745127967   ,98.1891775773082   ,272.434457262961   ,280.74419463038    ,88.9205452732247   ,0.00441417415230343,2.5319355562931    ,24.7163510471647   ,21.4366900982983   ,53063              ,feb                ,1992               
10.367449721972    ,0.747409099140408  ,113.40099921184    ,-2.22981925529361  ,0.854282945910161  ,15.0537101373536   ,58.1585907561252   ,96.7654476053692   ,273.122184297129   ,281.512147262346   ,97.2302080461019   ,0.00428948005933541,2.32709210299269   ,20.8352820040757   ,19.9443138531152   ,53025              ,feb                ,1992               
8.50857948496597   ,1.04047383786142   ,126.427182227485   ,-2.4279639760748   ,0.819753102513657  ,11.3007284829466   ,60.0909410113163   ,97.3266164439553   ,272.640762222451   ,280.759914227813   ,92.7877558943277   ,0.00426603637711042,2.43864069475662   ,22.5318918083456   ,20.5467303315406   ,53043              ,feb                ,1992               
9.53638561681406   ,1.06942092834671   ,113.878156298809   ,-2.02873408663466  ,0.835925063735154  ,13.2665002212795   ,58.1322044317126   ,96.9180281541897   ,273.349479608149   ,282.105241668551   ,91.6219360872316   ,0.00445322161421496,1.99276051288482   ,21.8919734624971   ,20.1754569469589   ,53001              ,feb                ,1992               
10.0364870372861   ,1.72628293809645   ,141.139226539916   ,-2.26846381486631  ,0.908371814331588  ,12.1363981320267   ,57.9613004174753   ,97.2974852444945   ,273.447021380513   ,282.565389008081   ,92.310897515882    ,0.00462281580106551,2.45590991507809   ,22.6059669064273   ,20.4864732261065   ,53075              ,feb                ,1992               
9.25583146013841   ,1.10804941375013   ,136.707460251995   ,-1.54672525257636  ,0.857990141745125  ,14.8762031112726   ,59.882537983276    ,95.4288791876573   ,274.503143578833   ,282.909417904864   ,94.1763317291553   ,0.00467372102065493,1.93527337770377   ,20.9321286397976   ,19.8087173084636   ,53021              ,feb                ,1992               
10.3050460512438   ,1.01020815556149   ,129.691929674543   ,-2.03041775166048  ,0.865882164778996  ,15.996966234502    ,59.5863940443714   ,95.6124870323671   ,274.186754781315   ,282.580999466291   ,96.7191891799211   ,0.00457782613475709,1.92116866591414   ,20.5153388034864   ,19.7260398569494   ,53005              ,feb                ,1992               
11.5733673677523   ,1.70399375139887   ,162.153456182742   ,-2.05092108790333  ,1.0323245453697    ,16.0340234276731   ,53.6477979792889   ,93.819854497698    ,273.671055581364   ,282.53873415171    ,96.0879124012687   ,0.00444974548387083,2.57781009745603   ,21.1144033077023   ,19.322417085744    ,53023              ,feb                ,1992               
10.0497429461689   ,1.85898263648253   ,149.938004263854   ,-1.05260867379723  ,0.953011165922626  ,14.4529527255002   ,56.2946261032892   ,93.7221615462492   ,273.640199394483   ,282.19125104004    ,101.438603085908   ,0.00447523573101077,2.45286781233286   ,21.6717939737045   ,19.5610633471517   ,53013              ,feb                ,1992               
9.41093373679909   ,1.3063718537853    ,145.890239174635   ,-1.02117442429194  ,0.895723752673114  ,14.9370845037292   ,60.3983158888025   ,94.970877644077    ,274.591506749772   ,283.017585967061   ,93.1911442227203   ,0.00473928248007326,2.31166793278372   ,20.9348279297283   ,19.7205741009507   ,53071              ,feb                ,1992               
15.5424491505149   ,1.1203078333875    ,187.613493190443   ,-2.18877761399514  ,1.19023753672341   ,22.2320323521029   ,48.7565776046299   ,91.4230602247499   ,273.540839536347   ,282.705122417653   ,99.4280829340126   ,0.00419504910486418,3.09129998265019   ,18.8103643607298   ,17.8783324684664   ,53003              ,feb                ,1992               
18.9205442384565   ,0.310430005157774  ,168.268503965048   ,-2.30565783400206  ,2.22768611945688   ,25.5952645806103   ,37.675026558532    ,86.3401952835904   ,274.624119575433   ,287.343013572709   ,192.262499147307   ,0.00414843894232334,2.33738752556681   ,19.5126430371172   ,15.5814399900421   ,53017              ,mar                ,1992               
15.0586053669323   ,0.446834402798975  ,145.403410579004   ,-1.98172696745504  ,2.07898134149188   ,19.3577836243262   ,41.2392619434368   ,92.3566699794302   ,273.576362867942   ,287.322279371225   ,170.35215304835    ,0.00447292727107453,2.55919490669718   ,21.439334197633    ,17.0104445087079   ,53063              ,mar                ,1992               
20.2279675177329   ,0.239658796062108  ,140.83325490227    ,-2.28767691317453  ,2.36721281531622   ,27.4874479613327   ,33.9785847330091   ,88.0246122551111   ,275.347078979694   ,289.324530718763   ,190.666094425708   ,0.00428091664648207,2.28425443860525   ,18.9195341270347   ,15.4756987286801   ,53025              ,mar                ,1992               
17.0843690825184   ,0.331992894649707  ,155.291053653061   ,-2.43716984385048  ,2.17416948494437   ,23.207245504455    ,37.6167065057058   ,90.6834805234768   ,273.903033324152   ,287.619286909198   ,183.067078672258   ,0.00427245107559232,2.40804584926762   ,20.0845058888888   ,16.374360977782    ,53043              ,mar                ,1992               
17.8622940919633   ,0.232214444130039  ,136.81203177797    ,-1.86702423154909  ,2.2250577330986    ,25.0814910983078   ,35.1963812737888   ,90.4440637091875   ,274.766621080605   ,289.17430950108    ,185.476707532188   ,0.00438286014913796,2.02965051641481   ,19.6809303324416   ,15.9532450393362   ,53001              ,mar                ,1992               
16.3262623720239   ,0.346557803862009  ,172.862929482958   ,-2.21080718306934  ,2.17122566121579   ,21.7830108463063   ,39.0053832644439   ,92.1307762519503   ,274.513281148082   ,288.532475115724   ,176.493804252089   ,0.00461312155642209,2.31741402509769   ,20.6762703851414   ,16.6342003366662   ,53075              ,mar                ,1992               
18.3758140448197   ,0.218854851913511  ,174.059858593958   ,-1.16108093539205  ,2.26877803543661   ,26.0390345533196   ,35.6646945764054   ,90.1667959165928   ,276.007854823262   ,290.145333964535   ,185.35186844724    ,0.00460850895235428,1.95482148476333   ,19.3054065393159   ,15.7897932162652   ,53021              ,mar                ,1992               
18.6865214544444   ,0.229813263643662  ,171.259340451037   ,-1.73012457879837  ,2.28343352199306   ,26.3063116606512   ,36.052236493204    ,90.1078425170948   ,276.093184893266   ,289.801300712887   ,188.969346216285   ,0.00457566753408245,1.98590417661656   ,19.1755308084621   ,15.8558069065023   ,53005              ,mar                ,1992               
16.5503196719395   ,0.470751053902769  ,194.674909698297   ,-2.28323155217351  ,2.14315160238965   ,23.5978380952085   ,40.2569648786242   ,88.0931676617368   ,275.077631496948   ,287.275441005602   ,174.547381297688   ,0.00453152143201626,2.34832743160162   ,19.9409117489438   ,15.8116236578556   ,53023              ,mar                ,1992               
15.670320323952    ,0.524613616170462  ,172.669939022514   ,-1.50523890944988  ,2.08619228112619   ,22.5311839585368   ,41.6203551676563   ,88.166568395959    ,274.995389534078   ,287.11223627679    ,179.523984740582   ,0.00452027543761079,2.15871079398699   ,20.3901082241662   ,15.9829381206031   ,53013              ,mar                ,1992               
17.3135974971143   ,0.338455567593153  ,169.687659942254   ,-1.09110079224532  ,2.17696127522939   ,24.2938794339388   ,39.6027135278745   ,89.5692912941369   ,276.070848478472   ,289.391480828782   ,175.359454864034   ,0.00472877294014076,2.05952683846969   ,19.7874847627705   ,16.0115384592836   ,53071              ,mar                ,1992               
17.3444263807998   ,0.517306942167298  ,215.15244042792    ,-2.31830076797165  ,2.25963499337217   ,26.4260246338832   ,37.6565874534016   ,87.2593038669889   ,275.094585521995   ,287.367956407159   ,175.173793791826   ,0.00443267869837744,2.67592145418711   ,18.5196680024508   ,15.3455155953986   ,53003              ,mar                ,1992               
27.3593988774759   ,0.830302584286434  ,204.633098136679   ,-2.5406458443173   ,3.27294400247602   ,38.2464386472162   ,32.2020993540336   ,82.4918302290952   ,276.60694742674    ,289.029889681012   ,212.365349462326   ,0.00448606995450875,3.75541536650568   ,14.8790348029844   ,12.6074821260526   ,53017              ,apr                ,1992               
19.5057334811294   ,1.10974371463151   ,188.046671615956   ,-2.62014248426683  ,2.99052909020836   ,28.4303755034067   ,37.8160133365681   ,90.5898284680213   ,275.814204745307   ,288.749785075241   ,197.501965284106   ,0.00494344726803108,3.91005487445036   ,17.288202897297    ,14.8794623309235   ,53063              ,apr                ,1992               
28.1500194325393   ,0.934051956660424  ,200.323075561949   ,-2.51797856240647  ,3.45769872271673   ,37.9244765370594   ,30.6568373971854   ,84.3135547868077   ,277.538287840755   ,290.852058994588   ,212.473317893782   ,0.00473994121196243,3.72875098142952   ,15.1312371388505   ,12.8748884134508   ,53025              ,apr                ,1992               
24.6473146676251   ,0.884681965082339  ,193.381451742556   ,-2.87222336613193  ,3.11258988523635   ,32.1169221486567   ,34.227426790072    ,91.5729902165791   ,275.611992284127   ,289.182382532331   ,207.336582963165   ,0.00480328133180085,3.80886677830771   ,16.5421972094971   ,14.5285153575615   ,53043              ,apr                ,1992               
22.9539228467976   ,1.06193585786061   ,191.788277351936   ,-2.11649084558004  ,3.26873269796713   ,33.0455033167499   ,32.8981497774607   ,88.7845327699765   ,276.840072719279   ,290.66876509119    ,212.507671067275   ,0.00492290916626716,3.3819919018315    ,16.25405456093     ,14.0682258053518   ,53001              ,apr                ,1992               
19.6164053172921   ,1.37546060215842   ,202.529010983935   ,-2.65129419925166  ,3.15107737055947   ,29.7773048664542   ,37.5879584610883   ,88.1927046077953   ,277.036746001599   ,289.782468846938   ,201.871815905403   ,0.00512143462813258,3.77525835475267   ,16.847283892164    ,14.4485180179746   ,53075              ,apr                ,1992               
24.293897280742    ,1.20334853119957   ,190.169099324407   ,-1.09416305064582  ,3.44357692499955   ,34.6154476384627   ,33.3300273897709   ,85.4703021225562   ,278.866085154216   ,291.837712711432   ,214.902880082742   ,0.0052074237805433 ,3.35158272398588   ,15.9617608577777   ,13.5546304479012   ,53021              ,apr                ,1992               
27.4358074252938   ,1.24720027515374   ,194.910897526245   ,-1.63046506088396  ,3.50935674032869   ,36.3875765556414   ,32.7088477710295   ,84.7859678924907   ,279.020221067651   ,291.876216217282   ,218.99372884724    ,0.00521204063663796,3.45704835407891   ,15.7214947951616   ,13.270093619988    ,53005              ,apr                ,1992               
18.1866030205731   ,1.92370771982593   ,218.864232886652   ,-2.71226408269341  ,3.13391810975213   ,29.8687805287339   ,40.2350418398839   ,84.2926907940187   ,277.334570849559   ,288.703508074585   ,203.816474244807   ,0.0050530022641694 ,3.87688043813528   ,16.6145725568136   ,14.1963105400157   ,53023              ,apr                ,1992               
16.4984474257898   ,2.60434486867558   ,207.896345901291   ,-1.97514200356202  ,3.05340296687464   ,27.546464041432    ,42.2053464165533   ,84.83516009632     ,277.339798306503   ,288.533046167184   ,204.466159654787   ,0.00514372830087381,3.96272058167071   ,17.3720162183618   ,14.784856210662    ,53013              ,apr                ,1992               
21.4623890648727   ,1.65106235225268   ,199.478370651191   ,-1.39683374318327  ,3.38419646633673   ,32.2727509088956   ,37.2268153720432   ,84.1439979155212   ,279.077466750726   ,291.486901673521   ,207.734910818167   ,0.00541406541231131,3.76335487260728   ,16.3620445243711   ,13.8508540640678   ,53071              ,apr                ,1992               
17.6173462400104   ,1.58946721681423   ,231.179698240554   ,-2.59071586355386  ,3.32804592385199   ,31.1215060556602   ,37.1904057066516   ,82.7580641289407   ,277.348411040294   ,289.019933510291   ,203.07553496442    ,0.00483400195481827,4.23354824402907   ,16.0426726657979   ,13.6875827964495   ,53003              ,apr                ,1992               
47.3134600174712   ,0.0634740420840904 ,214.054066067768   ,-2.88375384670491  ,5.55588105233604   ,60.1827825525203   ,22.0888873671523   ,64.6614447352306   ,280.904844701482   ,296.963358538201   ,306.834821036521   ,0.00454115083738083,3.47327370660614   ,11.1056452522629   ,8.26217160170187   ,53017              ,may                ,1992               
36.4991004370965   ,0.411770764019854  ,177.52042771653    ,-3.23994331277733  ,5.01263222138967   ,47.8781876117532   ,26.4713774226742   ,77.0443339904671   ,278.714726248796   ,296.334061292822   ,287.089649066164   ,0.0051670001675178 ,3.3400660410782    ,13.4921698973733   ,10.5249393788818   ,53063              ,may                ,1992               
46.1231581956341   ,0.0417257155169643 ,193.806538548589   ,-2.64133640388248  ,5.77304902137602   ,58.9283894649505   ,20.8997641229795   ,70.0609133875004   ,281.393090947012   ,298.750549508075   ,315.605671501486   ,0.00478262857521304,3.25497140438059   ,11.4139391832801   ,8.75839024466881   ,53025              ,may                ,1992               
39.572990776575    ,0.17987717467245   ,184.844064084182   ,-3.32994700303226  ,5.26157037387113   ,50.153286183309    ,23.7168631308054   ,81.5462049219494   ,278.663961420067   ,296.958820901903   ,302.128663500275   ,0.00500842227413519,3.3192882841624    ,13.014930588827    ,10.609346596526    ,53043              ,may                ,1992               
38.6470016857241   ,0.12726260432723   ,179.012453364548   ,-2.37829502970123  ,5.53182497412608   ,50.9750050741221   ,22.8348123530758   ,81.0874550681269   ,279.682408860391   ,298.492698813996   ,320.200606795598   ,0.00514514585083628,3.00437882496057   ,12.8977459381199   ,10.4392296762605   ,53001              ,may                ,1992               
35.8776250458438   ,0.35091423499177   ,181.750490217584   ,-3.18533521820517  ,5.30999022721792   ,47.2455617340059   ,26.9757540840714   ,78.3456866392827   ,279.218904172257   ,297.123169842888   ,308.551747280751   ,0.00534038452017148,3.36520399241113   ,13.5829024090124   ,10.7402433378918   ,53075              ,may                ,1992               
40.0184639309558   ,0.091958227110264  ,173.314735901016   ,-1.09115956776465  ,5.83674350713678   ,52.8191523701026   ,23.2471898423235   ,76.0885127249782   ,281.838834375424   ,299.518923688941   ,328.357758160915   ,0.00537929757308705,3.09144907651409   ,12.5916778907587   ,9.87836397806409   ,53021              ,may                ,1992               
41.9036027231506   ,0.0580638269345413 ,171.690225727573   ,-1.51159944472728  ,5.88841854519097   ,53.970682528256    ,23.1576685028964   ,74.6945463147048   ,282.258383728889   ,299.402372533161   ,328.260015011835   ,0.00534260106049631,3.19854275431995   ,12.4471741112208   ,9.68512491302468   ,53005              ,may                ,1992               
33.0292633970327   ,0.445845288594174  ,192.289761009304   ,-3.21135229082088  ,5.24701509896559   ,48.2835814058124   ,28.2251663832836   ,66.9480434949688   ,280.225174307895   ,295.799350280701   ,305.931338391832   ,0.0050967361390965 ,3.46203118458799   ,13.19228084406     ,9.75091199396226   ,53023              ,may                ,1992               
32.8944828600271   ,0.404095650355954  ,180.401801416971   ,-2.36841468369982  ,5.23688765195068   ,46.1915501620475   ,29.3708817361678   ,68.7454214210426   ,280.453990385432   ,295.904992568575   ,305.848702029831   ,0.00523353663293682,3.52197207249493   ,13.8757794717139   ,10.1133988119021   ,53013              ,may                ,1992               
36.816273293934    ,0.23202279360939   ,176.685495249812   ,-1.68906635867033  ,5.6742204058805    ,49.2411132684193   ,26.5321770737311   ,73.948156775998    ,281.905910116776   ,298.984438588292   ,315.674445077499   ,0.00563502944574794,3.35425000973271   ,13.2329178639294   ,10.2015634704193   ,53071              ,may                ,1992               
36.0911026081234   ,0.457894306793925  ,206.976007964152   ,-3.14176822419294  ,5.36931879281268   ,52.0091789152192   ,25.8312729855046   ,63.3609780023484   ,280.318901653034   ,296.112891674828   ,301.60934985731    ,0.00483831588726768,3.65074053980026   ,12.3004639321056   ,9.09685902503453   ,53003              ,may                ,1992               
39.9684340733733   ,1.58453965207958   ,250.906011687311   ,-3.43470348887688  ,6.30264153832374   ,61.6207734802877   ,23.7822431479931   ,65.1124532080939   ,286.230570269616   ,301.398411070626   ,317.748771947156   ,0.00658997125298777,3.0933875520917    ,9.80899854516083   ,8.771654056346     ,53017              ,jun                ,1992               
27.6394517265073   ,1.55765788155365   ,192.074724355452   ,-4.13727888437752  ,5.40841869554259   ,47.9704103780976   ,29.3838391020909   ,76.820329912721    ,283.908160926023   ,300.105277317901   ,285.893634217174   ,0.00732700228308947,2.84777161106392   ,12.5503602274283   ,10.7207451530986   ,53063              ,jun                ,1992               
39.2195944762873   ,0.93193492877872   ,247.270782086854   ,-3.12481042294151  ,6.51926382928996   ,61.9597745481604   ,22.4884937422948   ,66.0108775711292   ,286.807004591287   ,302.728930998807   ,324.439193772776   ,0.00665408999382874,3.04777854772184   ,9.8256962673465    ,8.62425361166343   ,53025              ,jun                ,1992               
30.8442815086298   ,0.834667281831364  ,215.066298603405   ,-4.10475321923729  ,5.77847181521623   ,51.8792519879702   ,26.287581032121    ,77.817794815282    ,284.23997412828    ,301.146578923653   ,303.083678076963   ,0.00718651662816648,2.88815471366368   ,11.7066442141385   ,10.1973919133298   ,53043              ,jun                ,1992               
34.9396858527836   ,0.604392137605459  ,216.023440617949   ,-3.12966414417897  ,6.0503640426378    ,55.7193838842733   ,24.7270983163584   ,75.3628823115468   ,285.003084639264   ,302.471651554199   ,315.212773921132   ,0.00711883319538031,2.79391531494821   ,11.1738392215517   ,9.65526876404042   ,53001              ,jun                ,1992               
31.5511806224059   ,0.806144752147151  ,212.516566675962   ,-4.14619163176593  ,5.61137257943901   ,50.3578441444846   ,28.6328440573449   ,78.4350117975871   ,284.011856811523   ,300.903465788      ,296.085119543038   ,0.00735993542738588,2.98211439601113   ,12.1506428108215   ,10.5414622650146   ,53075              ,jun                ,1992               
36.0864877521247   ,0.585227452761088  ,241.981670665086   ,-1.87842997973546  ,6.39935101515208   ,57.9974309212122   ,24.662594508758    ,70.8596584080427   ,286.910776797564   ,303.190700214093   ,326.224933464833   ,0.00720962981030775,2.98735784494724   ,10.6000036809383   ,9.22021693113523   ,53021              ,jun                ,1992               
39.3503516083049   ,0.718401647029955  ,253.719673832961   ,-2.24941782396162  ,6.63935618205418   ,59.8627358880504   ,23.6551526818285   ,69.2600795221047   ,287.324465657973   ,303.29852920472    ,333.426307853533   ,0.00708267428785704,3.1607889431233    ,10.3724922122805   ,9.0328944277011    ,53005              ,jun                ,1992               
30.984651588149    ,0.967692666116709  ,229.613299793634   ,-4.17191107129952  ,5.5795890382358    ,52.7084202142482   ,27.4818205191729   ,69.7542410402318   ,284.611272586799   ,299.605844906003   ,289.657254584334   ,0.00670793737777977,3.04525230997097   ,11.4706165912976   ,9.76315912282245   ,53023              ,jun                ,1992               
31.3354623475058   ,1.09015185380221   ,212.000473346833   ,-3.263454221098    ,5.60574376250229   ,51.6807144967257   ,28.8731448467281   ,67.9029132536777   ,284.848609037549   ,299.53837905005    ,291.751087020954   ,0.00677294327642193,3.13948227826629   ,11.8265565682456   ,9.90880745676384   ,53013              ,jun                ,1992               
34.3374172505945   ,0.824203575804305  ,230.096534621074   ,-2.5067132650029   ,6.1781754940829    ,54.8716150162343   ,26.180825359453    ,69.8773583652527   ,286.66458826246    ,302.666599263344   ,310.137840706223   ,0.00724264703574906,3.12150541306511   ,11.2618660550777   ,9.55286388836579   ,53071              ,jun                ,1992               
29.5727590517592   ,1.09865157773532   ,244.001943532916   ,-4.04553125519532  ,5.62599028914514   ,53.8787776144172   ,25.5592985117232   ,67.5939716937768   ,284.78489385823    ,299.462395297234   ,284.009025428011   ,0.00643012128195923,3.1952942109021    ,10.9794305463777   ,9.44820408896518   ,53003              ,jun                ,1992               
25.1509129090111   ,1.57893844283894   ,259.143557939537   ,-2.14492940849157  ,5.6913150987587    ,44.5797831630947   ,28.2394236993421   ,76.996120560844    ,287.058495659111   ,301.032566258621   ,299.377778080067   ,0.00770155410379487,2.83563858301222   ,13.0076968918447   ,11.67916670147     ,53017              ,jul                ,1992               
19.88739133568     ,1.21242154465375   ,186.510978287698   ,-3.85524667505073  ,5.15341114185525   ,37.1026777386584   ,31.5859570790768   ,88.1336023727344   ,284.843899772218   ,300.10124694124    ,286.853071590348   ,0.00829826659070119,2.5867800030922    ,14.6329318144845   ,13.2122299085588   ,53063              ,jul                ,1992               
28.1338844972489   ,1.28919620320799   ,243.993969272371   ,-1.97557097637094  ,5.97391759575612   ,49.4600374407734   ,25.8955656818366   ,74.8835763725996   ,287.76403375585    ,302.705232184148   ,303.839848110907   ,0.00755702737456455,2.82627755231984   ,11.89438089557     ,10.9414417127987   ,53025              ,jul                ,1992               
19.8594875268784   ,1.48698012705983   ,218.544272398502   ,-3.3857424384844   ,5.31576640726705   ,38.0207383517571   ,29.4244830115892   ,86.8763425804853   ,285.167029128595   ,300.81568104812    ,290.33398559615    ,0.00804253026149867,2.60499134966073   ,14.3084681870912   ,13.1443358257669   ,53043              ,jul                ,1992               
25.1476874547935   ,1.0584716200677    ,226.437432124224   ,-2.6420489852499   ,5.57769372720178   ,45.1823026030548   ,27.5063692914524   ,83.6843603474231   ,286.101774204944   ,302.538409260507   ,294.058117046122   ,0.00796676225327895,2.59710252492152   ,12.6690545787718   ,12.1237228100506   ,53001              ,jul                ,1992               
24.0956720863195   ,0.943900751281508  ,216.44882170726    ,-4.05623904433905  ,5.35161901456808   ,41.9283635453979   ,30.6630330285175   ,86.0035807845172   ,285.363567529204   ,301.221617476809   ,286.405683261647   ,0.0082893543060254 ,2.74179024440966   ,13.4440069279318   ,12.6088710400547   ,53075              ,jul                ,1992               
28.2260699295083   ,0.977270669447577  ,222.128577862437   ,-1.36176664819702  ,5.88440046158085   ,49.4721580375217   ,27.4454461439667   ,77.6455071115612   ,288.192814215951   ,303.451617314265   ,298.906438881469   ,0.00806575015715321,2.78884755484667   ,11.7894049449239   ,11.2399294276983   ,53021              ,jul                ,1992               
32.8366227807955   ,0.76221344110864   ,226.547201456666   ,-1.65595728880496  ,6.13841128743521   ,53.1651853055166   ,26.4471703342955   ,74.3363069917301   ,288.580898891448   ,303.750056982359   ,306.765262871713   ,0.00781012484618473,2.95939090146571   ,11.267974971974    ,10.5611825125844   ,53005              ,jul                ,1992               
23.7298360817891   ,1.23757516812631   ,229.061585700911   ,-4.16628959435607  ,5.47290517448591   ,44.3161341482402   ,28.861595950034    ,76.2306830341795   ,285.941563708107   ,300.01191299307    ,285.638574429395   ,0.00733116658691274,2.9229404592987    ,12.9310818227731   ,11.4805214746135   ,53023              ,jul                ,1992               
25.52921910317     ,1.25928368163842   ,215.290601779875   ,-3.29033139530069  ,5.51008935472768   ,45.7794121436383   ,29.2013594244525   ,73.0322909642667   ,286.140359276474   ,299.974142591608   ,285.488234158042   ,0.00721177929493126,3.06336911703924   ,12.7669610289419   ,11.1438178552242   ,53013              ,jul                ,1992               
29.4421040451803   ,1.33257017510318   ,217.721314779627   ,-2.25944020928245  ,5.89047039982343   ,49.2746735834681   ,27.2044931683614   ,74.7571209010382   ,288.092303128246   ,303.103261135771   ,288.768143619604   ,0.00782216350342067,2.99805497039874   ,12.0521969975307   ,11.0096013819237   ,53071              ,jul                ,1992               
21.5776095908915   ,1.57205971617586   ,242.3569209117     ,-3.58393807074739  ,5.61728209325895   ,42.3124975301474   ,27.0577417107113   ,75.6984801803276   ,285.576540428469   ,300.082836965799   ,286.941064928458   ,0.0070044541388179 ,3.09040347007631   ,13.420660797332    ,11.59023116189     ,53003              ,jul                ,1992               
47.7695466512413   ,0.117742597647371  ,227.519707118985   ,-0.96483188313294  ,5.45390973595078   ,63.9421033901543   ,20.1636730504133   ,64.6094984327044   ,286.032340509209   ,302.321638591061   ,255.351346123645   ,0.0061334479866425 ,2.94335023127642   ,10.3474363078761   ,8.06538603440771   ,53017              ,aug                ,1992               
40.7249786209971   ,0.552762103029321  ,155.76722821583    ,-3.53992919187536  ,5.19741578580866   ,55.0582770001527   ,22.800756000119    ,74.213223289118    ,283.864234987901   ,301.453274924821   ,253.106838273072   ,0.00638299993271212,3.02798162122394   ,11.7999202447003   ,9.86806405293075   ,53063              ,aug                ,1992               
49.677620145395    ,0.129869058303776  ,224.069507449041   ,-0.253358397820407 ,5.6772533512526    ,66.0380516494298   ,19.5045089040042   ,64.3813287545229   ,286.480593291306   ,303.529344479866   ,263.851841726976   ,0.00616878735243523,2.94454453577374   ,9.89485288816444   ,8.033244884147     ,53025              ,aug                ,1992               
44.3539636355659   ,0.174696635519424  ,184.879021399891   ,-2.60733541801228  ,5.29094526350879   ,58.7608958884634   ,20.1829619388197   ,71.6551298258514   ,284.089370648831   ,302.178971703145   ,253.383370632295   ,0.00601383930599763,2.90920084845672   ,11.3676285270511   ,9.0945728521386    ,53043              ,aug                ,1992               
44.9678097012461   ,0.146555890356815  ,213.727444801696   ,-1.49065797573174  ,5.41293599923114   ,61.2070348480292   ,20.0242649364939   ,70.5689535906998   ,285.010064188968   ,303.517557338972   ,260.564032294325   ,0.00626977111014447,2.71439363863014   ,10.7965377245585   ,8.89606264292263   ,53001              ,aug                ,1992               
42.4764532437765   ,0.632412032771156  ,208.61089474754    ,-3.64672783879673  ,5.38902740868491   ,57.5226953541938   ,21.1990261925149   ,72.7228711392079   ,284.474747722126   ,302.603386121601   ,255.89629610239    ,0.00634425861151285,2.98638215132864   ,11.3521704654947   ,9.59183438661202   ,53075              ,aug                ,1992               
46.7296819190562   ,0.290690997346459  ,210.449195389446   ,0.711325947634685  ,5.63467127217844   ,62.7128831309657   ,21.6075935161439   ,66.9305856671582   ,287.240485944346   ,304.159512079206   ,266.703364738105   ,0.00679684311351404,2.85524907654184   ,10.4526358765941   ,8.6791903270977    ,53021              ,aug                ,1992               
49.3246365396569   ,0.367718680070418  ,207.461083183673   ,-0.237954309147726 ,5.77557320420945   ,64.9480242331444   ,20.7139365963409   ,65.8700788781533   ,287.384844966917   ,304.305439919364   ,269.507725949915   ,0.00667768131904581,2.98909897943857   ,9.99293936971354   ,8.53060299109175   ,53005              ,aug                ,1992               
45.4567450447601   ,1.06490295577553   ,223.415546313098   ,-3.70701598133853  ,5.58416988455062   ,63.1308830649503   ,19.2242912716866   ,60.3880047994013   ,285.792560477267   ,301.741446074492   ,261.019538336731   ,0.00563556256677349,3.08994621806335   ,10.3390605239968   ,8.13296918165848   ,53023              ,aug                ,1992               
47.8320112936054   ,1.17221370903126   ,215.27431688146    ,-2.8185813033768   ,5.59231360744653   ,64.2110682817513   ,19.7119595756041   ,59.1299523654932   ,285.842615991846   ,301.486722284184   ,263.750375988314   ,0.00562706347607615,3.17030300948693   ,10.2191120966567   ,7.98244461234488   ,53013              ,aug                ,1992               
47.1282584073314   ,0.858657668092855  ,210.323015890814   ,-1.0170046224746   ,5.74827170107829   ,62.9997204481195   ,20.8257947454545   ,64.0501480492713   ,287.201178153794   ,304.046942141873   ,263.541084133481   ,0.00654668739818915,3.06014056418188   ,10.4168634317755   ,8.42697049731693   ,53071              ,aug                ,1992               
44.1890981550391   ,1.07903774178446   ,234.620102145432   ,-2.85048515721249  ,5.68885357275496   ,62.2264980098795   ,18.2841176336615   ,60.3666961917828   ,285.395215287106   ,301.784639542204   ,263.021559395284   ,0.00545517009400508,3.18927569634386   ,10.4872204916657   ,8.09445262162972   ,53003              ,aug                ,1992               
49.2050749855648   ,0.115013373267618  ,240.940841381419   ,-0.968655241869209 ,3.77413301176566   ,61.0260507772125   ,25.3291356644112   ,73.6626667152946   ,280.285151022528   ,295.328816317741   ,185.6822423342     ,0.00496175516022726,3.768588635869     ,9.76137433720406   ,10.4005317633793   ,53017              ,sep                ,1992               
31.3064456242911   ,0.730990314710104  ,217.067912179624   ,-3.15475674844682  ,3.44547928568078   ,43.5447186735746   ,28.7041711685505   ,85.9447572126456   ,278.475340229255   ,294.369705429      ,183.629872932164   ,0.00549847434318257,3.98409441027115   ,12.944628123696    ,13.4345712398927   ,53063              ,sep                ,1992               
45.807832127766    ,0.172768570114061  ,234.34462961552    ,0.0742165385373731 ,3.8367316936662    ,59.9170107269055   ,24.9196504545822   ,74.8142368492159   ,280.886428792095   ,296.59512089201    ,191.40605590002    ,0.00516637293502006,3.56985611637542   ,9.86020239101249   ,10.6352706288797   ,53025              ,sep                ,1992               
40.1845729747169   ,0.238113627916494  ,224.613987909164   ,-2.49629202435295  ,3.68065730234698   ,52.6377296980355   ,25.2121206499796   ,81.1330310071947   ,278.691330507168   ,295.375479116265   ,186.689332699529   ,0.0050653490229186 ,3.83125586180622   ,11.2539241347696   ,11.9263929493008   ,53043              ,sep                ,1992               
37.5489763566637   ,0.393026461878501  ,220.836707467769   ,-1.23210042860242  ,3.61179965324024   ,52.2152728910546   ,25.799708289335    ,81.1396484396861   ,279.920384761369   ,296.575122216051   ,188.780312824705   ,0.0054276688588688 ,3.35978896802909   ,11.2454935063833   ,12.0885437462141   ,53001              ,sep                ,1992               
35.5556686071623   ,0.793795685895518  ,222.725313272514   ,-3.19179021727805  ,3.73493639678114   ,48.0435709152222   ,26.6126950070998   ,81.092503430086    ,279.877986350864   ,295.866757715562   ,185.455273873123   ,0.00550770812737299,3.92419833133501   ,12.1650328603258   ,12.4788754211688   ,53075              ,sep                ,1992               
38.7383750753482   ,0.41639390193117   ,210.458392496391   ,1.13081057851131   ,3.7212537446236    ,53.177380637389    ,27.5696599566631   ,78.6060882832454   ,282.08113862649    ,297.232882213103   ,190.633503327003   ,0.0058624577396012 ,3.40896742005379   ,11.0671660890335   ,11.7886627222941   ,53021              ,sep                ,1992               
40.9259468586553   ,0.32853080978584   ,210.304980445825   ,0.576134793495271  ,3.6901999695649    ,54.5830672230241   ,28.2598626793724   ,78.3610791520489   ,282.226441081271   ,297.025656582383   ,193.186662020862   ,0.00588155478796797,3.38136079440691   ,10.8532948675946   ,11.6809684847469   ,53005              ,sep                ,1992               
41.7834862351119   ,0.890823813578727  ,232.401459035123   ,-3.03924961662687  ,3.83141532039297   ,54.5717177448312   ,27.1395305916883   ,72.4931540356907   ,281.358794035033   ,294.967193676177   ,189.860538943905   ,0.00538383576373992,4.05617225676096   ,10.8277041334543   ,11.0209793000981   ,53023              ,sep                ,1992               
39.731568343639    ,1.0911641311011    ,220.896641510319   ,-2.1618207061686   ,3.63582578458503   ,51.9199374357027   ,29.3585049630044   ,75.4424990808777   ,281.155258008281   ,294.46715410642    ,189.770471377148   ,0.00555961354648659,4.1080910186597    ,11.2570057419582   ,11.808285554999    ,53013              ,sep                ,1992               
38.1772093238473   ,0.74533551987513   ,214.593593082583   ,0.281159623528561  ,3.80964360393806   ,51.2723227020202   ,28.4250810588278   ,78.4699642357141   ,282.191825329127   ,296.895626971651   ,186.634911047669   ,0.00595113890864546,3.85636876336927   ,11.3781997569531   ,12.0734152393289   ,53071              ,sep                ,1992               
43.5058933546103   ,0.776683905582938  ,247.562431003171   ,-2.26808628432652  ,4.05435294835237   ,55.1478534007014   ,25.3301524334      ,72.2159405650304   ,281.048710361304   ,295.134675809763   ,190.442892412432   ,0.0051488553536682 ,4.42473557281088   ,10.7295734062102   ,10.7975712608537   ,53003              ,sep                ,1992               
32.4576965501575   ,0.515616712667571  ,199.94013536378    ,-1.15768891479234  ,1.80113540160175   ,44.9547086554334   ,36.5284537072493   ,84.1262128057298   ,276.496080498562   ,288.338552976648   ,111.598008986111   ,0.00469857987304153,2.90404390352268   ,12.2641400294598   ,14.2183140125205   ,53017              ,oct                ,1992               
19.71363526733     ,0.768610805369485  ,187.865264316399   ,-2.93759457282382  ,1.65466873830633   ,30.3327918398648   ,39.0342538384599   ,92.7051421759327   ,275.627387875563   ,288.352723613208   ,111.757998749162   ,0.00524399540137712,2.94882296770154   ,15.8607663582769   ,16.789030923085    ,53063              ,oct                ,1992               
32.2475462506459   ,0.49572494526833   ,185.511001579034   ,-0.0988832069261511,1.92752630980944   ,45.7212617794509   ,34.5268318989286   ,83.3614878409551   ,277.212016898478   ,290.095200303943   ,117.963232075275   ,0.00473808029451741,2.75914879641584   ,12.2708423268284   ,13.8992911393528   ,53025              ,oct                ,1992               
26.0150417608059   ,0.588571944039618  ,194.474795015268   ,-2.49232832637564  ,1.79058211271615   ,37.9105130117864   ,35.4507653009296   ,89.1204922806997   ,275.491676421609   ,288.950014758582   ,112.708308816461   ,0.00480408990249182,2.90411602717476   ,13.9815316213105   ,15.5433566956664   ,53043              ,oct                ,1992               
25.3704423930137   ,0.550565754143398  ,175.646079429963   ,-1.04501137089023  ,1.83218240267975   ,39.3315189605125   ,33.7239770338357   ,87.6665538141187   ,276.680075513842   ,290.552719970895   ,119.399881158235   ,0.0049060887865812 ,2.47492141115797   ,13.7963265621659   ,14.9167542930495   ,53001              ,oct                ,1992               
22.1796870558786   ,0.678879213071865  ,199.2264211919     ,-2.82200891653697  ,1.89261023232788   ,35.0122482972987   ,34.7471550791268   ,90.0091211748214   ,276.780894638727   ,290.193083468298   ,118.060207662854   ,0.00519866295090825,2.880063289983     ,14.7786438066095   ,15.5586559144731   ,53075              ,oct                ,1992               
26.6156465979124   ,0.465914086243207  ,195.020384400542   ,1.09349093674085   ,1.8979552667135    ,40.6362698182279   ,35.5213590392404   ,86.2155373036122   ,278.477150959176   ,291.41747998789    ,124.146188270247   ,0.00525380002872593,2.49497369960431   ,13.5079899314615   ,14.5757947635414   ,53021              ,oct                ,1992               
27.4095248122223   ,0.498751607354667  ,181.283025884444   ,0.579905833973672  ,1.89606018684695   ,41.252470095209    ,36.2381228100914   ,85.6904792916709   ,278.617430822202   ,291.233167582419   ,125.879594594428   ,0.00524503906438062,2.48939490873217   ,13.383313938324    ,14.5996105186264   ,53005              ,oct                ,1992               
25.7158697923499   ,0.861699935451129  ,217.361246874977   ,-2.65016601890264  ,2.02816023519798   ,41.6966867019838   ,32.9898335097238   ,81.5024452511377   ,277.99037220855    ,289.530576956246   ,125.633412326942   ,0.00492979204883484,2.91616530926904   ,13.1944669699817   ,13.5073480306085   ,53023              ,oct                ,1992               
23.8127583382263   ,1.26125366234826   ,206.869310202359   ,-1.79011362333364  ,1.97497834921829   ,38.8430472950419   ,34.4935411547632   ,81.8148584728244   ,277.82038888672    ,289.295450690871   ,127.702978566135   ,0.00495120051445188,2.97318821747829   ,13.9665693785769   ,14.0092525933969   ,53013              ,oct                ,1992               
24.2347576060542   ,0.856306491621423  ,198.87732198539    ,0.63016856282061   ,2.02048946283181   ,38.0849136258247   ,35.079710926373    ,85.6097524279283   ,278.553182306297   ,291.347409976426   ,123.27391256637    ,0.00530359985917726,2.86046537465384   ,14.1337979655862   ,14.65644094108     ,53071              ,oct                ,1992               
26.8658892709121   ,0.67756604405538   ,222.434393321145   ,-2.01822833307178  ,2.17610796181516   ,42.9216380066554   ,31.528830575303    ,80.7262087481314   ,277.945480555064   ,289.39347352885    ,129.935024679142   ,0.00478640924372224,3.24431479241052   ,12.8424185248075   ,13.1219251530294   ,53003              ,oct                ,1992               
11.2864775207356   ,1.19019879524036   ,172.6275469574     ,-0.982502070318335 ,0.528806365666903  ,17.0544288181552   ,57.5645853397339   ,95.00889383849     ,271.206220398223   ,277.916815664012   ,63.8327583425236   ,0.00372226098217639,2.58773314888051   ,19.4468946743526   ,20.5498152689578   ,53017              ,nov                ,1992               
2.92134779866958   ,2.9974176753135    ,162.081368835272   ,-2.48424689651381  ,0.337669236956075  ,4.33989531719444   ,73.1443227607549   ,99.4208675720771   ,271.338218804913   ,276.732407645831   ,59.321997318635    ,0.00412112192914603,2.72706180118862   ,24.1952557877808   ,24.3279056964553   ,53063              ,nov                ,1992               
10.6052327766363   ,1.23620515329892   ,167.675559143294   ,0.36298651492029   ,0.600844895990045  ,17.3335646387356   ,57.3643840482945   ,94.7877428878886   ,272.69637371112    ,279.399933168178   ,66.4510268349679   ,0.00395641738906705,2.54890212385412   ,19.2557646655513   ,20.3802759422172   ,53025              ,nov                ,1992               
5.5439076508242    ,1.91727848716122   ,167.393420320626   ,-2.05813897558167  ,0.410814401841819  ,8.96456815357785   ,68.1798566592147   ,98.2958561808511   ,271.405896836116   ,277.179218359608   ,62.359772312404    ,0.00399824946621609,2.72717680449797   ,22.0124885990018   ,22.9471379156424   ,53043              ,nov                ,1992               
7.61353298785368   ,1.69036186699112   ,159.44537601051    ,-0.627026986177751 ,0.527599099033211  ,12.9654647622863   ,61.0060808928671   ,96.5829252080908   ,272.648578966609   ,279.103674727388   ,64.6651457710047   ,0.00408830295815893,2.38645266225311   ,20.763230449855    ,21.5236677200769   ,53001              ,nov                ,1992               
5.01096037959293   ,2.62136869109612   ,174.690561945298   ,-2.36805044767903  ,0.554935792716736  ,9.19981133622935   ,62.218181156682    ,96.7278559121525   ,272.581234682569   ,278.696992907954   ,61.3186980126325   ,0.00412328591079944,3.07120434130641   ,22.2119273217145   ,22.2580532296125   ,53075              ,nov                ,1992               
8.23323208409027   ,1.44054564992969   ,172.216786635202   ,1.20990917015916   ,0.662376827271416  ,15.5109960909073   ,58.777468862289    ,94.6127295606564   ,274.350591602815   ,280.706328762739   ,64.7835270377917   ,0.00430673379668942,2.58842432109591   ,19.8139507216674   ,20.5545365673456   ,53021              ,nov                ,1992               
9.82243432286737   ,1.19674764277755   ,168.759813385096   ,0.855576292896382  ,0.694744867886576  ,16.9664041096995   ,57.0252382891653   ,94.4016552829178   ,274.25854671561    ,280.936139046934   ,71.0556409548961   ,0.00427094540642336,2.57161273853431   ,19.5481519579652   ,20.2434671376584   ,53005              ,nov                ,1992               
5.6995927295395    ,3.04675358704775   ,195.22238966387    ,-2.34837526070652  ,0.69088237650893   ,12.3318660721302   ,57.3413690187916   ,93.0967894291532   ,272.562620655005   ,278.836250914896   ,60.6517536153458   ,0.00395135071527986,3.4015616807755    ,21.0086286629702   ,21.0862272838134   ,53023              ,nov                ,1992               
4.62059178223271   ,3.86209635526514   ,185.926834003255   ,-1.51360846918083  ,0.652035013005059  ,10.3058663643969   ,58.3020229426146   ,93.4571099619175   ,272.528686850982   ,278.74123701059    ,64.3751299258926   ,0.00397689462959178,3.49487814218794   ,22.1697804251266   ,21.5229112819851   ,53013              ,nov                ,1992               
6.11880772264856   ,2.19879331566131   ,178.242133216968   ,0.754780378202759  ,0.725229031919706  ,12.8563433042439   ,58.1952243556821   ,94.5093562676655   ,274.369024521742   ,280.641792227065   ,61.4619856446739   ,0.00432342855694519,3.30291945566411   ,20.8687703641773   ,20.8963060447517   ,53071              ,nov                ,1992               
9.17899842310579   ,1.728946697266     ,221.935588780981   ,-1.83395890264325  ,0.820825639912754  ,17.8030189473139   ,54.7823945794952   ,90.523597697794    ,272.421772057007   ,278.924331917496   ,61.843131728764    ,0.00376508324620894,3.9431114126731    ,18.8711194676494   ,19.3767007254626   ,53003              ,nov                ,1992               
7.12680171450227   ,1.91276069768543   ,174.902617803917   ,-0.498484428439821 ,0.237553006069197  ,6.7672381016686    ,68.4452313338329   ,97.7039938780175   ,263.552118765804   ,270.904256038203   ,50.4917051382999   ,0.0022936652931937 ,2.85973517372066   ,23.6505811776112   ,23.4770558053057   ,53017              ,dec                ,1992               
4.67730092656098   ,1.80490586510666   ,153.481819269424   ,-2.15330656611086  ,0.231944195835227  ,2.5787429013954    ,75.1840892772423   ,98.4165650813171   ,265.018582530539   ,272.151819070277   ,47.3870407958644   ,0.00265986890462015,3.45428454509984   ,26.4912272460072   ,24.3081684953174   ,53063              ,dec                ,1992               
7.89795053690266   ,1.34999160665626   ,158.524768867157   ,1.05133112486609   ,0.29574377029542   ,8.27591465759145   ,65.26865137915     ,97.981747041106    ,264.859493362083   ,272.715316362398   ,51.5618675457421   ,0.00245158524299438,2.85775356164326   ,23.0006527848392   ,22.8945496180812   ,53025              ,dec                ,1992               
6.64976516066529   ,1.15923645121765   ,157.895303303713   ,-1.67247815994959  ,0.215238381654656  ,4.66670055493052   ,71.4495365069988   ,99.2856086524593   ,263.908269365382   ,271.751751832803   ,49.1885716856332   ,0.00250402923791752,3.20467047819374   ,24.8686064323359   ,23.9574835459391   ,53043              ,dec                ,1992               
7.76340401424317   ,0.895838330714557  ,154.587291902651   ,-0.123917403388075 ,0.327881871791487  ,8.11886938735736   ,65.0644597375063   ,97.5655308374589   ,266.253247908307   ,273.748321314596   ,47.8175429645673   ,0.00265264634602039,2.60197784452919   ,23.3367551260714   ,22.4309643269951   ,53001              ,dec                ,1992               
7.34971051822033   ,1.30024771686161   ,171.129592350399   ,-2.00520888104158  ,0.476947211113631  ,8.30269385451296   ,62.8616993215224   ,93.9273807729085   ,267.536852403828   ,274.621909681133   ,45.57017368556     ,0.00278026223595382,3.40629930182999   ,23.6027656247008   ,21.2511602878945   ,53075              ,dec                ,1992               
8.8543395100565    ,0.711740697091206  ,191.770340427133   ,1.50965151918264   ,0.459982995016453  ,12.4086816203594   ,61.8966232730181   ,92.6564639663696   ,268.65404409164    ,275.640981742663   ,46.7758081135383   ,0.00286319191218354,2.69928227904515   ,21.6644515389663   ,20.2714212464064   ,53021              ,dec                ,1992               
9.09459993390061   ,0.850938883755922  ,184.763937140815   ,1.21576836012502   ,0.442924633181307  ,11.6202370208964   ,61.1656573092444   ,95.0778425927698   ,268.593396105945   ,275.819039328611   ,49.9627872123756   ,0.00292940270251533,2.56274679506554   ,21.9973097320609   ,21.0429452985466   ,53005              ,dec                ,1992               
7.29555668355164   ,1.62329064012808   ,193.859080676946   ,-2.14361896277955  ,0.640139660517652  ,11.3141270426202   ,56.9560804019557   ,89.4007300540774   ,268.412505977149   ,275.288224239626   ,46.842352613998    ,0.00277747169354406,3.73298691401324   ,22.6917262746681   ,19.6436703071831   ,53023              ,dec                ,1992               
5.4434496291692    ,2.37634562110402   ,184.753920805073   ,-1.25799574168565  ,0.576493814025874  ,8.0971942182059    ,58.7098360391187   ,91.9848514670061   ,268.230710121141   ,275.058172881707   ,49.8244680479559   ,0.00282857666542001,3.88437173878335   ,24.6580492858487   ,21.0944291495944   ,53013              ,dec                ,1992               
8.15068037631772   ,1.17937830533519   ,182.491638345754   ,0.997749037253178  ,0.612002511011553  ,11.2236910387927   ,58.5753628014872   ,92.0206604872293   ,269.492519298026   ,276.519586595158   ,45.5632695957897   ,0.00298520365012507,3.56882556660712   ,22.5524542242531   ,20.1453141605305   ,53071              ,dec                ,1992               
13.9582749968832   ,0.782843380437715  ,216.658358333987   ,-1.87098355776202  ,0.768619655217712  ,19.1299085402689   ,54.8549480025206   ,86.0118674480132   ,268.430228448204   ,275.197656547008   ,48.9754102430784   ,0.0026642229418506 ,4.55074591317606   ,19.4785192123005   ,17.7575473386296   ,53003              ,dec                ,1992               
