bi,pr,th,pdsi,pet,erc,rmin,rmax,tmmn,tmmx,srad,sph,vs,fm1000,fm100,countyfips,month,year
4.81244903423502    ,1.83277291367597    ,133.680305474696    ,3.32577421846201    ,0.331955339813498   ,4.27682823674811    ,66.7420796650657    ,98.0071657643651    ,267.090952393698    ,273.634069246558    ,63.1664326296051    ,0.0029237775150776  ,2.80976766355659    ,25.1378728576188    ,23.2966999415988    ,53017               ,jan                 ,1998                
4.1202236601615     ,2.69995681785616    ,150.0674273082      ,3.6179396705183     ,0.475017068386575   ,2.36741443276156    ,67.2308620438294    ,97.4849187523866    ,269.028428267049    ,275.940942804116    ,51.1481674802877    ,0.00341440989678894 ,3.43643792538868    ,27.1028054036607    ,23.5437481159532    ,53063               ,jan                 ,1998                
7.40453591574535    ,0.990663921056389   ,134.237637082867    ,3.58679127264575    ,0.413495672934696   ,6.86193181690646    ,64.470096545898     ,98.9473512335375    ,268.881856351541    ,276.097396937872    ,58.8595545030803    ,0.00328834060654686 ,2.93489469982455    ,23.8152912884183    ,22.6272622130562    ,53025               ,jan                 ,1998                
6.46350436992675    ,1.79166353126075    ,145.665141296034    ,4.30394543687218    ,0.448595092532858   ,5.08796594175347    ,66.0016185714389    ,96.6514693446757    ,268.86888153102     ,275.373822555759    ,54.3232977477478    ,0.00325626721440209 ,3.28929287369123    ,25.1274497024603    ,22.5892427505251    ,53043               ,jan                 ,1998                
6.77290767314355    ,1.33001039226281    ,136.865585517736    ,4.63439255024893    ,0.466552819920667   ,5.57634582753692    ,64.7519682538588    ,98.7642526564002    ,269.950137784933    ,277.323792496806    ,54.3933182358576    ,0.00356482256968235 ,2.76823389909219    ,24.694997779983     ,22.7906503243679    ,53001               ,jan                 ,1998                
5.39509473729531    ,2.10334494366592    ,159.438342346249    ,4.90477630297343    ,0.658515945866958   ,4.50452409080408    ,61.738190644932     ,96.4321311053108    ,270.397142497285    ,278.011576419953    ,51.778801875974     ,0.00359422660863515 ,3.61452227548132    ,25.5162498437929    ,22.3332882193144    ,53075               ,jan                 ,1998                
7.15622286053979    ,1.13820116233737    ,139.156984358197    ,3.99952745957252    ,0.569479586666556   ,7.35809995281012    ,62.6989544750147    ,98.041712773704     ,271.207960960824    ,278.927324227837    ,54.1250929361537    ,0.00374086812810473 ,2.86418668274992    ,23.7661961302272    ,22.161992100983     ,53021               ,jan                 ,1998                
6.18675153933777    ,1.30721990791446    ,140.820357686362    ,3.6524653256057     ,0.556456574588149   ,6.93458023540602    ,61.345861934983     ,98.6703101819106    ,270.71453627477     ,278.832736580898    ,57.1912747558052    ,0.00367828271853658 ,2.71501189068111    ,23.7681311294991    ,22.4036402996316    ,53005               ,jan                 ,1998                
5.94162435481788    ,2.49434118408451    ,176.68896427363     ,4.0738682888803     ,0.807850488742388   ,6.07009556828075    ,57.8180676595741    ,93.1668125084564    ,270.608404879149    ,278.362694436289    ,55.5330657488931    ,0.00352589720178099 ,3.90325464705049    ,24.9438070535325    ,21.3625328334915    ,53023               ,jan                 ,1998                
4.70696281224026    ,3.291814052813      ,173.367792965773    ,3.67821640140307    ,0.752448652267426   ,5.09084418597459    ,59.391420624019     ,94.441730063744     ,270.522581265718    ,278.188938869534    ,59.5578316216774    ,0.00357602956268941 ,4.11618423589761    ,25.9188165572865    ,22.1758351750399    ,53013               ,jan                 ,1998                
6.42286258361002    ,1.95688652394717    ,164.165077456207    ,3.69430818628813    ,0.752646045394412   ,6.97635205392402    ,58.9822448362305    ,96.2730374480057    ,271.608969551605    ,279.78043238422     ,53.717187369742     ,0.00378513833906755 ,3.69968928533872    ,24.2100315406633    ,21.7908157480692    ,53071               ,jan                 ,1998                
9.85722329576593    ,1.68020326716986    ,203.065823982456    ,3.52726317612214    ,0.843016253654918   ,10.6258711164193    ,58.854307398786     ,92.3735878838633    ,270.55219126702     ,278.129712242448    ,58.1538275563074    ,0.00349174688874685 ,4.5246255100405     ,22.8094526068137    ,20.4202862506702    ,53003               ,jan                 ,1998                
5.31729173087573    ,2.05924147047019    ,154.154821595046    ,3.78178836339675    ,0.751654237548221   ,4.74269151141193    ,61.1919686661163    ,97.9156277854487    ,271.730006008273    ,278.979558429858    ,82.8971132666595    ,0.00392901873381937 ,2.74002731692162    ,25.8925823171092    ,22.0029193925362    ,53017               ,feb                 ,1998                
5.42016320014182    ,1.62050742344446    ,163.981054414525    ,3.37278961567652    ,0.784643886589028   ,4.98005605262856    ,60.3841715024649    ,98.3265433185162    ,272.002003734753    ,279.95034417017     ,73.2471230855156    ,0.00417884731827719 ,3.04838532073519    ,25.5149963567736    ,21.5093262763941    ,53063               ,feb                 ,1998                
8.51347859171384    ,1.1442294458137     ,153.610706734032    ,3.54237055669537    ,0.892031554734934   ,9.23671686925575    ,56.1945232744782    ,98.0059233244794    ,273.080755470377    ,281.607814769889    ,79.6059678239715    ,0.00427618616807822 ,2.75999368386298    ,23.786276285441     ,20.9513896148614    ,53025               ,feb                 ,1998                
6.10434574764751    ,1.46998697878241    ,160.59975168935     ,4.29530579624616    ,0.83185559954841    ,6.43672635370269    ,59.5787990175332    ,97.9342120574108    ,272.521807709937    ,280.430092518621    ,76.2661163071256    ,0.00419882164252436 ,2.94989079453414    ,24.6873797999687    ,21.2685189462545    ,53043               ,feb                 ,1998                
6.91086223490298    ,1.23999057229985    ,154.963408246508    ,4.45529633652287    ,0.865416960263906   ,7.63161952988292    ,57.1896855480789    ,98.9285870839766    ,273.27180287958     ,282.098951874529    ,75.7910165557401    ,0.00448238194462991 ,2.54323336558597    ,24.2964691870826    ,21.2764109238903    ,53001               ,feb                 ,1998                
7.25564886898434    ,1.47094919666523    ,170.523210545307    ,4.50117239914688    ,0.95345955690416    ,8.10687330138208    ,56.1819265977876    ,97.6781382745054    ,273.205767526066    ,281.683345374099    ,75.3327810670548    ,0.00439450036537708 ,3.26858134039811    ,24.0703189003568    ,20.7420951482629    ,53075               ,feb                 ,1998                
7.42289457750061    ,1.15520644338986    ,163.413853861301    ,3.82125587035448    ,0.985958448703309   ,9.60151869314057    ,54.3192133699145    ,98.0992830611847    ,274.279600269192    ,283.446180486155    ,79.8036573058956    ,0.00461126905415018 ,2.58710560976313    ,23.4208192762438    ,20.6849908385958    ,53021               ,feb                 ,1998                
7.67727451122841    ,1.06390693696532    ,164.286915114356    ,3.7271155774946     ,0.977175975160158   ,9.36099320546072    ,53.4771232153537    ,97.9496784214236    ,274.022869366463    ,283.07801027693     ,82.4549322567647    ,0.00453243824831542 ,2.5568287278213     ,23.6848192267366    ,20.6393612325947    ,53005               ,feb                 ,1998                
7.50231364510935    ,1.76444654933903    ,183.326396349794    ,3.59544315928011    ,1.04760797031574    ,9.85912344440925    ,54.3514800287499    ,95.649971395017     ,272.606464738008    ,280.702245463496    ,81.4931127997553    ,0.00409515799490009 ,3.5794971446443     ,23.2781739338585    ,19.9484930668876    ,53023               ,feb                 ,1998                
6.64476284501091    ,2.18368503977123    ,182.963072718795    ,3.24480620999195    ,1.03268473286658    ,8.22126604785906    ,55.3818205242827    ,94.8704956678107    ,272.758056957328    ,280.771798877816    ,85.376468402018     ,0.00411636595128044 ,3.47670870810948    ,24.4748797011893    ,20.1624599403647    ,53013               ,feb                 ,1998                
7.65575502926296    ,1.42939928898741    ,176.378897278774    ,3.41259170806182    ,1.09381134374961    ,10.0905536941867    ,52.9847411328492    ,95.9619852568907    ,274.536559402873    ,283.367660983237    ,78.0751658870506    ,0.00454327229255054 ,3.15787177895489    ,23.3601808027385    ,19.9929994200719    ,53071               ,feb                 ,1998                
12.5638688255259    ,0.978136738818586   ,201.274982563771    ,3.16512415008823    ,1.13075288493143    ,15.0790766792642    ,52.6157465503164    ,95.5527287563766    ,272.434597751271    ,280.528511293986    ,85.3556427513099    ,0.00397147192947865 ,4.06158562458282    ,21.2044307608798    ,19.0977854364483    ,53003               ,feb                 ,1998                
16.6099577461897    ,0.64466319399345    ,183.334634662918    ,4.016972937781      ,1.83313010847161    ,19.7204974727486    ,42.8230703473454    ,90.2534034507771    ,273.392186857329    ,284.084840281488    ,150.598137506184    ,0.00399694480334542 ,2.77491917272576    ,21.3213169324109    ,16.7684336009621    ,53017               ,mar                 ,1998                
10.8644848772041    ,1.26285522489796    ,175.385129654474    ,3.03658870445317    ,1.6395823780094     ,14.2270146319532    ,46.7795384526077    ,93.1446619681815    ,273.165411398497    ,283.564906555948    ,130.783349427374    ,0.00425116986031781 ,2.96060572784196    ,22.5945391330968    ,18.3130859299634    ,53063               ,mar                 ,1998                
18.3239730725719    ,0.458844081978651   ,181.933519475449    ,3.49718269228136    ,1.9847907970141     ,22.892826295299     ,39.2502864850132    ,91.6943188890179    ,274.352872528726    ,286.228660296893    ,148.234716780183    ,0.00425265218494035 ,2.80099670473413    ,19.9477935763908    ,16.4924612542737    ,53025               ,mar                 ,1998                
15.5448405941937    ,0.759816747156758   ,180.457204286634    ,4.13015277042404    ,1.73329217429891    ,18.0786789956818    ,44.3731780294844    ,93.557518705814     ,273.207666285347    ,284.251282706273    ,141.254940736632    ,0.00424970081836055 ,2.87626770393651    ,21.5456513743981    ,17.7697726773999    ,53043               ,mar                 ,1998                
16.8174534725361    ,0.462686471789125   ,177.529074487365    ,4.26843759619632    ,1.84681250847348    ,20.4060175086315    ,41.3479166638224    ,94.026196422413     ,274.010984156156    ,285.868271452275    ,145.820655673607    ,0.00439210496112669 ,2.61414616776103    ,20.8583398932328    ,17.277531629614     ,53001               ,mar                 ,1998                
13.1079756510333    ,0.8593596516592     ,197.67606697657     ,4.04850621111253    ,1.80805505743968    ,17.2388803839819    ,44.7135193193208    ,92.8873491413905    ,273.993647416927    ,284.840759425589    ,140.089331085668    ,0.00438921000792572 ,3.00309224914554    ,21.5502553564864    ,17.6399903250736    ,53075               ,mar                 ,1998                
18.4205591147677    ,0.373222209076875   ,193.803344897779    ,3.73693542144237    ,2.02413581968389    ,22.7420783375392    ,39.3745439264378    ,93.0448434948034    ,275.282658408948    ,287.365255483623    ,148.490243674153    ,0.00452754122471418 ,2.69654873877986    ,20.0624994817502    ,16.6763520947165    ,53021               ,mar                 ,1998                
17.422223772158     ,0.418873392867494   ,192.054435066528    ,3.67758690534964    ,2.07586655693669    ,23.1186824846322    ,39.1796643834552    ,92.2280308355196    ,275.425124061906    ,287.405949935724    ,151.847743147042    ,0.0045109649105066  ,2.72427435581933    ,19.7094327394551    ,16.4232669791367    ,53005               ,mar                 ,1998                
12.077481907729     ,1.09406362627723    ,228.468451783768    ,3.06773608429338    ,1.82827383316225    ,16.4424155351152    ,45.1448203625504    ,91.5861141963035    ,273.341333256674    ,283.773533186151    ,144.465133171716    ,0.00416851353453164 ,3.13090636515947    ,21.8552484258194    ,17.7000508495668    ,53023               ,mar                 ,1998                
11.9546808730677    ,1.42989605793305    ,200.710188798275    ,2.77786760222017    ,1.84676502754994    ,15.2277646004713    ,45.476451024476     ,91.1011599788914    ,273.571197025278    ,283.910440131511    ,149.060893607852    ,0.00420545507784731 ,3.19686004154546    ,22.7428186940414    ,17.8789931545989    ,53013               ,mar                 ,1998                
14.5031891347753    ,0.824910617768843   ,191.939791542988    ,3.08356467729338    ,2.02214641088643    ,19.483416577741     ,41.9225960158001    ,91.888673120054     ,275.409029628735    ,286.933436127869    ,143.567145974624    ,0.00457988493046812 ,3.07079440558516    ,20.8547985303005    ,17.0294642667273    ,53071               ,mar                 ,1998                
13.5999554712877    ,0.846922340619303   ,242.962599482344    ,2.63525145201787    ,1.9090298034035     ,19.9849120518524    ,44.2141221369579    ,90.5627396343061    ,273.392681735303    ,283.68253120726     ,145.498488035263    ,0.00407885049041825 ,3.47174175440465    ,20.0599284974833    ,17.0504213735752    ,53003               ,mar                 ,1998                
23.1362635609673    ,0.566696600304031   ,183.52127870543     ,4.08320829799769    ,3.42873243781648    ,32.6343574260873    ,34.9666371298393    ,83.395812260644     ,276.016503429156    ,289.868702197353    ,240.950017026642    ,0.00440492750737927 ,2.88338552962148    ,17.0697415992363    ,13.4690042323286    ,53017               ,apr                 ,1998                
18.4277163963739    ,0.765975385463467   ,169.823038071195    ,2.58158542090515    ,3.11267771569912    ,26.2521883391561    ,38.0570049139021    ,89.4874980683022    ,275.013959850246    ,289.516138891898    ,213.953142459487    ,0.00472510831445652 ,3.01480618091461    ,18.6880623724685    ,14.9977975511019    ,53063               ,apr                 ,1998                
26.5994909337845    ,0.209524138753077   ,177.526185225572    ,3.10402277110191    ,3.63710292142967    ,35.9506681876383    ,31.9399193064604    ,86.4276771699997    ,276.585857980415    ,291.760004861612    ,243.344157645617    ,0.0045565329622483  ,2.85376249866504    ,16.1373839789814    ,13.3869465680765    ,53025               ,apr                 ,1998                
21.6240967306255    ,0.410001562676832   ,175.129021687278    ,3.7088031565849     ,3.28073412397122    ,29.6647791173597    ,35.865178029008     ,90.936557870833     ,274.805109536012    ,290.050440647608    ,231.615021001411    ,0.00461176481105716 ,2.89324649496029    ,17.6786974117883    ,14.7480489598064    ,53043               ,apr                 ,1998                
23.1022447054251    ,0.25637640338231    ,165.200929592457    ,3.65128204656308    ,3.43051993829815    ,32.637328167745     ,33.4538627477863    ,89.8321221487342    ,275.612618149955    ,291.140067165196    ,239.997432686515    ,0.00459649298267142 ,2.65600495652403    ,16.8786826829628    ,14.203042511817     ,53001               ,apr                 ,1998                
17.8517467904821    ,0.760502376856757   ,183.801644308179    ,3.41724569591821    ,3.23129748389768    ,26.8907913202772    ,38.6058516529308    ,88.9901418636546    ,275.827734121285    ,289.846799504299    ,220.356438972024    ,0.00482371264131849 ,3.11538164356877    ,18.1490538566814    ,14.9372654251024    ,53075               ,apr                 ,1998                
24.3914310261978    ,0.224387044497789   ,165.843015060543    ,3.15299662321042    ,3.57872330575417    ,34.2127280245072    ,33.0873698234558    ,88.4684977193979    ,277.096809465457    ,292.104508921305    ,243.698916369707    ,0.00480111777137678 ,2.69042820797517    ,16.4032774953353    ,13.9317789423771    ,53021               ,apr                 ,1998                
24.9715690939446    ,0.24766404126464    ,174.266773926382    ,3.24753185371911    ,3.62568897655495    ,34.2913995567864    ,32.7357371546578    ,88.9914331763454    ,277.406966272237    ,292.094005243125    ,246.151097361247    ,0.00482816302133274 ,2.74887350337099    ,16.4377905751591    ,14.0352387017752    ,53005               ,apr                 ,1998                
14.2717184207005    ,1.13062534142232    ,205.022966158415    ,2.46224252407595    ,3.14041656026189    ,23.9826163859594    ,41.1416390419006    ,86.5508545913064    ,276.024485466051    ,288.331742994731    ,217.128428520376    ,0.00473746500316888 ,3.31362477949441    ,18.804768173739     ,15.196185845223     ,53023               ,apr                 ,1998                
15.5587959711845    ,1.23245002444814    ,185.694405742882    ,2.12415677849951    ,3.13639071790752    ,24.0956290898731    ,41.4571898705048    ,84.7326377582384    ,276.175999165746    ,288.290330337604    ,220.463102289436    ,0.00468566412608794 ,3.19837583324256    ,19.1734669577181    ,15.0400744235952    ,53013               ,apr                 ,1998                
20.1585065566403    ,0.710328148030815   ,179.275260570411    ,2.41767401674253    ,3.46285745876268    ,29.6690797807078    ,36.8591381471008    ,86.1294826554089    ,277.564844899578    ,291.33629899684     ,230.029907908866    ,0.00494684570706841 ,2.99864811196237    ,17.4860229532247    ,14.4022025771257    ,53071               ,apr                 ,1998                
15.1789286879192    ,1.17842733554741    ,214.126410803392    ,2.13690123911902    ,3.19677667844034    ,25.367262308673     ,40.0503260498789    ,86.0429155256916    ,276.332365038795    ,288.281307664115    ,214.305369219815    ,0.00469457551552585 ,3.63797931138906    ,18.1792587094643    ,15.0769947960429    ,53003               ,apr                 ,1998                
19.0571278732525    ,1.88003503216312    ,215.038252659813    ,3.94005342324575    ,4.2493222435084     ,36.1195655636513    ,38.8852794288335    ,86.3227121754321    ,280.530196396602    ,293.496216370908    ,271.110753477226    ,0.00645858626707831 ,3.15056978707811    ,14.4065113207349    ,13.5911720967191    ,53017               ,may                 ,1998                
15.1767706890202    ,3.08616653527158    ,190.675040237838    ,2.10479394782036    ,3.70528465506493    ,27.0603191946981    ,44.5329197439356    ,91.6011847765238    ,279.263924423743    ,292.318881911102    ,249.435689685835    ,0.00681178248708852 ,3.43646772303573    ,17.2478847758       ,15.7452502700906    ,53063               ,may                 ,1998                
23.2170380867244    ,1.10321015298117    ,197.427421783928    ,2.43641163346101    ,4.48516765665515    ,39.167988612544     ,35.4762303985121    ,88.8437244155226    ,280.978483065658    ,294.962966963038    ,276.174973046195    ,0.00650180141389238 ,3.20974183534264    ,13.8844951393821    ,13.2057819758172    ,53025               ,may                 ,1998                
17.8420542716012    ,1.93674016364343    ,192.007492361013    ,3.22757159440216    ,3.96200916484263    ,30.5660233804155    ,40.2721078248449    ,94.133262195803     ,279.1984146991      ,293.382257981814    ,263.538118056846    ,0.00678930671483224 ,3.28661454412236    ,16.2041010789448    ,15.1829711958997    ,53043               ,may                 ,1998                
18.6172861001385    ,1.30795554740833    ,196.116246784765    ,2.97330338121485    ,4.12785326734864    ,32.4613629863491    ,38.8438091370632    ,94.0582232508336    ,279.709581148934    ,293.852847879856    ,273.192189301677    ,0.00662782280170438 ,3.15519640508294    ,15.5930955950131    ,14.7674557564384    ,53001               ,may                 ,1998                
11.7788756672804    ,2.48799876644105    ,212.541555245494    ,2.78429657150717    ,3.78775456173823    ,25.037896879679     ,45.7939453868395    ,92.5996689698366    ,279.485413842681    ,292.361717174899    ,259.182975180407    ,0.00683661093868216 ,3.48480413411102    ,17.4203609820516    ,16.1213204904661    ,53075               ,may                 ,1998                
20.8930544579203    ,0.923909483827817   ,203.965362072168    ,2.37476204755979    ,4.37371499250012    ,35.5428511642049    ,38.022248455076     ,91.7157730041012    ,281.220336698243    ,294.639708552585    ,277.072380246714    ,0.00667985845605609 ,3.39486190284008    ,14.6980433583555    ,13.8792882928777    ,53021               ,may                 ,1998                
22.2501282704224    ,0.864643754546004   ,208.336872590387    ,2.53744263115249    ,4.56892197799719    ,37.221880405726     ,36.5147177116815    ,89.7763507509532    ,281.649545818459    ,294.811474190843    ,280.173457955195    ,0.00654176619162704 ,3.66614287027331    ,14.2946467316317    ,13.3803410385374    ,53005               ,may                 ,1998                
8.0956720261427     ,2.99166392163114    ,230.131658783133    ,1.77548796549347    ,3.54038572219445    ,20.9926615393559    ,50.7686736084516    ,90.3494140806143    ,279.212992398157    ,290.217165277994    ,252.552886366725    ,0.00660095711480236 ,3.50477328495854    ,18.548481865747     ,16.793997070207     ,53023               ,may                 ,1998                
8.06939134367073    ,2.94893547443094    ,219.227180944657    ,1.33535260887878    ,3.52465402213248    ,20.2784375615856    ,50.800955857604     ,90.5478676852494    ,279.196656165101    ,290.181106812204    ,249.973141560541    ,0.00653584891998802 ,3.71203380965075    ,18.9528159163446    ,16.8698749833767    ,53013               ,may                 ,1998                
12.132427215099     ,1.82102465431443    ,209.896621958188    ,1.75170922537806    ,4.0664255275615     ,27.2796257417897    ,43.7436659080351    ,90.5132472830872    ,281.176029944651    ,293.43988292423     ,260.021268775074    ,0.00682110706314448 ,3.72185072058178    ,16.624306238201     ,15.1357509974198    ,53071               ,may                 ,1998                
9.03933232021507    ,3.3218115460867     ,235.30563716729     ,1.6789327189145     ,3.66901574552775    ,23.0770274642345    ,48.0706338121213    ,88.2206328688213    ,279.45900990931     ,290.587510560074    ,249.559586274587    ,0.00647070575520845 ,3.77679005444176    ,17.8183894964676    ,16.1447470256068    ,53003               ,may                 ,1998                
20.8279522358147    ,0.74250885686115    ,225.903722142726    ,4.38687706475631    ,5.39991687237413    ,36.7865844691432    ,32.3610771371134    ,82.2924712696058    ,283.770984743569    ,298.089949896608    ,311.347293035296    ,0.00722077898145632 ,2.98382853154706    ,15.3443963671202    ,11.7388243825823    ,53017               ,jun                 ,1998                
16.313676729229     ,0.977223453426917   ,170.267152611275    ,2.5944353560667     ,4.7785540519152     ,28.5849968404876    ,36.9993963085047    ,88.7402617360804    ,282.188996341477    ,296.663257754248    ,284.670942187092    ,0.00759586830082771 ,3.11959954280984    ,17.6894356005822    ,13.3222272496093    ,53063               ,jun                 ,1998                
30.4365333007838    ,0.370681968978779   ,205.37201717867     ,2.47020687325418    ,5.80049503369712    ,45.48705250242      ,28.3735385066049    ,81.127905771603     ,284.730887533556    ,299.998123319581    ,315.407306481686    ,0.00718552788894335 ,3.0912966404562     ,13.5152737572744    ,10.7520969938026    ,53025               ,jun                 ,1998                
22.743145920881     ,0.584980731175926   ,183.003978143265    ,3.49320629445351    ,5.08622498995933    ,33.4411791900841    ,33.474488553796     ,92.524625409171     ,282.28017955164     ,297.783888168153    ,300.805318599631    ,0.00759830724610225 ,3.03744096331115    ,16.5494046664181    ,13.1813313475846    ,53043               ,jun                 ,1998                
25.5134866447158    ,0.441068459159153   ,191.260931414483    ,2.95055607169041    ,5.444952100726      ,38.7598057874408    ,29.4092972813727    ,88.9269547488878    ,283.235333552174    ,299.285459108544    ,309.111288962232    ,0.00728765441033164 ,2.95320346912773    ,15.1156209171445    ,12.1175916412157    ,53001               ,jun                 ,1998                
20.3206396512064    ,0.808793905638012   ,183.957169040919    ,3.15945213864831    ,4.95523792361278    ,30.3334818687439    ,36.1736830882652    ,89.6094196181952    ,282.573033367082    ,297.235554123822    ,293.641167878394    ,0.00759182146308469 ,3.14344242339508    ,17.6815132507623    ,13.3129569821825    ,53075               ,jun                 ,1998                
28.9274013373397    ,0.329395091163042   ,187.411168517424    ,2.09185640093608    ,5.758742879568      ,44.0454066885435    ,28.471656378477     ,84.0802416004279    ,285.011116078695    ,300.365324973082    ,315.2378734393      ,0.00739710657373787 ,3.10931820387259    ,13.7171362495422    ,11.2222240745716    ,53021               ,jun                 ,1998                
30.3116304426561    ,0.33404653921018    ,199.311996910864    ,2.32042204881091    ,5.94829602675325    ,46.3470428372746    ,27.8559634129677    ,80.3043837648877    ,285.574958280605    ,300.637002363337    ,318.637127712633    ,0.00729424109458795 ,3.24639227601903    ,13.1962671552654    ,10.6201804403252    ,53005               ,jun                 ,1998                
17.2114419881822    ,1.07979641532676    ,201.578859073684    ,2.21942903650597    ,4.79023105967366    ,29.0212843863367    ,38.4950309295338    ,82.0835477058932    ,282.622578237466    ,295.617325631531    ,287.485457764304    ,0.0072179070476242  ,3.13699263328104    ,18.047449670914     ,12.7500056343789    ,53023               ,jun                 ,1998                
17.8126984632451    ,1.26584940010757    ,184.512572557156    ,1.61491984217371    ,4.9199305586998     ,29.0121259915683    ,37.2208653311871    ,81.5341490524185    ,282.883324170071    ,296.039239648416    ,288.015789537946    ,0.00712856986888247 ,3.3418609573891     ,18.2540635708115    ,12.845475891789     ,53013               ,jun                 ,1998                
22.0186818501127    ,0.679085262454945   ,186.857106438575    ,1.64361005218896    ,5.55500370399739    ,37.272498944006     ,30.8625924216376    ,81.9055218223634    ,285.024499888019    ,299.642496045947    ,299.771115969319    ,0.00741612833487955 ,3.29527047931906    ,15.5152736971372    ,11.6473956997155    ,53071               ,jun                 ,1998                
15.2364787692407    ,1.14126766428823    ,218.81388643893     ,2.38997187144565    ,4.76973298036849    ,29.3622701422141    ,38.6712740464222    ,79.1738570275968    ,282.938788762522    ,295.467121675589    ,280.567008829233    ,0.00717274757626709 ,3.2746346116066     ,17.4695133633857    ,12.3487330434386    ,53003               ,jun                 ,1998                
31.020322643552     ,0.784394130627701   ,251.996882757251    ,4.51425887932139    ,6.22114851221646    ,49.9181397195671    ,26.2055805077108    ,74.8681123002323    ,289.064744423124    ,304.767407100788    ,305.866594848421    ,0.00890543436007304 ,2.70284852636098    ,12.7179070611527    ,9.79841152666631    ,53017               ,jul                 ,1998                
26.1013648804595    ,0.680903370774415   ,175.002327302289    ,2.47136981388235    ,5.86703573017567    ,44.1830461421472    ,28.6713848439417    ,82.5830060085697    ,287.513937403962    ,304.609717964436    ,301.871568449596    ,0.00953631696175937 ,2.49151331846685    ,13.9263363382912    ,10.8773007938962    ,53063               ,jul                 ,1998                
35.8657850804374    ,0.715547569260856   ,242.303867205626    ,2.361849366202      ,6.57323428113386    ,55.4392946623699    ,24.3942908398799    ,75.7908041604729    ,289.848588142051    ,306.450873871938    ,313.573673946801    ,0.00904623740791247 ,2.76724595768227    ,11.3686531387129    ,9.53359508431449    ,53025               ,jul                 ,1998                
27.6595100334794    ,0.774771248627061   ,197.219996457812    ,3.26334104200346    ,5.97267265106534    ,45.8521674239376    ,25.8218376999759    ,85.0113060772304    ,287.421066010464    ,305.191929799505    ,303.899842939143    ,0.00916255337336514 ,2.43691565607921    ,13.4300558672591    ,11.0368758151012    ,53043               ,jul                 ,1998                
34.1990854084582    ,0.585621678722589   ,218.724796533475    ,2.69681147950654    ,6.26874532343907    ,52.2872908332452    ,24.2699273052845    ,81.4048719082624    ,288.445681052151    ,306.553935124215    ,308.190381941552    ,0.0090518424489344  ,2.51647717750098    ,12.2184879337092    ,10.2033713704635    ,53001               ,jul                 ,1998                
27.2545946031732    ,0.655771855678006   ,200.59742083982     ,2.97147790235632    ,6.00725572940747    ,44.807831772835     ,27.8717103668589    ,83.1243409943264    ,287.836201463732    ,305.34927005196     ,304.703233318872    ,0.00949507381095493 ,2.5200471094754     ,13.831760089592     ,10.9965092758888    ,53075               ,jul                 ,1998                
35.6543652772454    ,0.574348941563673   ,233.876281531891    ,1.86356982573485    ,6.51778401216266    ,54.4892566737703    ,25.5668845479601    ,77.7967190157983    ,290.221591591658    ,306.912715610854    ,315.44156431856     ,0.00942958669613344 ,2.73521037580949    ,11.5329421586493    ,9.88353576133624    ,53021               ,jul                 ,1998                
36.2341903941663    ,0.523610615596889   ,240.400355453212    ,2.17594953289869    ,6.7705511827691     ,55.8702960137216    ,25.0553255719205    ,75.4674160653886    ,290.581248492179    ,307.087699460537    ,319.47722152809     ,0.00927822855295424 ,2.94798409113403    ,11.2087575039078    ,9.49239332654545    ,53005               ,jul                 ,1998                
26.718929446909     ,0.903915225280189   ,217.402027724382    ,2.28653672417745    ,5.99422877271007    ,45.8136888076776    ,28.3791761640985    ,73.4381794811991    ,288.273229691863    ,304.008509610512    ,307.562111498573    ,0.00886642818734389 ,2.49981206099582    ,13.6714161499496    ,10.1273782680804    ,53023               ,jul                 ,1998                
29.3371200641629    ,0.739195809548438   ,211.179695188788    ,1.80958494242365    ,6.09043106598299    ,47.9255861434717    ,27.8884734077402    ,71.5223884392461    ,288.443763914593    ,304.122390991891    ,306.491138263039    ,0.00865193556802619 ,2.70753876454442    ,13.3356613812465    ,9.73123162885188    ,53013               ,jul                 ,1998                
34.3406258747813    ,0.44269940770973    ,224.910577531205    ,1.31912167317822    ,6.47324945130687    ,54.0709991970307    ,25.3737397166396    ,74.0916828447647    ,290.368862889428    ,306.877559450771    ,307.994976486898    ,0.00919730828158067 ,2.74436846114412    ,11.7682366873878    ,9.39722440369699    ,53071               ,jul                 ,1998                
24.5821431617865    ,1.28180980901663    ,226.587638544088    ,2.62483201743332    ,6.04730768172298    ,43.9846395189857    ,29.3148659494363    ,72.6903986085407    ,288.342268226791    ,303.981514187232    ,307.953601119488    ,0.00904278769043796 ,2.54518093335396    ,13.9839585767737    ,10.327100630954     ,53003               ,jul                 ,1998                
47.1344638160063    ,0.0440126632324624  ,238.529668739454    ,4.19672961205057    ,5.78224463050712    ,63.2102788849381    ,23.4846331485095    ,70.2095848876552    ,286.704972189122    ,304.424942913475    ,274.127505969197    ,0.00717194482905852 ,2.86893582957671    ,10.0296529101637    ,9.15343115421163    ,53017               ,aug                 ,1998                
40.4815932756982    ,0.221672989399553   ,184.686697736582    ,2.21455279925674    ,5.52424078488399    ,56.2076309311447    ,23.7447086024347    ,76.9163593640455    ,284.517248317323    ,304.083861924676    ,272.593809474717    ,0.00712638091138348 ,2.70251091620141    ,11.3164388221997    ,10.3396911001145    ,53063               ,aug                 ,1998                
44.1223340457616    ,0.104423246610317   ,226.221957946334    ,2.39938887766699    ,5.85271017024306    ,60.7143584158775    ,23.0801560946946    ,73.6575553076527    ,287.139087755064    ,305.61283453471     ,279.958157454275    ,0.00740567724099735 ,2.68257804899598    ,10.4208763335374    ,9.7908974371408     ,53025               ,aug                 ,1998                
40.6433738709155    ,0.146300029007573   ,203.173418478935    ,3.01951081836233    ,5.60122786057226    ,55.6616714018507    ,22.2483161417751    ,78.5090572208279    ,284.599449303971    ,304.590707137372    ,270.980220460169    ,0.00697327286334271 ,2.6946192119494     ,11.5647947384236    ,10.430748479821     ,53043               ,aug                 ,1998                
42.0858346356636    ,0.162063477958061   ,208.330732707666    ,2.53448376842306    ,5.59567187301596    ,59.1110095173873    ,21.9828546122798    ,75.9861933592452    ,285.852779354226    ,305.595071121443    ,275.058863083353    ,0.00708079977431542 ,2.42503400555059    ,10.8535489730578    ,10.0820711634165    ,53001               ,aug                 ,1998                
43.7758340537395    ,0.247392056960987   ,204.026795159888    ,2.66018985177956    ,5.72384401296981    ,58.7724102218599    ,22.1430838777444    ,75.2349324778316    ,285.232014921069    ,305.028014689668    ,270.743386444729    ,0.0070048484264341  ,2.79156295461492    ,10.9986790877456    ,9.99513104415256    ,53075               ,aug                 ,1998                
42.7313005904282    ,0.0891154240844563  ,226.783529811705    ,1.91999113865388    ,5.7567721788404     ,59.820797556269     ,24.077443919525     ,74.2495601890696    ,287.871698565992    ,306.063257676496    ,280.788373654652    ,0.00768492006299273 ,2.50976804591734    ,10.6139461102024    ,9.96079235414122    ,53021               ,aug                 ,1998                
43.9904259267256    ,0.072912740787606   ,235.242007677529    ,2.23249418066568    ,5.83986855670454    ,60.9845791174315    ,23.9074562881529    ,73.9644905965186    ,288.022944702859    ,306.117895712855    ,282.869330118394    ,0.0076871599861081  ,2.59908327300441    ,10.3167065535595    ,9.91114452120047    ,53005               ,aug                 ,1998                
46.1250193713911    ,0.302018540693987   ,213.677930831264    ,2.12723463687344    ,5.7821063462968     ,63.6448353343391    ,21.6073742606458    ,62.4969074680724    ,286.407711416561    ,303.784856659834    ,274.47728425662     ,0.00644552797007058 ,2.86506276136886    ,10.1750947636608    ,8.49186233952537    ,53023               ,aug                 ,1998                
46.338372769764     ,0.274416490717326   ,210.929676470795    ,1.76280084153537    ,5.75629293175691    ,64.4839285438356    ,22.2594315927992    ,60.5772658636231    ,286.688249074855    ,303.587574383311    ,278.122179746185    ,0.00642815161330616 ,2.83291541520878    ,9.9773640250902     ,8.3386896142201     ,53013               ,aug                 ,1998                
46.0651250477032    ,0.125345543648294   ,214.928024237155    ,1.0701574119449     ,5.9334076776487     ,63.9185824690608    ,22.8437441895398    ,68.3963820539745    ,288.266887469708    ,306.14060987327     ,278.800991879715    ,0.00733206684468131 ,2.69660679775994    ,9.88175556999225    ,9.097652177438      ,53071               ,aug                 ,1998                
45.9958888263839    ,0.330825091229345   ,221.94677224742     ,2.43814514515754    ,5.93370568328446    ,62.4497333137686    ,21.2000812417568    ,62.6190292375464    ,286.416762482904    ,304.117395431989    ,276.480093644988    ,0.00647577703008325 ,2.990028078679      ,10.5125932009719    ,8.48836830466782    ,53003               ,aug                 ,1998                
40.3764429217231    ,0.128259314083882   ,246.991001688192    ,3.46921855516511    ,3.73293745550934    ,58.1853618796624    ,27.2894752963427    ,80.8594299768823    ,283.299357000387    ,299.906965988173    ,194.147893300361    ,0.00672872425799625 ,2.5919543497405     ,10.1321534923252    ,11.4842945369642    ,53017               ,sep                 ,1998                
27.9189602976479    ,0.593085965438696   ,191.286122513784    ,1.80946962437248    ,3.37476120800716    ,46.5029351442177    ,29.2133055503366    ,86.4909421926574    ,281.727235380132    ,299.241821097361    ,182.624378132458    ,0.00704116408204567 ,2.50062544955188    ,12.226732333163     ,13.3411529342937    ,53063               ,sep                 ,1998                
39.5023909361574    ,0.126829351871606   ,231.913633034841    ,1.99827295231663    ,3.77912439359244    ,56.4909792758865    ,26.5831341408143    ,82.6279996740607    ,283.499351503325    ,300.891629067374    ,197.557147118698    ,0.00683088854768544 ,2.48360197126212    ,10.5731980797868    ,11.8521450145298    ,53025               ,sep                 ,1998                
33.4943003267678    ,0.232780285472422   ,201.6602654904      ,2.52711595973043    ,3.47073232095775    ,51.1998749031182    ,27.2092589725837    ,85.9330263121126    ,281.738785717463    ,299.757980288412    ,185.491444681633    ,0.00671857210111789 ,2.40924949063227    ,11.5506750070015    ,12.7105927456725    ,53043               ,sep                 ,1998                
34.335993857212     ,0.199411264225599   ,217.889149977484    ,2.15596448333352    ,3.4839027803288     ,53.347849727565     ,26.8122312595418    ,83.9653795154867    ,282.781880547962    ,300.664559483278    ,189.775062423313    ,0.00680317801648863 ,2.17997654582505    ,11.1094937269872    ,12.2782549728978    ,53001               ,sep                 ,1998                
27.6703183475623    ,0.701599840293912   ,210.331608331666    ,2.37177723571366    ,3.46835752004736    ,46.9114520295835    ,28.8322164833966    ,85.4418131133435    ,282.46716963106     ,300.021034156949    ,186.247212008308    ,0.00713967059565452 ,2.41902965112995    ,12.1926630465938    ,13.2831151861677    ,53075               ,sep                 ,1998                
34.8745513727241    ,0.221107917676369   ,229.679705834419    ,1.56210046815567    ,3.54634381379837    ,53.4565135850662    ,29.7620410115902    ,83.2454233981401    ,284.598130137126    ,300.962884102846    ,195.373736224052    ,0.00747742795498851 ,2.24507001893643    ,11.005930825747     ,12.3634086898046    ,53021               ,sep                 ,1998                
34.0729255015886    ,0.234112916791286   ,234.945959282356    ,1.85161826884488    ,3.68303533065954    ,53.2524826963978    ,29.8484796566371    ,83.0477607824863    ,284.643369728103    ,300.751424413978    ,201.154493280746    ,0.0074340416382561  ,2.42783477541199    ,10.9470542562078    ,12.3508119303564    ,53005               ,sep                 ,1998                
27.2301409300069    ,1.10025598758188    ,222.952667484181    ,1.98806056164313    ,3.4971191996373     ,47.9056595369896    ,31.5402214903269    ,79.49607617396      ,283.867377135472    ,298.488028712302    ,193.259288419009    ,0.00717960241994016 ,2.47467941162996    ,11.845322012457     ,12.8237404139146    ,53023               ,sep                 ,1998                
26.9250158610561    ,1.04623867721146    ,216.174010316273    ,1.61306987736654    ,3.45013008187371    ,48.8676763887389    ,31.6728640985739    ,78.4344908602783    ,283.872884090617    ,298.332676276029    ,193.495973501821    ,0.00704065385318473 ,2.50098546097936    ,11.5969896705155    ,12.5886003869574    ,53013               ,sep                 ,1998                
28.9576408771243    ,0.653523591415184   ,218.621646752267    ,0.798004786022068   ,3.58646116124259    ,50.541154072149     ,30.5874590164278    ,81.1734677275991    ,284.937917098379    ,300.62328433732     ,190.699502910831    ,0.00750342467484294 ,2.46920206484998    ,11.2538994378837    ,12.5940444752453    ,53071               ,sep                 ,1998                
26.9740214519949    ,1.45408742943384    ,222.478612178695    ,2.39902644392348    ,3.61570911997716    ,46.1473598921096    ,31.9910779814941    ,80.0182224213352    ,284.033981089348    ,298.401367855768    ,195.317231247431    ,0.00731841404129209 ,2.69452798412954    ,12.2256573119013    ,13.0565726430457    ,53003               ,sep                 ,1998                
23.2846847334945    ,0.267639504927478   ,187.748114019007    ,2.86325268020313    ,1.62132709525521    ,32.2150687069781    ,39.644887147888     ,96.0658538174229    ,275.011856577954    ,287.891780076136    ,114.638484233587    ,0.00487731892458096 ,2.93347082769505    ,15.0926944857296    ,17.4171963456547    ,53017               ,oct                 ,1998                
15.2898880568748    ,0.674850575268672   ,174.449179403567    ,1.46726908192808    ,1.43794000369098    ,23.5176671382808    ,43.867177135349     ,99.1904088916212    ,274.14607743107     ,286.996245179904    ,110.573518593529    ,0.00519122139745064 ,3.15952708228147    ,17.5468130524059    ,19.1003865124093    ,53063               ,oct                 ,1998                
25.2465169694833    ,0.204546421126543   ,175.197184817247    ,1.47593583486461    ,1.80493018802673    ,33.0624240420931    ,36.4310951267217    ,96.3338283629478    ,275.356791557523    ,289.328981095724    ,119.147912583304    ,0.00485401462762092 ,3.02343756110205    ,15.1503606384189    ,17.2621126973545    ,53025               ,oct                 ,1998                
21.9797075394531    ,0.383436952115243   ,173.581214995608    ,1.99981954378463    ,1.63195397105134    ,28.7240880459871    ,38.9262250913044    ,98.6718012893234    ,274.033054848431    ,288.073819780067    ,114.419082946448    ,0.00493107641876029 ,3.11364619920413    ,16.2890720365229    ,18.296930196737     ,53043               ,oct                 ,1998                
23.6692595500726    ,0.271677451339939   ,172.649542925042    ,1.64117554203032    ,1.76419158092994    ,31.5968272208903    ,35.9320620821434    ,97.243563385038     ,275.068772472266    ,289.420212223565    ,119.046785760977    ,0.00488362830861878 ,2.8615125648437     ,15.6061327429       ,17.5853670782937    ,53001               ,oct                 ,1998                
15.8174568580331    ,0.600376148462522   ,185.708588885076    ,2.14331240326751    ,1.68649119288238    ,24.6576721480223    ,39.7968987088864    ,98.3922810557762    ,275.048350264895    ,288.560255748886    ,114.258688138061    ,0.00515116038500725 ,3.16211745280242    ,17.3616872847917    ,18.5485279948978    ,53075               ,oct                 ,1998                
24.3573162370152    ,0.316504894241358   ,176.948756210805    ,1.14220214516689    ,1.80981290165159    ,31.8172342488547    ,37.3380621536198    ,96.5142522362267    ,276.438448044088    ,290.062784574523    ,121.448056083282    ,0.0051533273076315  ,2.94041261210779    ,15.5440884665875    ,17.4557629113162    ,53021               ,oct                 ,1998                
25.0169155242745    ,0.313351424160998   ,176.812041991932    ,1.4175019804572     ,1.81267715881039    ,31.9796795924216    ,37.6664295872788    ,96.4339627049128    ,276.196766723178    ,290.001545863289    ,123.372892837757    ,0.0051449752998435  ,3.02812191915093    ,15.4963936434832    ,17.4056995109329    ,53005               ,oct                 ,1998                
14.5449144263847    ,0.74751569674037    ,199.312134118244    ,1.96581296372858    ,1.67408130401374    ,24.7451889967302    ,41.9340305999056    ,95.0914104525108    ,275.834137106582    ,287.56726351818     ,118.013064031538    ,0.00512604692264062 ,3.16690832952105    ,17.2155558494976    ,17.9504638351627    ,53023               ,oct                 ,1998                
14.9362766781003    ,0.864437869348713   ,189.980065065992    ,1.47395237973431    ,1.69277783938405    ,24.996493429172     ,42.0993153599947    ,95.2918435940568    ,275.808117065533    ,287.769322729538    ,120.869013462733    ,0.00516660167851225 ,3.38090818408695    ,17.1586320464262    ,18.0337759319783    ,53013               ,oct                 ,1998                
19.2905530715828    ,0.570351881920557   ,184.708512193898    ,0.505796864527835   ,1.85027550588028    ,28.5299842669649    ,38.1487326750817    ,96.3514328152996    ,276.629300341342    ,289.86559452324     ,117.733154953667    ,0.00523411241785491 ,3.26339845433186    ,16.2262588273876    ,17.6779425249868    ,53071               ,oct                 ,1998                
15.1076528795094    ,0.802983580440921   ,214.85966738168     ,2.6286482019146     ,1.70488097179573    ,24.9541440551242    ,42.3677205406191    ,93.0595566381531    ,276.073343850485    ,286.965797217728    ,120.262510650434    ,0.00497428896293208 ,3.30483928677164    ,17.3266044975534    ,17.5308045684126    ,53003               ,oct                 ,1998                
6.86366608795302    ,1.77581544075586    ,186.199838266973    ,2.64048382674694    ,0.623766321216284   ,10.6875839574566    ,58.2341091116591    ,98.6259852420502    ,273.163970726541    ,280.291095968762    ,50.431952197511     ,0.00447485163589891 ,3.75025441183877    ,21.4421951148709    ,22.0881825024655    ,53017               ,nov                 ,1998                
4.88151746632587    ,3.76873298940808    ,181.206102838391    ,0.984283231486582   ,0.529234042581031   ,6.6967498449911     ,64.6310992773302    ,99.0564951748833    ,274.000213619955    ,280.047413009133    ,51.0003367697456    ,0.0048148653232903  ,4.02375032204263    ,23.4213392721483    ,23.4423565701269    ,53063               ,nov                 ,1998                
10.0608008153444    ,1.30743052552997    ,181.125555236556    ,1.23704885342201    ,0.809690587984887   ,13.7356619683195    ,54.756887041193     ,97.7775804109358    ,274.430415304255    ,282.434205854324    ,52.2296672490949    ,0.004730671279457   ,4.06242121360347    ,20.516837537848     ,21.1352934217831    ,53025               ,nov                 ,1998                
6.10343488816356    ,2.19885878626942    ,176.830465363783    ,1.72386413091881    ,0.589386657969811   ,8.60242985445121    ,61.8726139150542    ,98.8121057533137    ,273.944003077396    ,280.537107719233    ,51.7312067775377    ,0.00477346336076743 ,4.06246910128408    ,22.3315272295579    ,22.6014294493075    ,53043               ,nov                 ,1998                
7.92795798532303    ,1.6964749889265     ,180.141009352447    ,1.25692989633782    ,0.740142880523899   ,11.9594751337542    ,57.3985024396647    ,97.8529826964895    ,274.828088496954    ,282.195112230944    ,52.6898741416968    ,0.00486434785791058 ,3.67638251390362    ,21.0914030673511    ,21.6105840095476    ,53001               ,nov                 ,1998                
4.55513448671584    ,3.31517689016754    ,188.346242289183    ,1.74287651387938    ,0.74901075667961    ,8.09266043180168    ,58.9917004310757    ,98.1621443071552    ,274.989679571413    ,281.541418796913    ,53.8821806308522    ,0.00483563285961053 ,4.02866074616301    ,22.6979945461049    ,22.6692124395183    ,53075               ,nov                 ,1998                
9.61031075357418    ,1.34901229083156    ,185.013224078524    ,0.886714806923499   ,0.948047371225861   ,14.3911072702292    ,54.277103038201     ,95.7664045656644    ,276.366472414457    ,283.88594334529     ,52.0693444973383    ,0.00501681473840458 ,3.72292665430369    ,20.4133744745988    ,20.5014482105695    ,53021               ,nov                 ,1998                
10.8139414328195    ,1.36297840158321    ,191.514270579321    ,1.27299235886949    ,0.958485118963221   ,14.4311483181705    ,52.9247957752536    ,96.0616048508142    ,276.05112871851     ,284.13667678833     ,55.4733281574776    ,0.00500609919286923 ,3.65189369586857    ,20.6120945162087    ,20.563711379971     ,53005               ,nov                 ,1998                
3.44446643676318    ,4.27289708823459    ,210.267625379266    ,1.67364683062393    ,0.841005467191554   ,7.19271375915709    ,59.6891640112267    ,97.4493946904721    ,274.818270990913    ,280.930934026177    ,56.2305429948289    ,0.00468661354135965 ,4.1764967319758     ,23.3823559551752    ,23.0838118861181    ,53023               ,nov                 ,1998                
3.5921157239469     ,4.74061520010181    ,204.125896060217    ,1.06459491816634    ,0.827648222499753   ,6.88772632510488    ,61.1007939609974    ,97.8421375540955    ,274.597732069938    ,281.060394295098    ,58.1595360829152    ,0.00478109174516104 ,4.67188034458102    ,24.0218084004121    ,23.5030229024238    ,53013               ,nov                 ,1998                
5.70046482601993    ,2.51498470625822    ,199.477302244895    ,-0.00313928378947826,1.03416371401652    ,10.6071080938391    ,55.3017168034706    ,95.8365282704837    ,276.615912282887    ,283.811973580048    ,52.0119320794496    ,0.00505895949625675 ,4.47145124160177    ,21.8637778225307    ,21.3697148284292    ,53071               ,nov                 ,1998                
5.22808020500038    ,3.64869298965029    ,228.057530552105    ,2.67367267231582    ,0.963615498838634   ,8.74376388864174    ,58.5972255562924    ,95.9466909468899    ,274.703966063711    ,280.558600818792    ,58.2606271091749    ,0.00446821210705936 ,4.86456636397073    ,22.5637070317048    ,22.1621453635594    ,53003               ,nov                 ,1998                
8.80490451283623    ,1.72203536856742    ,175.987034013171    ,2.53419085212474    ,0.428626593249379   ,9.14835844538899    ,59.3156230536647    ,91.8164200046741    ,266.607781376457    ,273.399728078234    ,47.4379251158784    ,0.002661113915192   ,2.99540152682288    ,23.7247241668838    ,21.0124468093077    ,53017               ,dec                 ,1998                
5.51480640287977    ,3.38206156350921    ,187.182400662655    ,1.49907094013727    ,0.452785454916729   ,3.85066209897668    ,63.9278362471282    ,92.2197559522882    ,267.862794344669    ,273.901179770303    ,45.4429181816851    ,0.00295276477118023 ,3.5532342945068     ,27.6345035409976    ,22.2212657045328    ,53063               ,dec                 ,1998                
10.7945285766456    ,1.18640380969304    ,175.62718322886     ,1.07315689169034    ,0.546594113712628   ,12.6758562217741    ,54.6681686883725    ,91.0917884726702    ,267.786767223853    ,275.720840863234    ,48.1679530935851    ,0.00285039421721883 ,3.1081357270461     ,22.3281741064979    ,20.1179312065271    ,53025               ,dec                 ,1998                
7.90855720969793    ,2.23212787048534    ,182.854385455067    ,1.91827968040343    ,0.456855567564036   ,6.66982388519691    ,61.7068287765212    ,92.0989649336397    ,267.338070808599    ,274.013097955162    ,47.1546907819446    ,0.00286405750975148 ,3.38379382539478    ,25.3545061037098    ,21.657597917361     ,53043               ,dec                 ,1998                
9.45781926509465    ,1.64921461677796    ,174.341329310964    ,1.29525214931087    ,0.543929601648917   ,10.5120713176255    ,56.4410470176449    ,90.9266808592715    ,268.468184104417    ,275.896491522001    ,45.2611523333115    ,0.00298023477804121 ,2.93485887293431    ,23.4526914639368    ,20.5062577087763    ,53001               ,dec                 ,1998                
6.78499092281442    ,2.65764994072914    ,189.846023908797    ,2.18270022024127    ,0.658615754140066   ,6.59874678219131    ,56.7083462119757    ,90.0723828925338    ,268.936786499023    ,275.694451088101    ,44.6146622406455    ,0.00301508694265366 ,3.77312882675844    ,25.9307871628556    ,20.7913566603193    ,53075               ,dec                 ,1998                
12.3626650871687    ,1.15230557448589    ,183.654147868459    ,0.683630597806321   ,0.724942367809514   ,15.3142178831039    ,52.9634928505237    ,88.3960943226937    ,269.95666794997     ,277.979381506504    ,44.0601795888558    ,0.00314057626333147 ,3.20637325183703    ,21.534373665345     ,19.0941807894829    ,53021               ,dec                 ,1998                
11.1333387995245    ,0.965353736838352   ,182.593708483907    ,1.06657959442564    ,0.746949298344038   ,15.6749262009881    ,49.7454697051227    ,88.4395831424104    ,269.921713159023    ,278.690217354077    ,45.9468964984901    ,0.00319243923865024 ,3.05129744749391    ,21.3166557075004    ,18.8374546521749    ,53005               ,dec                 ,1998                
6.52270815137597    ,3.18261722752952    ,206.052402748479    ,2.03018415362939    ,0.783414369924129   ,7.24496832277931    ,54.2959471080614    ,88.8315762877217    ,268.887811746854    ,275.934114232665    ,46.3254280643187    ,0.00297455163068195 ,4.11210478830535    ,26.0941909716983    ,20.2239569818011    ,53023               ,dec                 ,1998                
5.76915397980181    ,4.29962173832961    ,204.734930940011    ,1.23799942736148    ,0.791561351955119   ,6.21570879618932    ,54.9959933582193    ,90.1048723460492    ,268.82082665728     ,276.022030381341    ,49.0403827990121    ,0.00303209685441858 ,4.58441313787593    ,27.5924149406726    ,21.124628440331     ,53013               ,dec                 ,1998                
9.89309602402344    ,1.9822471760597     ,198.067360065315    ,0.0158082768765876  ,0.937611240974367   ,12.7171140475808    ,50.7195801789198    ,87.1501386290966    ,270.635812979597    ,278.697945641825    ,44.3909566553628    ,0.00322946729859385 ,4.25823767836582    ,23.1780745808671    ,18.958725580355     ,53071               ,dec                 ,1998                
10.2153554571643    ,1.91257855413967    ,221.874840460497    ,3.12002773485044    ,0.92220691871034    ,12.5798245911137    ,54.3255642071838    ,84.613111992068     ,269.019239541678    ,275.669538170288    ,48.3606906489444    ,0.00285139320993376 ,4.95690584184189    ,23.166173765085     ,18.2556534888971    ,53003               ,dec                 ,1998                
