bi,pr,th,pdsi,pet,erc,rmin,rmax,tmmn,tmmx,srad,sph,vs,fm1000,fm100,countyfips,month,year
11.3481453843794    ,1.54883368350238    ,185.188593705067    ,-2.38052205694546   ,0.617792474086358   ,12.7450988404838    ,54.2203314346434    ,91.8527572626197    ,269.98599543139     ,276.890204646299    ,60.0111267520038    ,0.00317618737396304 ,3.77387289441302    ,22.267759156366     ,20.2428438928208    ,53017               ,jan                 ,1990                
4.23319268671447    ,2.81883696917635    ,181.109281122971    ,-0.576194684669421  ,0.519816685476359   ,3.54187729232353    ,63.2662903274879    ,95.4909143587201    ,270.721464541417    ,276.378540511832    ,46.981450290607     ,0.00355216790517917 ,4.35427787979744    ,26.5979438484013    ,22.810886823847     ,53063               ,jan                 ,1990                
13.8023969959671    ,0.898355370075584   ,178.136731746721    ,-2.01144524335425   ,0.858959246085202   ,15.4303476548165    ,49.6263942347879    ,90.0775198920996    ,271.751436143873    ,279.239172886275    ,54.334932802786     ,0.00338131042297223 ,4.04351837815397    ,21.7110827322198    ,19.0437663845376    ,53025               ,jan                 ,1990                
8.19297795729328    ,1.3805990709619     ,181.960779205931    ,-1.56212630149573   ,0.621335644006215   ,8.53136826830283    ,56.2360895465085    ,94.0052843295782    ,270.213384093933    ,276.668559093271    ,50.6954436845873    ,0.00330080202032035 ,4.21484262256408    ,23.9756070086436    ,21.073344471475     ,53043               ,jan                 ,1990                
10.3467532822028    ,1.06603289930037    ,174.620619929222    ,-1.72691998059337   ,0.769732393118467   ,11.7334769228969    ,53.4937655548257    ,91.7534123540685    ,272.133202392454    ,278.782870829221    ,49.8646044104848    ,0.00354045747372529 ,3.78898670557345    ,22.8961815236842    ,19.9192053139656    ,53001               ,jan                 ,1990                
6.04868826092657    ,2.18952748106711    ,193.335644955237    ,-1.13392946427172   ,0.798186825901779   ,7.63569311105271    ,56.0131661616693    ,92.1866892209135    ,272.334531803602    ,278.350333624881    ,47.835668799384     ,0.00362760421672422 ,4.47806474887895    ,24.3539284408975    ,20.9064296901203    ,53075               ,jan                 ,1990                
15.2078897050172    ,0.738789404570021   ,187.824359423114    ,-2.10084695663208   ,1.01497284766684    ,16.3150117715446    ,50.3243194066561    ,88.5564496553861    ,273.838425799576    ,280.934495033283    ,48.6755159150874    ,0.00375082831579623 ,4.08927500139987    ,21.5552505012777    ,18.4933066653259    ,53021               ,jan                 ,1990                
16.28846581368      ,0.811255859413386   ,188.077357952719    ,-2.15254064888879   ,1.04980280223432    ,17.1082665362182    ,48.4649050625755    ,88.0147724592133    ,273.666159839343    ,281.211569005329    ,52.0273031255493    ,0.00368610765642721 ,3.91680542215645    ,21.4866127791262    ,18.2963869248121    ,53005               ,jan                 ,1990                
6.21676404058129    ,2.6664695223684     ,209.499792384471    ,-1.34390729530011   ,1.00485785481054    ,11.4633667713124    ,51.3395867360137    ,87.8398224217838    ,272.583434541917    ,278.959885652451    ,50.3417837362303    ,0.00352732370001757 ,4.8452462620975     ,22.5499435587986    ,19.3988751372458    ,53023               ,jan                 ,1990                
5.01562852023347    ,3.86914232222741    ,202.94896334912     ,-1.4608208934466    ,0.953938339602059   ,8.3249193631337     ,54.0894910705752    ,90.0100789700704    ,272.446389771539    ,278.750577981076    ,53.2628812672338    ,0.00360726678647696 ,5.34530883093799    ,24.4872826023936    ,20.7970869370035    ,53013               ,jan                 ,1990                
11.3123394075055    ,1.49881718331768    ,195.151286316369    ,-1.68901683111501   ,1.08871139828853    ,13.3474605959433    ,51.7745151414729    ,88.7700268580099    ,274.118114604495    ,280.704439232739    ,48.4732782755066    ,0.00381794048938778 ,5.04558533231964    ,22.4382158760133    ,19.095970952664     ,53071               ,jan                 ,1990                
10.3597410664801    ,1.67768204146928    ,224.35968684948     ,-1.12204638863132   ,1.1575457059989     ,18.2906723808863    ,49.4197129848454    ,84.2058646424619    ,272.560399622476    ,278.863974969809    ,52.5428040960073    ,0.00337854732369181 ,5.71290258550633    ,19.6101796395194    ,17.5205637530099    ,53003               ,jan                 ,1990                
16.9760944200152    ,0.32582903989477    ,154.806938772198    ,-2.57449396440604   ,0.981361806474434   ,18.1165772952511    ,46.5110372799288    ,92.8531085120103    ,266.864159071037    ,277.112804693399    ,103.663082830439    ,0.00265151903956667 ,3.37377230222289    ,21.0316247772978    ,18.7980049018177    ,53017               ,feb                 ,1990                
7.69716062105509    ,1.31299900436306    ,147.543548940909    ,-0.492185557743431  ,0.813707914337665   ,7.73180663600553    ,57.8538828587667    ,96.4782163050192    ,267.298776229878    ,276.4446912228      ,88.3209743657114    ,0.00299719305638437 ,3.65969771360942    ,25.033142304348     ,21.1711305733406    ,53063               ,feb                 ,1990                
21.8211269068982    ,0.206262848528964   ,152.615714647565    ,-2.5946400546214    ,1.17337761541012    ,22.4587038202179    ,45.0340656957106    ,92.1906775697213    ,268.401910884974    ,279.185800238047    ,99.951992241637     ,0.00286636203519546 ,3.67517780372472    ,19.3959328460768    ,18.0193872528681    ,53025               ,feb                 ,1990                
13.6020445558473    ,0.620193634927781   ,145.579604480572    ,-1.82360153887702   ,0.896100318038368   ,14.1189964842543    ,53.1821941690481    ,94.7641379092685    ,267.091169566048    ,276.429826454868    ,92.7542123513298    ,0.00281840226363087 ,3.66724548618663    ,21.999444236944     ,19.8331168071833    ,53043               ,feb                 ,1990                
16.4079067460082    ,0.396518426587042   ,152.32752738649     ,-2.30169435547097   ,1.1021691479347     ,18.842691769231     ,47.6861884268004    ,94.167024357515     ,268.727586526828    ,279.03498381569     ,92.2768948453887    ,0.00301755913245329 ,3.43019818441391    ,20.2095438259037    ,18.7137064149621    ,53001               ,feb                 ,1990                
9.76209071692463    ,0.93599091524587    ,174.764694067006    ,-1.38010450035594   ,1.07714443119634    ,13.2595801790819    ,51.7373000713957    ,94.2334545039329    ,269.087183549384    ,278.812829293644    ,89.9550101897296    ,0.00317274864790413 ,3.75496029613148    ,22.1311128061759    ,19.4834463858003    ,53075               ,feb                 ,1990                
21.6175137908305    ,0.385996997262259   ,152.761173249781    ,-2.94343124536368   ,1.3127754828473     ,24.0694536380715    ,45.515208206858     ,91.2034422633412    ,270.552480316162    ,281.118012593867    ,96.6527281090453    ,0.00324423088812702 ,3.6018864643279     ,18.5691083748262    ,17.4280121532115    ,53021               ,feb                 ,1990                
25.0377179616076    ,0.308009564988347   ,156.790123925104    ,-2.95501641450079   ,1.34405248665541    ,26.214282424593     ,44.15883738785      ,90.2686011640076    ,270.619625928335    ,281.399732323692    ,99.4638008035449    ,0.00323554994297822 ,3.53690046505311    ,18.2207475382699    ,17.0206953359678    ,53005               ,feb                 ,1990                
9.39612327226807    ,1.66962287068936    ,192.829712573204    ,-1.59475311692457   ,1.26398018953831    ,15.8474004557423    ,47.5389608323521    ,88.5614147127045    ,269.81333775423     ,279.363573959472    ,94.2495513842396    ,0.00311612023082797 ,3.98076358072612    ,21.8228458609323    ,18.2323653251594    ,53023               ,feb                 ,1990                
8.66833531271448    ,2.40236132024114    ,181.314692890791    ,-1.60592491522977   ,1.25464603660953    ,12.4927854364488    ,49.0902565583063    ,90.8637681367599    ,269.625889440749    ,279.156430588967    ,102.361516169318    ,0.00317352491610263 ,4.47928592978392    ,24.4353340692099    ,19.5389403815401    ,53013               ,feb                 ,1990                
14.8519147325904    ,0.948759008056195   ,173.477548232373    ,-2.32796252387649   ,1.37194248609046    ,20.403944300759     ,48.1395505956103    ,89.2332247641028    ,271.141457831264    ,280.950944406507    ,95.6290838372278    ,0.00334665757176614 ,4.32174571196827    ,19.9058128089993    ,17.5840092134531    ,53071               ,feb                 ,1990                
15.5976500197368    ,0.840363496395918   ,222.264428089259    ,-1.53765458260139   ,1.42222446537304    ,24.0619727632838    ,45.2243956888058    ,84.2176156556146    ,269.916887734804    ,279.406620363747    ,95.6815117496892    ,0.0029758362518666  ,4.61746998131275    ,18.3910537003476    ,16.1493079204878    ,53003               ,feb                 ,1990                
20.349799738898     ,0.390078029209619   ,208.629303985167    ,-2.95718529175127   ,2.21719173455423    ,29.794260155625     ,35.9083326897117    ,84.6768271099038    ,273.163047911924    ,285.549740974991    ,171.876115000421    ,0.00364461508040343 ,2.9847003112108     ,17.5948667645651    ,14.5598386213599    ,53017               ,mar                 ,1990                
15.8607816820437    ,0.759724084749936   ,176.831364493532    ,-0.838179404265129  ,1.94900091419221    ,20.678414929568     ,40.074320717879     ,90.7004595566806    ,272.123831855092    ,284.951802085879    ,150.573265233523    ,0.00382881762173327 ,3.025092607106      ,20.811784326288     ,16.6423734167836    ,53063               ,mar                 ,1990                
20.9327229215123    ,0.3410904454638     ,198.66609510682     ,-3.24840625286974   ,2.3786794829602     ,30.6065587160012    ,32.0975421340411    ,86.8813400586877    ,273.994937418682    ,287.620510308509    ,170.617744769747    ,0.00374898129794986 ,2.94952766934628    ,17.3952626124962    ,14.8268968547059    ,53025               ,mar                 ,1990                
18.1723080470964    ,0.427927632588916   ,185.063824720421    ,-2.1478036330063    ,2.10739435236598    ,25.2266615055497    ,35.6774463671186    ,90.0020979310727    ,272.317795590409    ,285.593312047262    ,162.968437394825    ,0.00368216948766954 ,2.96748878605436    ,19.1000252499831    ,15.8659258920369    ,53043               ,mar                 ,1990                
16.242647869722     ,0.496763315763521   ,184.39011460599     ,-2.76224515066903   ,2.19619318667418    ,25.8505458034928    ,33.9040233020763    ,89.5558335132989    ,273.452386844972    ,287.363136771735    ,167.999705373078    ,0.00382092794626946 ,2.5591450457223     ,18.6703852738478    ,15.8204041344917    ,53001               ,mar                 ,1990                
16.4559158147297    ,0.7884021850804     ,199.057371971191    ,-1.78817740149358   ,2.10446405840553    ,23.4319730660947    ,37.8454761584751    ,89.4685772007285    ,273.430479504696    ,286.454364781534    ,159.821681392894    ,0.00398013772702718 ,2.80126847036876    ,19.6716323310012    ,16.2267563130779    ,53075               ,mar                 ,1990                
17.8838026562879    ,0.53661127700921    ,201.747547480295    ,-3.459904335401     ,2.30611389431705    ,27.7211876393548    ,33.3104546686556    ,89.4193754835105    ,274.943167969962    ,288.693934657852    ,170.502487691875    ,0.00405739894204382 ,2.52164535258455    ,18.120126415778     ,15.7430200305825    ,53021               ,mar                 ,1990                
19.8421566667639    ,0.410157187378038   ,197.156374705053    ,-3.57649544921852   ,2.35075223481161    ,29.2429211078698    ,33.0272489313998    ,89.5026163628002    ,275.023714824632    ,288.661801336193    ,174.839564054926    ,0.00407784090116384 ,2.58173647064429    ,17.7035067676246    ,15.5793394666065    ,53005               ,mar                 ,1990                
16.9599491659967    ,1.15294978763006    ,223.235778972659    ,-1.93554344569674   ,2.13172678807961    ,25.1028546337564    ,38.6122254620237    ,85.8417319918988    ,273.904217257812    ,285.839128797314    ,160.034141801923    ,0.00401196074904361 ,2.88368636425835    ,19.0761327059468    ,15.4730843172549    ,53023               ,mar                 ,1990                
13.6288320605631    ,1.44424970328979    ,211.870547237801    ,-1.85326558729247   ,2.09489632193411    ,20.6702282901119    ,39.7796039618344    ,87.2553241267798    ,273.795559247066    ,285.802433386946    ,164.652939692882    ,0.0040473603295509  ,2.82230276668662    ,20.7606949583942    ,16.1859921543326    ,53013               ,mar                 ,1990                
15.7361719878611    ,1.12760988098256    ,202.103678229315    ,-2.62976864707179   ,2.27247504245538    ,24.389847005494     ,36.6664536926586    ,87.5054372361786    ,275.308561371594    ,288.24554267281     ,162.215180437802    ,0.00420384738697977 ,2.76468828360365    ,19.2477209284773    ,15.9902809434696    ,53071               ,mar                 ,1990                
21.0877108705317    ,1.0819593033483     ,231.140101090049    ,-1.99145532205447   ,2.24575005142948    ,30.1132122881979    ,37.4726746406223    ,83.7051900917989    ,274.07860079254     ,285.684828490349    ,161.621624124508    ,0.00393061274970167 ,3.24061400450508    ,17.1511596445479    ,14.711983500634     ,53003               ,mar                 ,1990                
25.5770552804903    ,0.500144660546505   ,217.101888520259    ,-3.68640215216943   ,3.33036554903461    ,41.9206761977101    ,32.5062802302762    ,81.7486182856324    ,277.096936661685    ,290.505853085034    ,217.989676341342    ,0.00460472122772562 ,3.13991641641092    ,13.5507591586443    ,12.2769780000479    ,53017               ,apr                 ,1990                
14.7124324246276    ,1.67998496728526    ,178.954025447888    ,-1.77634940943336   ,2.99287876600915    ,29.135688913726     ,37.3956745112921    ,88.7115945806378    ,275.993566644083    ,289.425887684305    ,199.093213564671    ,0.00492820435101232 ,3.36808946173121    ,16.4365167548229    ,14.7854962088054    ,53063               ,apr                 ,1990                
28.2110130428679    ,0.446421951127263   ,206.861195283066    ,-3.93232612149298   ,3.59386748966831    ,44.5423983027628    ,28.7610683308078    ,82.0373941159989    ,277.931114981568    ,292.437549029902    ,221.997842963972    ,0.0046876599637611  ,3.16738723642139    ,13.1536914180939    ,11.8937396014049    ,53025               ,apr                 ,1990                
18.5933692346766    ,0.971532464672292   ,185.779785894911    ,-3.03182562647496   ,3.21095410786456    ,34.2291266707646    ,32.3070844237541    ,88.8899898972128    ,275.75949597537     ,290.2654782777      ,212.40215806741     ,0.00467727866885826 ,3.24008822766864    ,15.1888714338923    ,13.9614317058663    ,53043               ,apr                 ,1990                
18.6471116786593    ,0.996773395095992   ,192.54774099498     ,-3.55908545518673   ,3.38002548234852    ,36.2139069765778    ,30.4691136661664    ,86.9038117107256    ,276.844705672387    ,291.857801339369    ,220.792915156965    ,0.00479137694996621 ,2.9630262563996     ,14.7598908543245    ,13.4441658037326    ,53001               ,apr                 ,1990                
14.9554880554756    ,1.94726655251021    ,194.943460683698    ,-2.49494877801222   ,3.15338300355743    ,30.2214821652431    ,36.5636802754122    ,86.9187379721847    ,276.98112516276     ,290.479411417643    ,207.617275560267    ,0.00505022248021309 ,3.2215001930162     ,16.2495647492876    ,14.5503431312711    ,53075               ,apr                 ,1990                
21.2960789775475    ,0.91749474909061    ,195.078974953676    ,-4.02680599078154   ,3.58719319633948    ,39.1516069546724    ,30.3682628521552    ,84.6711463052798    ,278.669628104185    ,293.100219922188    ,226.367666917459    ,0.00504381366232291 ,3.03593748616867    ,14.2251068023535    ,12.8956602622301    ,53021               ,apr                 ,1990                
26.1636596761828    ,0.697715566980357   ,199.361838979622    ,-4.10252876406356   ,3.66310319671852    ,42.350707828834     ,29.3583465374903    ,84.096581970117     ,278.922737050856    ,293.298841916598    ,228.189918106877    ,0.00501450031739292 ,3.1198293719595     ,13.7489232577751    ,12.4961299053076    ,53005               ,apr                 ,1990                
16.170719509306     ,2.18155908354136    ,216.147973532064    ,-2.6252888469469    ,3.15154883451837    ,31.9989848250681    ,38.9346768379211    ,83.6846065019722    ,277.725130574797    ,289.771121740242    ,209.473848367379    ,0.00515942003473825 ,3.29237251345909    ,15.75998829038      ,14.1131470794757    ,53023               ,apr                 ,1990                
14.8794646948275    ,2.78953495204553    ,205.942719871274    ,-2.56134798014975   ,3.12759765417788    ,30.2778460824625    ,39.5701283291788    ,83.5492462830602    ,277.513093835854    ,289.555080324609    ,211.846194097842    ,0.00509210432795109 ,3.42417179411618    ,16.3714587648502    ,14.3114036379476    ,53013               ,apr                 ,1990                
19.4505127746252    ,1.77167206634755    ,205.387838796645    ,-3.24008037032797   ,3.509729413563      ,36.6029734001331    ,33.9035717330974    ,82.5267750846015    ,278.980013310295    ,292.597521162162    ,217.604067505214    ,0.00518573477563289 ,3.31770752324321    ,14.8465271532374    ,13.0859756359886    ,53071               ,apr                 ,1990                
19.0234163095546    ,1.78609952986458    ,243.090852596896    ,-2.62562811751725   ,3.22132101270694    ,35.3313459102835    ,37.6296761886337    ,83.0308372956993    ,277.881142731827    ,289.85233626911     ,208.792392336249    ,0.00512762464664496 ,3.54918839796616    ,14.7565234217911    ,13.6375560393879    ,53003               ,apr                 ,1990                
18.3452644551566    ,1.97889357696937    ,225.928285740778    ,-3.73664962902652   ,3.92665268564087    ,35.4572885117109    ,35.2582123851519    ,83.3978704010214    ,279.32818975665     ,291.237667921242    ,248.247545582451    ,0.00537404823197126 ,3.27511266330234    ,14.6068211221226    ,13.4565506675079    ,53017               ,may                 ,1990                
10.8288995183818    ,3.07582671531381    ,183.536722815426    ,-1.58179768237541   ,3.40781707258268    ,23.5951653332269    ,41.2251424889481    ,90.3389196899875    ,278.667844926251    ,290.55260493786     ,222.680848239929    ,0.00597063527308373 ,3.33236554769082    ,18.1810714164567    ,15.5794983833067    ,53063               ,may                 ,1990                
22.6860674927798    ,1.13597861005375    ,217.538176457672    ,-3.85800879434577   ,4.36234605792854    ,42.0522457308847    ,30.3763400983465    ,80.8280930514323    ,280.413987306574    ,293.404164589568    ,259.725419652738    ,0.00532369122455264 ,3.22125467384748    ,13.2321295321476    ,11.9652247517051    ,53025               ,may                 ,1990                
11.2503198198355    ,1.75036135290197    ,190.879106255907    ,-3.09147856305683   ,3.67367469316377    ,28.6771851748203    ,35.8964502328868    ,90.860053665745     ,278.395719882531    ,291.315804182753    ,234.064165175122    ,0.00564718605645459 ,3.23728995999946    ,16.245551221282     ,14.4302880354498    ,53043               ,may                 ,1990                
17.4115137187574    ,0.960610873569555   ,203.035080996879    ,-3.52852139181485   ,4.09167629355302    ,35.3138418786461    ,32.2249060226287    ,88.6580378959663    ,279.115549383878    ,293.086445347308    ,255.482940232382    ,0.00555519423318125 ,3.0485196707319     ,14.8683401322958    ,13.0935879458847    ,53001               ,may                 ,1990                
15.1555941385605    ,2.13101034488692    ,199.977795044041    ,-2.27178705570745   ,3.78242952128742    ,28.8072134527626    ,39.2903749334201    ,86.8250629976624    ,279.257833604034    ,291.729718706685    ,240.70205057307     ,0.00591366043436276 ,3.40208428652961    ,16.8541187513304    ,14.2757535610887    ,53075               ,may                 ,1990                
25.3328847741143    ,0.79526669258811    ,198.191204773404    ,-3.75751916628617   ,4.48871140888252    ,41.1469971519546    ,30.8612270979964    ,83.328060323843     ,280.994607740833    ,294.296835755       ,270.256829306742    ,0.00564377835816553 ,3.21055993290604    ,13.9256743505634    ,12.0668322092842    ,53021               ,may                 ,1990                
27.4336451416102    ,0.786525000247263   ,202.665035538055    ,-3.87162890930383   ,4.69864854202923    ,43.2866263072849    ,29.5749536959537    ,80.9165746902186    ,281.294028688283    ,294.451736839019    ,281.081352520044    ,0.00549972596480572 ,3.39278904679543    ,13.5037775456985    ,11.7158974368828    ,53005               ,may                 ,1990                
15.4082472100068    ,2.44140099083654    ,210.258715307849    ,-2.42562440531348   ,3.75374777675081    ,28.2628151251507    ,41.9461976068337    ,81.8271993573265    ,279.385989926521    ,290.442939631424    ,244.070029145418    ,0.00576567952362535 ,3.49846506082947    ,17.186470013968     ,14.3279644190919    ,53023               ,may                 ,1990                
14.6855085456541    ,2.31154631813361    ,205.497938647542    ,-2.201354557385     ,3.7443722890974     ,26.6286104578192    ,42.6854580647437    ,82.6867089167658    ,279.245791228593    ,290.304326293719    ,247.239458537347    ,0.00573176258193916 ,3.62339001746017    ,17.8323071273149    ,14.5701848695939    ,53013               ,may                 ,1990                
21.7938905420179    ,1.59804599982858    ,202.948288814496    ,-3.01379348196311   ,4.29065910043474    ,35.4710983808946    ,35.4110713228916    ,81.7041168938213    ,281.093626973262    ,293.512443916647    ,258.161298888392    ,0.00584217371138063 ,3.53090880438002    ,15.4105140283106    ,13.0697677603801    ,53071               ,may                 ,1990                
15.1735991476778    ,2.48946842296856    ,215.163321149105    ,-2.40185071299546   ,3.85038495320614    ,29.0821947661854    ,40.053952653632     ,80.4431328451266    ,279.399731022795    ,290.578645523391    ,241.506178822438    ,0.00560545727550503 ,3.73651292066112    ,16.7256105174619    ,14.0936696549037    ,53003               ,may                 ,1990                
24.9471194505346    ,0.980815878667118   ,219.831651551448    ,-2.4953765244711    ,5.43102529643359    ,36.6695867978873    ,30.9640654155186    ,78.7841324262113    ,283.106808032972    ,296.989430133994    ,298.193722431358    ,0.00640952850399942 ,3.64917647191671    ,16.215679737564     ,11.6211459815556    ,53017               ,jun                 ,1990                
18.3663764303802    ,1.20288167867617    ,201.784927365072    ,0.115412135254648   ,4.91551865091681    ,26.6436975402469    ,37.7195094202306    ,82.9179556439833    ,282.1377087996      ,296.288572672773    ,285.865519250562    ,0.00715841626033202 ,3.47439177379299    ,19.5547572566866    ,13.3954421579174    ,53063               ,jun                 ,1990                
36.4274065061922    ,0.400904576766426   ,217.27279819461     ,-2.99544851352063   ,6.01254762984281    ,48.4548188014847    ,27.079484890119     ,75.2935542285043    ,284.502326868628    ,299.112518586711    ,311.221229642488    ,0.00635324058761124 ,3.71731474256457    ,13.3398852133591    ,10.1173746428353    ,53025               ,jun                 ,1990                
25.1257240892513    ,0.697832998035916   ,210.429171347485    ,-2.31186204290428   ,5.21283868577808    ,34.0890908927128    ,32.6946667984543    ,86.7525962832625    ,281.971763772289    ,297.014089108803    ,300.50843870213     ,0.00683934166034655 ,3.51078798665636    ,17.0462915406876    ,12.8270347328914    ,53043               ,jun                 ,1990                
31.592726701777     ,0.362786659488762   ,213.290947605432    ,-3.13502039449377   ,5.68416875348619    ,42.6073847450067    ,29.057831516193     ,83.8234664128184    ,283.180836845332    ,299.024984292337    ,311.471781698407    ,0.00678092283579239 ,3.39328585415082    ,14.6787179694135    ,11.5331696702507    ,53001               ,jun                 ,1990                
20.8323834217677    ,0.787203632964807   ,218.267442988975    ,-1.32010029750712   ,5.2202730625377     ,31.8962837698132    ,36.0939007515253    ,82.1609487760955    ,282.90145932306     ,297.433490208046    ,296.515673494227    ,0.00721199128194256 ,3.46001502814947    ,17.6168387197607    ,12.6744377786038    ,53075               ,jun                 ,1990                
37.7901133176672    ,0.241487472817684   ,212.645764589921    ,-3.35286041895548   ,6.06402349866354    ,48.8155141304701    ,27.9605290097457    ,78.3085584058517    ,285.109935846573    ,300.226011188214    ,319.252771035219    ,0.00684377126610623 ,3.46599974479431    ,13.3878092084787    ,10.456508027468     ,53021               ,jun                 ,1990                
42.1663230316062    ,0.294725880577896   ,213.089193468287    ,-3.34890271702697   ,6.27787357444124    ,52.1132884552258    ,26.8093723939486    ,74.7012870747192    ,285.586104159383    ,300.36379895483     ,320.789896091108    ,0.00665474871464654 ,3.66133640834683    ,12.7879094704604    ,9.76628309187334    ,53005               ,jun                 ,1990                
19.2770946838749    ,0.993513921696083   ,228.155230747345    ,-1.60218340466975   ,5.22807753276134    ,32.4781732239338    ,36.5880831568384    ,71.8622586524758    ,283.674849778327    ,296.552141367278    ,290.426803950592    ,0.00690246259790747 ,3.44817667720728    ,17.5398906338536    ,11.6250681214204    ,53023               ,jun                 ,1990                
20.5586561734674    ,1.11046746109221    ,220.35615925429     ,-1.39971826203414   ,5.21506250285353    ,31.3786200093557    ,37.0502528716548    ,74.7593728925961    ,283.519218772369    ,296.498752765755    ,291.615277879858    ,0.00691556162757549 ,3.62910726364786    ,18.1398754516821    ,12.1534093081223    ,53013               ,jun                 ,1990                
28.9869911114236    ,0.599065734712574   ,217.796909111237    ,-2.58900101713049   ,5.82672425695874    ,40.5536459823934    ,30.9394952851582    ,76.2488233514594    ,285.151282135258    ,299.643331111091    ,307.010350456341    ,0.00703374332954052 ,3.577331283842      ,15.6039429264017    ,11.0485554589166    ,53071               ,jun                 ,1990                
20.1033311726147    ,1.0736135698728     ,236.401838242979    ,-1.54292898093987   ,5.30123623455818    ,34.1260540398368    ,35.1272399333852    ,68.369787355409     ,283.751616039415    ,296.683502356907    ,284.650746175204    ,0.0067198522946369  ,3.6050037178825     ,16.9219713001066    ,11.0449172776981    ,53003               ,jun                 ,1990                
40.1385581033675    ,0.596491185207956   ,204.101927417718    ,-2.2904642482438    ,6.44054888079616    ,59.5815250896576    ,22.8530113194343    ,65.4487554382505    ,287.676819517658    ,303.743003453164    ,304.447750510801    ,0.00716695706025605 ,3.04150947245108    ,10.7282124179704    ,8.43479631927861    ,53017               ,jul                 ,1990                
33.3999318585001    ,1.02548081476392    ,165.466434147573    ,0.350741661096175   ,5.91594951747036    ,50.7423657302191    ,27.6606152589934    ,77.1069448448441    ,285.386242611149    ,302.806558808926    ,292.167584698742    ,0.00799052380167838 ,2.96943427739348    ,12.4105679493042    ,10.0099877435467    ,53063               ,jul                 ,1990                
47.6383192472925    ,0.559583750864895   ,202.077437479426    ,-2.9387063879127    ,6.78269870573882    ,67.1253389159541    ,21.0511388768282    ,63.0418767494336    ,288.765320616988    ,305.282230820599    ,305.219246552464    ,0.00710768115749527 ,3.11840054349052    ,9.27913206419574    ,7.89614944796296    ,53025               ,jul                 ,1990                
39.9316740621097    ,1.02618956905662    ,180.324643408005    ,-2.40829261068133   ,6.20606197006883    ,56.19029363388      ,23.6720241974239    ,76.5211790218319    ,286.007031008942    ,303.795022459189    ,295.650152775145    ,0.00754829293758793 ,3.00599261593145    ,11.4525965075266    ,9.58201316414552    ,53043               ,jul                 ,1990                
43.9017623059356    ,0.621571002304086   ,188.482017125278    ,-3.27740476807756   ,6.38041810952909    ,61.889874645804     ,22.2926405053756    ,73.2139060035168    ,286.99006625894     ,305.315513488843    ,295.721242255364    ,0.0075651257197439  ,2.87869754702759    ,10.2798214688607    ,8.93218593406131    ,53001               ,jul                 ,1990                
36.8884020701517    ,0.565274758625076   ,181.101475754617    ,-1.40758838148678   ,6.13533631915612    ,53.8424743823173    ,25.4822130618738    ,77.3408780900351    ,285.954606701961    ,303.996465164561    ,293.638776838675    ,0.00787765194232482 ,2.99153191285522    ,11.8685413082637    ,9.89123151312291    ,53075               ,jul                 ,1990                
46.6275761603817    ,0.316055778160728   ,205.209954991995    ,-3.4481205805754    ,6.54526595020708    ,65.8880068752961    ,22.6875074874083    ,67.9839731481472    ,288.778947728917    ,306.008715858175    ,299.067896444922    ,0.00769805893216458 ,2.93136969940834    ,9.46471752475568    ,8.35955798850758    ,53021               ,jul                 ,1990                
49.0523098700542    ,0.16141508841906    ,199.072979022607    ,-3.40626968987124   ,6.68619290296871    ,68.4205777036664    ,21.7953400949095    ,66.1083607181244    ,289.083671574193    ,306.073581656965    ,303.622566069144    ,0.0073948482865088  ,3.02589848637581    ,9.04964172537487    ,7.96416398727568    ,53005               ,jul                 ,1990                
39.0176831577629    ,0.491464968438594   ,199.721187890782    ,-1.63118632757886   ,6.24047221336831    ,59.656244784504     ,23.1616399129104    ,61.8126516619227    ,287.462133185559    ,303.186062017344    ,295.448254902648    ,0.00693685368011888 ,2.94079939495273    ,10.853678566018     ,8.12544671864816    ,53023               ,jul                 ,1990                
39.0632266519946    ,0.436890606002577   ,195.516889096011    ,-1.33939391239359   ,6.2185130839492     ,58.8025202300979    ,24.3064908825894    ,62.1026376995801    ,287.39544113873     ,303.137188834609    ,293.368369018885    ,0.00706409620465747 ,3.0702441848929     ,11.0721927926138    ,8.23964576966012    ,53013               ,jul                 ,1990                
42.466843051592     ,0.299124669007138   ,190.409116817104    ,-2.78149995530847   ,6.48595969426235    ,63.057412554453     ,22.4009477706397    ,66.178885628725     ,288.684063470992    ,305.998666670764    ,292.751275228385    ,0.00752237908144763 ,2.97572698344279    ,10.069320823838     ,8.22445085822145    ,53071               ,jul                 ,1990                
40.2963520467091    ,0.48308958255644    ,211.101418959875    ,-1.65655898547521   ,6.29869632353804    ,61.7321610353064    ,21.5607115551531    ,59.132877078145     ,287.269702581734    ,303.14146482981     ,298.244585716727    ,0.00655720139007637 ,2.94909161590312    ,10.474098257438     ,7.74577478680971    ,53003               ,jul                 ,1990                
36.7999600096657    ,1.07530302869274    ,215.257210660421    ,-1.63970136862024   ,5.13876297757705    ,55.1910171756723    ,27.1379949327822    ,74.7533569173412    ,286.669805357077    ,301.71855574995     ,252.972021357804    ,0.00766737370589195 ,2.86364870711561    ,10.9701355846952    ,10.6167382016699    ,53017               ,aug                 ,1990                
31.3122696413831    ,1.0096972689335     ,159.534650988988    ,1.20154291649539    ,4.80869103759068    ,45.8819621849415    ,30.5865915478743    ,85.70309546873      ,284.834602685848    ,300.913250201005    ,251.578801744276    ,0.00824177288594122 ,2.87269777832738    ,12.8890754755063    ,12.5887056436828    ,53063               ,aug                 ,1990                
39.3545202024063    ,0.967235986409396   ,212.77343824644     ,-2.03033156149058   ,5.34890425981704    ,58.1757975640904    ,26.2782418274434    ,74.0098329068158    ,287.385867084247    ,302.862969570089    ,258.405350193969    ,0.00775903433412979 ,2.91905747016674    ,10.3588570217806    ,10.4464435505404    ,53025               ,aug                 ,1990                
34.2516014697722    ,0.940390623646471   ,188.041645153867    ,-1.42115241236979   ,5.00519035275332    ,49.4934938667057    ,27.391509653597     ,82.309822825547     ,285.332158397569    ,301.691718739756    ,251.578992521307    ,0.00782794217356866 ,2.87138481507796    ,12.2834030634922    ,11.8364091531097    ,53043               ,aug                 ,1990                
34.2354872360144    ,0.944573995484498   ,207.845573870892    ,-2.37047400663553   ,5.0803169930022     ,52.9534443123568    ,27.1117865544986    ,79.4832983728323    ,286.156649585924    ,302.809306721467    ,253.979885979626    ,0.00793063833730503 ,2.73315162881376    ,11.3152083580172    ,11.4546415288387    ,53001               ,aug                 ,1990                
33.4131141866729    ,0.77581647908665    ,202.369831767534    ,-1.28712017486005   ,5.01238217240719    ,50.5588665293019    ,28.5822235723781    ,81.3434808992389    ,285.481954099015    ,302.052842541573    ,249.47061554013     ,0.00796986619067119 ,2.9099789803847     ,11.8285959672837    ,11.8076450790897    ,53075               ,aug                 ,1990                
37.0414168335689    ,0.733725924394267   ,211.081658206018    ,-2.8529946344021    ,5.21170325968461    ,57.2776439740108    ,28.7271623370074    ,75.1109331736789    ,288.152482014318    ,303.304545680347    ,258.658779594857    ,0.00829507723825038 ,2.82191638702494    ,10.2903770393532    ,10.878698086147     ,53021               ,aug                 ,1990                
41.1198223056263    ,0.774733278228425   ,210.452785639248    ,-2.99903078603556   ,5.31931936674888    ,60.85842464889      ,27.9889443863619    ,73.1963261791622    ,288.414763412578    ,303.380769626583    ,258.594341639959    ,0.00810271759943599 ,2.95968638987094    ,9.63407229353258    ,10.4238815793192    ,53005               ,aug                 ,1990                
36.3817512678257    ,0.772754250992589   ,220.65939250387     ,-1.66436146270661   ,5.09574187581751    ,58.0730305835829    ,27.3701377255098    ,69.9970933202989    ,286.740757573227    ,300.888092756415    ,253.056064038591    ,0.0072614315655019  ,2.880282975896      ,10.1733302344924    ,10.1325664733794    ,53023               ,aug                 ,1990                
37.071680398478     ,0.753816076180476   ,215.328172959985    ,-1.28577452471535   ,5.06173586815198    ,57.5107375284925    ,28.8373742610936    ,71.1708052162785    ,286.533460779743    ,300.752493790206    ,256.429043300006    ,0.00747553463664275 ,2.97436266273809    ,10.3189827532125    ,10.4260680460886    ,53013               ,aug                 ,1990                
41.4155735746153    ,0.607736398072934   ,211.131017140139    ,-2.64480137356575   ,5.24321619775894    ,60.1534164457724    ,28.2021619306285    ,73.057405191427     ,288.051824690256    ,303.25894133425     ,255.654603637487    ,0.0080594900374367  ,2.9020768753303     ,9.94938849277331    ,10.4279400565135    ,53071               ,aug                 ,1990                
36.5448692271962    ,0.725245598136102   ,218.923404509989    ,-1.6772877224823    ,5.22411900490684    ,59.7642932134655    ,24.9489914596797    ,68.7163782377986    ,286.637292231844    ,301.188494156635    ,253.384837404543    ,0.00686810302151416 ,2.93405350082084    ,9.8062035430592     ,9.712442403236      ,53003               ,aug                 ,1990                
41.8865024237056    ,0.00626191186106965 ,246.64402486486     ,-0.229115200787113  ,4.00439889861567    ,54.571843683152     ,24.1504673989528    ,76.2113108562116    ,283.290842121738    ,300.338911132264    ,203.515986106852    ,0.00628326222247604 ,2.73567111852034    ,11.8811517260895    ,10.8087200186859    ,53017               ,sep                 ,1990                
34.9110133322145    ,0.00657902437865191 ,194.745725651231    ,1.56213205310553    ,3.82431747896451    ,45.7193721983812    ,25.6551165649352    ,85.8012838736614    ,281.386467896745    ,300.548157146419    ,199.548318135147    ,0.0065756816843953  ,2.57428853887434    ,13.7056151757245    ,12.8082104499338    ,53063               ,sep                 ,1990                
42.6322550708531    ,0.0018968760077362  ,230.794711034097    ,-0.168169442834395  ,4.20573169131747    ,55.8327654649687    ,22.6762220797925    ,76.360979313708     ,283.92975543741     ,301.911724240746    ,206.915837299177    ,0.00628555391460122 ,2.67369049837646    ,11.6591110412846    ,10.689710467854     ,53025               ,sep                 ,1990                
36.379539618219     ,0.00922838658355206 ,210.077466730352    ,-0.260967381580828  ,3.88930988818194    ,47.911341984308     ,23.6803527860862    ,84.6844248814913    ,281.702793157148    ,300.740163699008    ,198.740652354748    ,0.00630687612067025 ,2.5879613146909     ,13.2549741077347    ,12.405406813557     ,53043               ,sep                 ,1990                
35.6459560006572    ,0.00454377835436787 ,208.926948221257    ,-1.30195158401214   ,3.91247361383784    ,48.5343946834007    ,23.4433808064392    ,84.0806116594171    ,282.678156871486    ,301.932530110386    ,202.274322812537    ,0.00648090435385903 ,2.35392997285926    ,13.093238948751     ,12.2515229886901    ,53001               ,sep                 ,1990                
36.8551054882996    ,0.00926792939503988 ,210.100233489237    ,-1.02550705130924   ,4.02265369847242    ,48.5953448049508    ,23.3608550246744    ,84.3852449062572    ,282.113427611108    ,301.720391384948    ,201.793065528122    ,0.006473677963968   ,2.58568984728701    ,13.1320791404201    ,12.3572674196281    ,53075               ,sep                 ,1990                
38.9885564462548    ,0.000466103274852802,234.63290118494     ,-1.9438849686048    ,4.05882480905606    ,51.6850941565098    ,25.1677049463223    ,80.837708047231     ,284.719491874499    ,302.4365820156      ,206.62226348877     ,0.00693847545046503 ,2.46617910311008    ,12.4306229121868    ,11.7379695041363    ,53021               ,sep                 ,1990                
41.5667250282752    ,0.00442670124639891 ,226.755668741246    ,-2.03592576095338   ,4.16083961782841    ,54.331196758827     ,25.3458491306568    ,78.4969338063423    ,285.084135113477    ,302.206837705654    ,211.399653354622    ,0.00685843889348033 ,2.60053764254854    ,11.837302868418     ,11.3154673850043    ,53005               ,sep                 ,1990                
42.7228053091119    ,0.0569781293039737  ,233.98259989655     ,-1.50222874934135   ,4.10067697948551    ,58.978850281362     ,23.1608374909585    ,69.9664870141703    ,284.224677271873    ,300.327557035016    ,205.873764075996    ,0.00616465437090541 ,2.69214608265746    ,10.9189352575543    ,9.64949782491964    ,53023               ,sep                 ,1990                
39.8918715259145    ,0.0869056154790141  ,216.396538301766    ,-1.14729925714446   ,3.99301895485707    ,56.0745519125441    ,24.3829199371538    ,72.5874254216698    ,284.000637734831    ,300.102536657843    ,205.786543063552    ,0.00633244084277195 ,2.67643863178048    ,11.3926239050288    ,10.2368987956804    ,53013               ,sep                 ,1990                
40.0505959656486    ,0.0438823482814197  ,220.534874149922    ,-2.30386654842837   ,4.14568069259003    ,54.0227504722471    ,24.9006196246884    ,78.0276971558568    ,284.788810494276    ,302.298370911306    ,203.226776808452    ,0.00683043687288879 ,2.6386684386307     ,11.8103351799776    ,11.2014658397452    ,53071               ,sep                 ,1990                
46.5430408633424    ,0.0557651219431791  ,257.129434354186    ,-1.59074560230158   ,4.37509125882982    ,63.8927413429947    ,20.8238003262058    ,64.3647676676729    ,284.67105901862     ,300.820884893932    ,207.439138654723    ,0.00582009023570947 ,2.89917530945328    ,10.0497636938907    ,8.56311729685233    ,53003               ,sep                 ,1990                
27.8132828639329    ,0.752542841940815   ,230.101140933662    ,-0.315495566939408  ,1.71171167652101    ,35.6116349878503    ,38.5202732420353    ,91.8010469550579    ,274.186700990579    ,285.642078482911    ,112.219413232932    ,0.00435013653660562 ,3.9427112302628     ,14.2431765078628    ,16.4924281659453    ,53017               ,oct                 ,1990                
14.2561155280155    ,2.3163554830719     ,226.11258172152     ,1.25609089314877    ,1.51419370922344    ,24.128627173257     ,42.5572340533551    ,94.5038298513272    ,274.08044584102     ,285.046988599358    ,110.212401287873    ,0.00470708496099281 ,4.09570613210371    ,17.2816370546917    ,18.5089522766733    ,53063               ,oct                 ,1990                
29.3925871598116    ,0.788589915939186   ,228.502221485589    ,-0.189407172942583  ,1.93520440270019    ,39.3719121298363    ,35.1084985209431    ,89.1127960349954    ,275.381142445919    ,287.488173114794    ,117.74516908376     ,0.00442352417427702 ,3.81857663103029    ,13.41020357774      ,15.4571311526572    ,53025               ,oct                 ,1990                
21.3097593953761    ,1.57650538868052    ,228.329300317949    ,-0.146351041306364  ,1.68670295466038    ,29.4732437048987    ,38.3458143494606    ,92.9547567826439    ,273.749200847795    ,285.731577539675    ,113.530975338566    ,0.00442285068525738 ,4.02258568582271    ,16.0318042056299    ,17.481904915532     ,53043               ,oct                 ,1990                
20.1951038696453    ,1.44057047506342    ,220.836555621289    ,-1.16698411923994   ,1.75337474932511    ,31.6715013003523    ,36.8655796939558    ,91.2284453030886    ,274.884986000897    ,287.27118755989     ,117.776330389898    ,0.00458192138235638 ,3.47473774263495    ,15.346189909363     ,16.7713139720254    ,53001               ,oct                 ,1990                
14.303924065383     ,2.00792135764797    ,225.079757692746    ,-1.07796713965196   ,1.82469185076131    ,27.6048621420164    ,38.3723836166266    ,90.7171166591174    ,275.456283907519    ,286.901079803409    ,110.860767186724    ,0.00471708424643841 ,4.06575045845766    ,16.2458342976362    ,17.2704643716396    ,53075               ,oct                 ,1990                
24.2505866637928    ,1.0805484722588     ,215.32082894375     ,-1.96770867430247   ,1.93684569544369    ,36.923451093882     ,36.6901702977883    ,87.9329634384837    ,276.998679342341    ,288.710889107299    ,119.629020960219    ,0.00486366366054724 ,3.53831495303226    ,14.0251872371503    ,15.5532645482283    ,53021               ,oct                 ,1990                
29.6390684731702    ,0.818286281367037   ,218.013140326535    ,-2.12930118696694   ,1.97178913079206    ,40.499812582336     ,35.7604779996907    ,88.1594894836595    ,277.071734050322    ,289.006040291696    ,121.104890883617    ,0.00485178195404729 ,3.45938057913355    ,13.3414670955045    ,15.1442566181007    ,53005               ,oct                 ,1990                
17.173194375693     ,2.30355478053496    ,233.318032009619    ,-1.53821080293715   ,1.96770852383811    ,32.0594304753458    ,38.1143682694249    ,86.183223881432     ,276.38679472599     ,286.374198266964    ,113.39744225649     ,0.00456741503471566 ,4.2752464140639     ,14.7906664685146    ,16.2002303932311    ,53023               ,oct                 ,1990                
13.7094228499755    ,3.11742877825312    ,228.065075019227    ,-1.1655562127864    ,1.8680961093142     ,27.6309795755903    ,40.295100034763     ,88.0940775530621    ,276.207544057157    ,286.193364745599    ,117.323400183357    ,0.00471184699267405 ,4.45474703927798    ,16.1806635151157    ,17.2466754483283    ,53013               ,oct                 ,1990                
18.1038970647465    ,1.88149654264998    ,224.643863560926    ,-2.32604874082939   ,2.06417447181236    ,33.2208987477543    ,37.1287208912787    ,87.1338888523993    ,277.372820618332    ,288.732533344596    ,115.607368537769    ,0.00491629912976054 ,4.20151207028428    ,14.7293126885109    ,16.0012710706599    ,53071               ,oct                 ,1990                
23.4133206398145    ,1.57723444339554    ,245.293089384973    ,-1.77317387637866   ,2.21145541600713    ,39.0542078289897    ,35.7075688995584    ,81.9495701526007    ,276.59602705181     ,286.363338261176    ,114.250980188573    ,0.00428022140661052 ,4.8266231903391     ,12.9405583238388    ,14.5537262376067    ,53003               ,oct                 ,1990                
20.3101967905101    ,0.588545313556507   ,213.089431952248    ,-0.487142515311023  ,1.0179989616123     ,22.3470691351556    ,46.1485205635763    ,92.6476188224388    ,272.109790339303    ,281.178923598133    ,55.996512131721     ,0.00383475990139654 ,4.38328848684145    ,18.5490776905152    ,18.7555547760932    ,53017               ,nov                 ,1990                
8.5070119601479     ,1.79748749016749    ,218.219537110797    ,1.48105729167494    ,0.798040718682631   ,11.1889355915499    ,55.0536394559866    ,94.4053526552736    ,272.772539593698    ,280.128422495369    ,60.0222441407564    ,0.00417804939015613 ,4.88531701813594    ,22.18224463458      ,20.7795643873128    ,53063               ,nov                 ,1990                
25.8131924888953    ,0.168530364216536   ,210.944212285897    ,-0.144897854687745  ,1.28681714516417    ,25.3222491731301    ,43.1404755963704    ,92.3394519843102    ,273.466586837443    ,283.426164709599    ,60.1990121470654    ,0.00402380970641114 ,4.7716044224558     ,17.9370064713038    ,18.1502427090674    ,53025               ,nov                 ,1990                
16.7544115863075    ,0.519113269341589   ,216.459740686222    ,0.813587858526121   ,0.948339371583532   ,17.4133355133478    ,49.0238238242854    ,94.6173338195874    ,272.468755545119    ,281.134373841934    ,59.2552109822263    ,0.00407401967859273 ,4.85157011165065    ,20.2983469873548    ,19.6706649207462    ,53043               ,nov                 ,1990                
18.3435750988203    ,0.424680328127192   ,207.616438805186    ,-0.0466280889829911 ,1.11475694354449    ,20.016000057838     ,46.3592482449332    ,92.843520308224     ,273.736575923654    ,282.841460091519    ,62.9600608204475    ,0.00417434342831298 ,4.50149065359729    ,19.6265782821714    ,18.8014864150524    ,53001               ,nov                 ,1990                
10.9418513494902    ,1.64169861014567    ,218.930500719112    ,-0.633998771062687  ,1.14387020735413    ,15.888446880191     ,48.8025201039782    ,89.4628035608927    ,274.372707737343    ,282.091994346469    ,63.1027768139559    ,0.00418046893661513 ,4.92061219114883    ,20.6385511667588    ,18.849965087741     ,53075               ,nov                 ,1990                
23.407753599594     ,0.363748920987814   ,209.007530660385    ,-1.7071550182043    ,1.36894942424618    ,24.2970476242212    ,44.9175276998373    ,89.6681609178201    ,275.549473571777    ,284.618944686498    ,63.225123823606     ,0.00441710615497775 ,4.69194103442706    ,18.3868468140333    ,17.6242860533641    ,53021               ,nov                 ,1990                
27.2644248922098    ,0.292472662920724   ,211.273078476636    ,-2.06566352622043   ,1.41951372926463    ,26.8662818334982    ,43.1859093938824    ,89.5365611898358    ,275.523306512174    ,285.053703663241    ,67.5634655657134    ,0.0043703229032816  ,4.54382746216108    ,17.7576308468625    ,17.4270415592946    ,53005               ,nov                 ,1990                
10.1640742087188    ,2.53773746974535    ,228.628160562772    ,-1.13064121336177   ,1.2869361059798     ,16.7532312220762    ,48.4556042718591    ,85.6639708509109    ,274.590909050414    ,282.123658212223    ,64.9375414145412    ,0.00408873443318701 ,5.08733117996289    ,20.4336243990786    ,18.3668972979915    ,53023               ,nov                 ,1990                
10.4372144165637    ,3.24271074703279    ,225.392145489065    ,-0.722954566878174  ,1.33212360406187    ,14.2754902610083    ,48.900737906917     ,87.9315484910735    ,274.385100628651    ,282.151592540907    ,68.3307640466807    ,0.00412695936065892 ,5.88492031965996    ,21.9321128487379    ,19.2131784514815    ,53013               ,nov                 ,1990                
16.655970864345     ,1.40423285227804    ,220.526262627578    ,-1.91619438207569   ,1.51553479519882    ,19.763562068187     ,45.0024272308763    ,88.1425834691944    ,275.893442417548    ,284.685995710833    ,62.8951548581524    ,0.00443123469257293 ,5.58919080179235    ,19.7306201784914    ,17.988689318582     ,53071               ,nov                 ,1990                
13.5782360094062    ,1.69869939776958    ,240.910036318146    ,-1.37558765161937   ,1.47763810783371    ,22.4612130213874    ,47.5121648424153    ,80.8736225137455    ,274.810971822994    ,281.928834013927    ,65.9886572164921    ,0.00391305600247094 ,5.78885360589283    ,18.0505912325968    ,16.6684447990427    ,53003               ,nov                 ,1990                
16.4728290768732    ,0.511984017132535   ,159.617497660191    ,-1.32312679284747   ,0.499311542736215   ,23.2259498711652    ,53.3908242043138    ,80.5201204155976    ,262.227546111293    ,270.022190599879    ,45.3454345875352    ,0.001883016600434   ,3.23716078437831    ,18.4256886025109    ,16.3708252435532    ,53017               ,dec                 ,1990                
12.7870550395964    ,1.53783455971164    ,173.783513551691    ,0.947563339987243   ,0.557554413761525   ,15.4485098320436    ,54.4057194204437    ,80.7324016795211    ,262.846411052422    ,270.525299834432    ,38.2007370909176    ,0.00205013979738661 ,3.75609983656906    ,21.7856395300157    ,17.3543187322104    ,53063               ,dec                 ,1990                
20.5431993634765    ,0.43075839477585    ,160.391201865622    ,-1.77538509113915   ,0.605066026158847   ,26.4827698067439    ,48.7285498843986    ,82.3268205095253    ,262.97635290598     ,271.691392432474    ,46.5064316207356    ,0.00194885240321518 ,3.34411977161673    ,17.4254170185033    ,16.2282474748831    ,53025               ,dec                 ,1990                
16.6602821872039    ,0.851561938450274   ,164.619836304196    ,-0.675874764193072  ,0.587476010695574   ,21.3819264408512    ,50.5604887039015    ,80.7317834342768    ,262.354964490115    ,270.676857949972    ,42.0244378268956    ,0.00193599316568148 ,3.5503014756131     ,19.3084613857709    ,16.525831000693     ,53043               ,dec                 ,1990                
17.2785580919479    ,0.757640525853793   ,158.627114588869    ,-1.0921333348085    ,0.592365228498725   ,22.9971901225042    ,49.0065345523692    ,82.7280224236285    ,263.208414929963    ,271.868366640049    ,43.0074643063113    ,0.00202811523540505 ,3.02678376360518    ,18.716452635735     ,16.6380821963094    ,53001               ,dec                 ,1990                
13.4275265563451    ,1.28082031791467    ,178.798520407545    ,-1.09672222405672   ,0.721706837619417   ,19.6703468132206    ,48.2782388776891    ,78.9448817834293    ,264.13164591232     ,272.335280349432    ,41.686299208398     ,0.0020882313841527  ,3.60803406723808    ,20.1204226357703    ,16.3518634542203    ,53075               ,dec                 ,1990                
20.649578307166     ,0.657509544938803   ,169.925060651208    ,-2.43619524561442   ,0.683869173718521   ,25.6079052683023    ,48.8382755149939    ,83.6291556040446    ,264.653065177722    ,273.213318810096    ,42.9988241677407    ,0.00217463360999365 ,3.14004636097413    ,17.9204885210135    ,16.6175174834178    ,53021               ,dec                 ,1990                
22.5247552063064    ,0.508698103995718   ,170.001317621443    ,-2.81486077483236   ,0.693995924862708   ,26.6318398146469    ,47.564927071039     ,85.4193244194843    ,264.63418264295     ,273.394594452085    ,45.5099287556003    ,0.00217927945864741 ,3.1227492434768     ,17.6795904335421    ,16.9131708218031    ,53005               ,dec                 ,1990                
13.796530255858     ,1.5271831747291     ,203.974293504623    ,-1.35835866315394   ,0.848778887569141   ,21.0265378898298    ,43.4084928516522    ,76.4887856489383    ,264.413082138599    ,272.874995520298    ,44.6424785112495    ,0.00201333108006851 ,3.81478350078591    ,19.9412747704958    ,15.9104773121591    ,53023               ,dec                 ,1990                
11.9068070644378    ,1.975494584501      ,200.857478578335    ,-0.945300343431805  ,0.81277105862317    ,16.9672774142184    ,44.9920477697362    ,80.7616027039799    ,264.016455446946    ,272.624656008842    ,47.5582468474723    ,0.00207232682329577 ,4.17130670867873    ,21.5600017858841    ,17.2861389624511    ,53013               ,dec                 ,1990                
16.9040094749711    ,1.16494374420585    ,200.16779482833     ,-2.36336282925393   ,0.812791704715843   ,21.6652162768291    ,46.2442504040271    ,84.2531108995763    ,264.764106835259    ,273.731372533452    ,43.1747893952419    ,0.00221466007844755 ,3.99895168689854    ,19.3961376165633    ,17.2013296257836    ,53071               ,dec                 ,1990                
19.3260249342601    ,1.06653858547228    ,222.126704591521    ,-1.69936264023511   ,1.01494824994478    ,29.3288871109699    ,40.0466745183996    ,70.7070223211952    ,264.815992174357    ,273.063804299756    ,46.9559103299812    ,0.00187661216057593 ,4.47373286986728    ,16.9450415904795    ,13.9945688905507    ,53003               ,dec                 ,1990                
