bi,pr,th,pdsi,pet,erc,rmin,rmax,tmmn,tmmx,srad,sph,vs,fm1000,fm100,countyfips,month,year
5.43654273893506   ,2.75049542425927   ,147.21718833317    ,0.29253405054089   ,0.353928006125301  ,5.42240717427256   ,69.9954624492783   ,94.8069306710172   ,268.547230818616   ,274.610308434298   ,58.8426648262594   ,0.00315084523795695,2.4016066776878    ,25.3202924017761   ,22.5153319430801   ,53017              ,jan                ,1995               
6.04548569722713   ,2.96059983939663   ,121.775395628447   ,-1.48919282036833  ,0.466223239518811  ,5.19478639230035   ,67.6685796244517   ,94.1035385030849   ,270.001193037126   ,276.572121846184   ,50.3335263046263   ,0.00356193904264361,2.89639994845705   ,26.41778161907     ,22.1648138035792   ,53063              ,jan                ,1995               
6.68525733498619   ,1.91778579745372   ,108.933418735516   ,0.00686268003329426,0.451700742840732  ,7.69189294135309   ,64.2995672156776   ,95.6351365979539   ,270.025569947491   ,276.637210451587   ,53.2319298565525   ,0.00338143773869378,2.40094812144161   ,23.8377420568604   ,21.7757109774588   ,53025              ,jan                ,1995               
6.4217507265412    ,2.33029381107609   ,116.037069726444   ,-1.13703019285164  ,0.442192569118062  ,6.22399541433382   ,65.4435835977892   ,95.4477873066573   ,269.684854692909   ,276.294574662071   ,51.2686227338402   ,0.00344213124442267,2.69219279415669   ,25.1272573696474   ,22.0566670358828   ,53043              ,jan                ,1995               
6.06633652982562   ,1.92562060176302   ,122.078476991132   ,-0.580159876299906 ,0.456425429469284  ,6.65751055664887   ,64.2462560419389   ,96.9486311670923   ,270.539796789204   ,277.630446170546   ,49.876561870746    ,0.00359963526966094,2.12749649816371   ,24.3788624195022   ,22.0670015634081   ,53001              ,jan                ,1995               
6.17866964624498   ,2.4871591356915    ,137.292064673552   ,-1.49145607546264  ,0.571585414915202  ,6.72288110635245   ,63.4400032296805   ,94.6684783854475   ,271.008537440146   ,278.314783936705   ,50.1150558001176   ,0.00369746394307429,2.77264066531491   ,24.8711888737832   ,21.4638507160788   ,53075              ,jan                ,1995               
5.04794117642293   ,1.70857430832099   ,175.803267047672   ,-0.0626494091290694,0.452775026492719  ,6.12273138091989   ,67.4174680785565   ,97.9579334987896   ,271.543221091751   ,278.246652539729   ,48.7655076611427   ,0.00380500685510274,2.0662581679543    ,24.1265127792548   ,22.5297290690779   ,53021              ,jan                ,1995               
4.9776388404611    ,1.99120315777527   ,162.763903744784   ,-0.294483994267866 ,0.442534010009038  ,6.01556318832911   ,68.2496496318155   ,97.5101023086225   ,271.230376026425   ,277.669631604134   ,51.2363718511221   ,0.00369963791381326,1.95961984766761   ,24.2288120174754   ,22.7424545506526   ,53005              ,jan                ,1995               
6.12558632486841   ,2.56452376173152   ,160.464104577693   ,-0.757576883764741 ,0.680965444757904  ,8.05464282777426   ,58.5616895283565   ,93.3897543754111   ,271.031903648491   ,278.859594893489   ,52.2646897611578   ,0.00366087223475137,2.931553151822     ,24.1897887039032   ,20.8221653017485   ,53023              ,jan                ,1995               
4.62747111292881   ,3.16691050626816   ,150.615976171424   ,0.0198985493724051 ,0.584405546576625  ,5.78283645719209   ,60.5189567692194   ,94.6805588204078   ,271.204711517195   ,278.524473510186   ,55.0799784609603   ,0.00375231248664186,2.86280920865004   ,25.6238178025426   ,21.635505767111    ,53013              ,jan                ,1995               
4.38530240931059   ,2.24228399909438   ,157.09708973497    ,-0.548747644757191 ,0.510294062777896  ,5.10683205727904   ,67.9510444302963   ,97.605654202513    ,272.002225778311   ,278.519684814325   ,49.8236514908605   ,0.00394015658740919,2.67173992713668   ,24.8958552710941   ,22.6862159116731   ,53071              ,jan                ,1995               
8.81684436158155   ,1.6585900280686    ,186.061412513972   ,-1.82947252991716  ,0.817506996384502  ,14.643022102269    ,56.3327429481526   ,89.6357659905103   ,271.331044275451   ,278.671772079522   ,55.2727374192937   ,0.00349312068020692,3.55580707009832   ,21.0267396511009   ,19.0302599153997   ,53003              ,jan                ,1995               
16.1118551546104   ,0.558196372585425  ,167.225311253497   ,2.17915271464919   ,1.12205126691534   ,15.8156316408278   ,47.5588623585956   ,84.70786774668     ,269.671245300269   ,279.513280209735   ,105.549502833054   ,0.00310617889478226,3.41907823279724   ,23.0675214168701   ,17.5264116877265   ,53017              ,feb                ,1995               
12.2928912644104   ,1.64671183591935   ,157.022226300527   ,-0.228433534669055 ,1.15893510615844   ,12.0771517350582   ,49.8213036680449   ,85.5796196706079   ,270.520433907089   ,280.08639991154    ,92.1543856609194   ,0.00347479471340566,3.84782694353262   ,24.1698348280973   ,18.5149433587977   ,53063              ,feb                ,1995               
17.6206629482654   ,0.524866321793397  ,139.101778136319   ,1.94380403825381   ,1.28315629555775   ,18.0146640964061   ,44.6282986123246   ,84.7536371749884   ,271.695783737155   ,281.88487274138    ,99.5816817254988   ,0.00348410988598407,3.58515659112218   ,22.0359860413627   ,17.2690939170382   ,53025              ,feb                ,1995               
15.1952116504717   ,0.860614465091309  ,158.523227537741   ,1.37415526523985   ,1.18657737536984   ,15.258376131798    ,47.2372792754773   ,84.4503444609201   ,270.788682632628   ,280.497520967022   ,94.0789945074368   ,0.00342609483583042,3.66602598971021   ,23.0705179464195   ,17.7822217610441   ,53043              ,feb                ,1995               
14.1452986366883   ,0.779150010222978  ,146.701732289038   ,2.00334699208552   ,1.17586575717655   ,15.5542885928209   ,47.1603383432389   ,85.8461297476726   ,272.037161442573   ,281.955008798381   ,92.8699291381883   ,0.00369849839736607,3.11043071161576   ,22.8124297322965   ,17.8313233807494   ,53001              ,feb                ,1995               
10.4910800373176   ,1.37328774802118   ,175.125410760882   ,-0.181873240026773 ,1.17148283579269   ,12.4287949992643   ,50.0035850538526   ,87.0409827786934   ,271.903544974447   ,281.531460564878   ,93.0831600532211   ,0.0037806079489719 ,3.32605669344924   ,23.6618908052685   ,18.5086508305734   ,53075              ,feb                ,1995               
14.2625988360703   ,0.591489405464253  ,163.965258738478   ,1.69167166604446   ,1.2419162103108    ,16.191264384592    ,47.8657790970016   ,86.9484990968809   ,273.262155843043   ,283.419506408356   ,95.408343059414    ,0.00396715337911091,3.01397731429437   ,22.5091188223807   ,17.7585679985665   ,53021              ,feb                ,1995               
15.1245246455944   ,0.358995271322385  ,147.25049818461    ,1.62402465460084   ,1.24098139369761   ,15.9892062633247   ,46.9108957487551   ,89.3071481909474   ,272.820248124162   ,283.485284665028   ,97.4169340621387   ,0.00393113253992364,2.91960926690247   ,22.7440630693307   ,18.1170202328407   ,53005              ,feb                ,1995               
10.1818035913005   ,1.73537463977644   ,197.273130296118   ,0.293106266183636  ,1.17312527951696   ,11.7147463870967   ,50.2879249142035   ,88.4362642606382   ,271.570019056021   ,281.120734085313   ,95.9230956100423   ,0.00373883420893972,3.24524957849954   ,23.9974329355235   ,19.0518619708499   ,53023              ,feb                ,1995               
9.63064126107958   ,2.318797130701     ,185.786863290203   ,1.1498885385133    ,1.16041656830136   ,9.78296090229202   ,52.1497972904967   ,88.6950052467494   ,271.790795319813   ,281.183312943201   ,100.391556384943   ,0.00384001577118763,3.41838824585715   ,25.3515256597823   ,19.5343525129731   ,53013              ,feb                ,1995               
11.3580852695378   ,1.13230929495992   ,172.651612043761   ,1.43924311611064   ,1.25130473162533   ,12.6171493087595   ,50.9269409952263   ,88.0011071178556   ,273.466031937372   ,283.397375884372   ,92.8564786454111   ,0.00412530808012692,3.30988650126047   ,23.9096382115638   ,18.5779569057637   ,53071              ,feb                ,1995               
13.8822961002223   ,1.08690739537679   ,208.299837501916   ,-1.33143679453219  ,1.31391458956057   ,17.973123716413    ,48.306649945451    ,85.3728753617956   ,271.82306641707    ,280.991149269876   ,99.0872976141006   ,0.00357709890742552,3.78652832252328   ,21.0993210128251   ,17.58940336391     ,53003              ,feb                ,1995               
14.0082776398288   ,1.84337202414163   ,177.354778040498   ,2.44962004413502   ,2.02904379021633   ,21.7735511776471   ,39.3769354582683   ,85.0811202713701   ,272.717574764113   ,283.643720238927   ,164.907859128596   ,0.00355062350845675,3.23963497485941   ,19.8850326404583   ,16.1154989300267   ,53017              ,mar                ,1995               
10.0527141090567   ,2.75259049679158   ,179.993778806607   ,2.33766783793526   ,1.82049401434792   ,15.2301563782526   ,41.9182041213844   ,87.9268540274759   ,272.53257000569    ,283.46016413867    ,143.599930461499   ,0.00385541508258325,3.34435660042638   ,22.3994870481801   ,17.42452623461     ,53063              ,mar                ,1995               
18.1724440442061   ,1.19466579535829   ,169.861373350893   ,2.15634583489768   ,2.20933007812236   ,26.4720806918308   ,35.0165328088076   ,85.5754690806371   ,273.844071536889   ,285.916834354372   ,162.33141086925    ,0.00376629209578735,3.28571602365575   ,18.4859859565593   ,15.2916596135336   ,53025              ,mar                ,1995               
13.971526273486    ,2.14245155021728   ,168.681797051011   ,2.36083908515405   ,1.94157617259534   ,19.8811277776202   ,39.5971739667146   ,88.3717789291298   ,272.748648387766   ,284.08846625339    ,155.675142228443   ,0.00382082615716232,3.33038485501745   ,20.6786295869296   ,16.8577785099137   ,53043              ,mar                ,1995               
14.9429383979295   ,1.48986263067622   ,163.751330412209   ,2.39156665672204   ,2.09189338313144   ,23.0119892597331   ,35.8389425075851   ,87.0107136246942   ,273.747326075981   ,285.744900121741   ,158.67288289298    ,0.00386614641559676,3.00230456117793   ,19.6723164928545   ,15.8919429033761   ,53001              ,mar                ,1995               
10.8266549201624   ,2.02891867321698   ,177.509480688128   ,1.86644204558111   ,2.03118421700241   ,17.6276820040021   ,40.2069206700334   ,87.2761172886365   ,273.811225584779   ,284.808887098627   ,148.961846834505   ,0.003993545772324  ,3.5046961469216    ,21.3355553878553   ,16.704357929085    ,53075              ,mar                ,1995               
16.1024441997588   ,1.11140728917287   ,165.495335265454   ,2.01590825112966   ,2.25670002809825   ,25.2652481670711   ,34.0438613728317   ,87.1930686538923   ,274.873031267871   ,287.247874439325   ,160.135027711267   ,0.00400594439358675,3.00273948660116   ,18.8215397302329   ,15.4087728624604   ,53021              ,mar                ,1995               
18.3204861289051   ,0.944248768967401  ,161.29204119385    ,1.73309657447861   ,2.28933774475538   ,26.7027486746355   ,33.4040250836449   ,86.6901954216547   ,274.810501386974   ,287.291641127588   ,163.565181911845   ,0.00395544039691338,2.97643151572698   ,18.5707428156363   ,15.1847802352578   ,53005              ,mar                ,1995               
9.7949104701429    ,2.42605110058782   ,186.965318612526   ,1.6264133083154    ,2.02023554551675   ,15.2421215765858   ,42.2349658084045   ,87.9063649896963   ,273.389786277164   ,283.821958547602   ,149.043656003903   ,0.00390318000905232,3.70474377494851   ,22.3951373869373   ,17.3738115112329   ,53023              ,mar                ,1995               
8.84708728526905   ,3.00086473876119   ,175.690699952657   ,2.25896360898101   ,2.03846741322629   ,13.4204079186147   ,42.7977998107294   ,87.7482723045381   ,273.532745005693   ,283.955350605585   ,154.832860717619   ,0.00393941772501149,3.76883634004797   ,23.6397138259596   ,17.7984189473381   ,53013              ,mar                ,1995               
11.0009058231295   ,1.97341158516391   ,171.167213869679   ,2.09931185728489   ,2.28132374695271   ,19.2261447220888   ,37.0521494620058   ,86.8927045507504   ,275.205554500953   ,287.056923891033   ,150.679296025822   ,0.00415827981587753,3.53994378419395   ,20.834085164344    ,16.2965720809728   ,53071              ,mar                ,1995               
10.1885241050377   ,2.13108381788732   ,197.260460581756   ,-0.635124180511257 ,2.11939767447252   ,18.2106916545891   ,40.8647177612919   ,87.2283475551152   ,273.325170403344   ,283.609801775432   ,149.335064161573   ,0.00375016653003901,4.08428484209852   ,20.6254845096668   ,16.8845890002276   ,53003              ,mar                ,1995               
25.7597341303588   ,0.7374918285054    ,187.123428452755   ,3.15019984504497   ,3.17268620000053   ,37.2155553617246   ,32.5680864466061   ,78.200815847899    ,275.322544254875   ,287.816565537774   ,216.450045834633   ,0.00387356455425497,3.3996666513042    ,15.5684868783857   ,11.9575812130497   ,53017              ,apr                ,1995               
16.455585518352    ,1.15634286722538   ,171.823218365547   ,2.7670809534183    ,2.81430584322718   ,26.0654332551067   ,38.6518058291805   ,86.1966222475123   ,274.270507255948   ,286.824712371053   ,197.749785769384   ,0.00420529497166946,3.64014875239031   ,18.3681486014779   ,14.3379622779236   ,53063              ,apr                ,1995               
23.0527345265218   ,0.917758909581154  ,182.367215220614   ,2.55788409920599   ,3.22782521563503   ,36.6497738847494   ,30.8944131486812   ,82.8487086283877   ,275.945618136055   ,289.336971542851   ,215.508497498284   ,0.00416520841671965,3.26591567675708   ,15.1748454809334   ,12.7118227629165   ,53025              ,apr                ,1995               
20.2240077816812   ,0.762456762885533  ,175.886819978432   ,2.93774295460163   ,2.95337550589843   ,30.6403278236268   ,34.3486433804557   ,87.5202521950078   ,274.177732903747   ,287.683878767671   ,207.429354673885   ,0.00411346741698611,3.43601177535364   ,17.0656744343189   ,13.8188084760164   ,53043              ,apr                ,1995               
16.3196715353925   ,0.919447099652413  ,188.822498754711   ,2.82337053855943   ,3.01841824924024   ,31.1881978999578   ,32.6252292342491   ,87.6760827994506   ,274.990123337069   ,288.833489375219   ,214.947754544219   ,0.00424190413828587,2.95726885723863   ,16.3375131839326   ,13.8237834505957   ,53001              ,apr                ,1995               
15.6943416951217   ,1.26958833789262   ,198.02128292597    ,2.62906424587848   ,2.85158743924253   ,27.1441394511952   ,38.9231909301608   ,85.998504509421    ,275.100030833525   ,287.550472081801   ,204.94224495712    ,0.00440803230232468,3.31832834640671   ,17.7630869047501   ,14.4038166006874   ,53075              ,apr                ,1995               
15.4571927719027   ,1.12703593556698   ,202.386707362834   ,2.30135238522138   ,3.16990626847133   ,31.8775633651782   ,32.6462308331025   ,86.4644336094      ,276.737565765381   ,289.924427368947   ,219.63273745708    ,0.00451106247032443,2.9754122748971    ,15.848767957076    ,13.7497029640736   ,53021              ,apr                ,1995               
17.1464839482953   ,1.34239549803689   ,197.101113336381   ,1.95649194441133   ,3.20512211379803   ,32.3474686704444   ,32.8225460408002   ,86.4372222467757   ,276.928753732836   ,289.964774488039   ,220.576402319959   ,0.00456729429010283,3.07210802969907   ,15.821808187496    ,13.8543452372448   ,53005              ,apr                ,1995               
13.0079340578255   ,2.12363339825954   ,222.802734081197   ,2.44804611808271   ,2.77680251288611   ,23.6887975945853   ,42.215281137423    ,83.8297888374723   ,275.101558206689   ,286.166735438629   ,205.604115360963   ,0.00435640652262457,3.42700423368139   ,18.8791770601371   ,14.8700028059152   ,53023              ,apr                ,1995               
10.7638194713455   ,2.56620644434781   ,206.413542144482   ,2.52031632638935   ,2.73087864413103   ,20.8601560253858   ,43.2685738486977   ,85.5992341765559   ,275.127466651158   ,286.066870103873   ,207.584568203432   ,0.00442641596955915,3.47761631305825   ,19.7951817646493   ,15.52889185992     ,53013              ,apr                ,1995               
11.8141883411508   ,2.04513029659644   ,198.343741484539   ,2.49378345232346   ,3.05988530831608   ,25.2527325216671   ,37.9077882658175   ,86.6123863251229   ,277.01589169386    ,289.21966137563    ,211.543821734917   ,0.00474139753941113,3.36142828407165   ,17.928667318401    ,14.8979462560276   ,53071              ,apr                ,1995               
14.530239010194    ,2.06369830911491   ,236.673924923871   ,1.2634332160445    ,2.89390223718038   ,25.9248982513328   ,40.2081691189694   ,82.4714655084912   ,275.299928628963   ,286.215552604285   ,201.702848565317   ,0.00422962564131508,3.80443805537375   ,17.9829182714151   ,14.4421245747819   ,53003              ,apr                ,1995               
32.8073429008734   ,0.590895645702479  ,216.24109794588    ,3.83635378323047   ,5.2097020312378    ,47.1248367070095   ,29.3949564263858   ,72.2108635349736   ,281.053532660023   ,295.795640161831   ,310.394736040635   ,0.00532862166315771,3.23109615722352   ,13.3367344193558   ,10.534103752955    ,53017              ,may                ,1995               
21.9312350667055   ,0.960311381717939  ,154.914243586488   ,2.67801877690183   ,4.56282855368254   ,36.1535103558816   ,34.127531842141    ,79.0877160593065   ,279.679367022043   ,294.287744642718   ,281.813783366045   ,0.00576140263670032,3.2905833852304    ,15.6238952325903   ,12.1774357939622   ,53063              ,may                ,1995               
32.3582877801224   ,0.405867530398461  ,195.623730463668   ,3.22306508468753   ,5.38866134108733   ,46.3255977754345   ,26.4940065832544   ,75.106702159934    ,281.622043963936   ,297.267395832997   ,311.715200644321   ,0.00538326455217848,3.15908867278744   ,13.7311348553753   ,10.7116297516978   ,53025              ,may                ,1995               
23.0377249431432   ,0.600211943325309  ,169.535079767474   ,3.22112726017702   ,4.8014716307261    ,38.3767663085054   ,30.8033658868401   ,83.2156253614697   ,279.665389115967   ,295.323475142184   ,300.137562188993   ,0.00570338538473083,3.07532627635873   ,14.9856410899901   ,12.3030250901961   ,53043              ,may                ,1995               
26.0116747391427   ,0.369796229015399  ,184.5975448421     ,3.24031940538084   ,4.98832996369334   ,41.1761777664313   ,28.8872087259854   ,80.8284460623611   ,280.406374379088   ,296.483054953259   ,308.417970203386   ,0.00558513185491076,2.7852523425214    ,14.6929307883058   ,11.7330067549343   ,53001              ,may                ,1995               
22.0907792950551   ,0.749843825549501  ,179.073658977229   ,2.77142257101396   ,4.58685648973346   ,35.5683601469152   ,35.2668654573936   ,79.9509797866792   ,280.060950886041   ,294.712937264198   ,292.365883699884   ,0.0058834314609982 ,3.01129614838387   ,15.9701628931107   ,12.4861712753433   ,53075              ,may                ,1995               
27.9244224413405   ,0.387700670652748  ,185.553894760857   ,2.91177109755003   ,5.1998794740542    ,41.8970015259594   ,28.8037672091359   ,77.5484794214405   ,282.005742094357   ,297.418397734005   ,312.310826207391   ,0.00572535462559619,2.81089876418374   ,14.8491209962528   ,11.4080615153088   ,53021              ,may                ,1995               
26.6273069359433   ,0.472115584695587  ,185.85258505437    ,2.81475364803327   ,5.27599665921343   ,40.6088706260648   ,28.1789323569573   ,76.9238077934791   ,282.245864320607   ,297.404247392428   ,312.922195619517   ,0.00563191487874742,2.9430417153109    ,15.1827130070577   ,11.4305861312075   ,53005              ,may                ,1995               
20.4196228508725   ,1.2276211985266    ,189.231003102428   ,2.82160585538694   ,4.34363739054849   ,31.627653387946    ,38.9515490578736   ,75.106248312927    ,280.004378116816   ,292.691301997404   ,284.503020809161   ,0.0056782033085167 ,3.08145066378614   ,17.6377053679266   ,12.744844537344    ,53023              ,may                ,1995               
19.7009715269672   ,1.41642797825035   ,178.975287655684   ,2.86889008015238   ,4.33345772066021   ,28.4541936957182   ,39.8372247530347   ,76.8252186474819   ,280.0868268315     ,292.867955413184   ,283.04554885506    ,0.00579135925821259,3.13150391043531   ,19.0020733485248   ,13.4098906224291   ,53013              ,may                ,1995               
22.8073008126204   ,0.908960018846273  ,172.786837554434   ,3.19807463900507   ,4.85658089424599   ,32.9004341961961   ,34.7149190985247   ,78.3926412570892   ,281.859157175084   ,296.359878007802   ,294.469070974811   ,0.00614869976995101,3.06265012332532   ,17.6225747548155   ,12.7922948898057   ,53071              ,may                ,1995               
21.0432025194603   ,1.24081374557537   ,205.259476715603   ,2.09173876830261   ,4.44846015190388   ,33.1632023049509   ,36.9702444006927   ,71.8681756781499   ,280.160060012203   ,292.680841606253   ,279.452026354613   ,0.00544917306952461,3.40122863784352   ,17.0362354691292   ,12.1502975719745   ,53003              ,may                ,1995               
27.5312046750626   ,0.931165933969327  ,214.488496245914   ,3.87024899527283   ,5.23697143202415   ,47.4897128690392   ,31.1865306147347   ,76.3712695722417   ,283.241075311131   ,297.22140003763    ,283.335601465614   ,0.0064621230848644 ,3.16416049527619   ,12.1423467085582   ,10.8340400441745   ,53017              ,jun                ,1995               
13.6197873157632   ,2.46331346465276   ,180.891532774615   ,2.73653225895119   ,4.3751269585335    ,29.7693207156211   ,41.4441420339644   ,87.001364248212    ,281.792338402776   ,295.094990887396   ,260.518998531972   ,0.00741694311728359,3.25717836402228   ,16.0373273082296   ,14.2964467370885   ,53063              ,jun                ,1995               
28.041838743298    ,0.925922057125973  ,205.850443473732   ,3.25941303414154   ,5.51992144853803   ,47.1689471522023   ,29.3930370741977   ,79.3567549299278   ,284.074638913449   ,298.464966010931   ,290.312989650915   ,0.00667638767717518,3.31467458322272   ,12.2506012868039   ,11.0879868383164   ,53025              ,jun                ,1995               
18.8203213372587   ,1.64975437912723   ,190.209415197562   ,3.4850238806308    ,4.70889566211636   ,34.7201644804142   ,36.4236493513522   ,89.2824420070117   ,281.967158497376   ,296.183563846658   ,274.428015204697   ,0.00729477445383066,3.24055958572796   ,14.9808247114802   ,13.6004303330548   ,53043              ,jun                ,1995               
18.1488018940027   ,1.46584705422849   ,189.744026877352   ,3.60508137855967   ,5.05008142041158   ,36.9422964385724   ,32.8273403190496   ,87.1652491579539   ,282.782902419009   ,297.602427601928   ,285.397264233929   ,0.00711928703099464,3.08885260087713   ,14.3176271913614   ,13.0134205876016   ,53001              ,jun                ,1995               
15.3665337971543   ,2.08325927307593   ,192.401789216434   ,3.03344108357149   ,4.60200500899203   ,30.4786505566765   ,40.2726657628826   ,88.1902830053591   ,282.059535164627   ,295.797597746008   ,273.320540619495   ,0.00747159940661753,3.27774626171823   ,16.04728776382     ,14.3488335919661   ,53075              ,jun                ,1995               
20.3011016075276   ,1.29594696942896   ,194.883848099006   ,3.21313118415001   ,5.40168690637136   ,39.7589806150779   ,31.2313822900332   ,82.6132146028372   ,284.464380364051   ,298.594216742882   ,295.482829975226   ,0.00701751325231714,3.14696088952132   ,13.7686350729527   ,12.2843003180699   ,53021              ,jun                ,1995               
25.0038658165859   ,1.01524154117668   ,203.704828458448   ,3.00548884560606   ,5.60333030293209   ,43.5404673480423   ,29.5374600633362   ,79.8356269951168   ,284.476024392935   ,298.782377213698   ,301.032935385544   ,0.00669143110485215,3.30985690564858   ,13.2426252597418   ,11.5614036934616   ,53005              ,jun                ,1995               
16.3004696414594   ,2.22851972522432   ,207.790095277257   ,3.00185475068063   ,4.56351821386789   ,30.9998833720975   ,41.0543148058542   ,81.8290120553279   ,281.936335229972   ,294.206760682921   ,274.797380035116   ,0.00689389816799643,3.26575473644472   ,16.1911319558912   ,13.7734348414601   ,53023              ,jun                ,1995               
15.4806817671477   ,2.30919342044157   ,199.063175478156   ,3.00645240917672   ,4.59130059788572   ,29.6253553908117   ,41.2105202227155   ,81.7184288650699   ,282.196398544977   ,294.467003776723   ,275.26596261136    ,0.0069560223475609 ,3.32176178804035   ,16.7242327651844   ,13.9069567702412   ,53013              ,jun                ,1995               
16.8184918864665   ,1.82415359087041   ,201.621904136244   ,3.47271576370327   ,5.10390020835044   ,33.371697986029    ,35.8519282113569   ,82.5631488877583   ,284.166486497171   ,297.823035110432   ,285.684652427735   ,0.00733501788248941,3.23243044854664   ,15.5986000256164   ,13.2265649053139   ,53071              ,jun                ,1995               
18.2598044929963   ,2.24742027777202   ,209.653036879217   ,2.21278705627379   ,4.60430680073961   ,33.2685196514547   ,39.7613959744029   ,78.8119151391542   ,281.977435900463   ,294.22159399325    ,272.047600055147   ,0.00670293681351853,3.40524199674599   ,15.6151786227586   ,13.2110208626211   ,53003              ,jun                ,1995               
47.3118749841562   ,0.306349489457641  ,247.072837813913   ,3.62934228159347   ,6.35965013933144   ,61.7571472680089   ,25.6419982783287   ,71.0470389046158   ,286.304264728986   ,301.732992209556   ,314.54818656463    ,0.00717795439359342,3.54170551160949   ,10.1883391400087   ,8.70560169532997   ,53017              ,jul                ,1995               
27.7323259315323   ,0.659982405176758  ,199.498108588079   ,3.0925666072086    ,5.75647904426634   ,41.4457033071135   ,31.0564221439087   ,83.686615308157    ,284.476015819733   ,300.812540930479   ,303.40620022454    ,0.00807050693605224,3.36536846164161   ,14.5002445999297   ,11.5753610569632   ,53063              ,jul                ,1995               
43.6599856017103   ,0.383355772991067  ,237.636252664766   ,3.4233764606885    ,6.55006872210756   ,58.7050310324869   ,24.3905703429942   ,74.1931756619062   ,286.970646568407   ,303.143565225666   ,316.466762427769   ,0.00739464492619685,3.4591865104388    ,10.755459864086    ,9.1617420016366    ,53025              ,jul                ,1995               
32.8528634930715   ,0.339685267739618  ,210.997275316868   ,3.72846846828977   ,6.02035993758429   ,46.7430116337876   ,27.0359320810535   ,85.92839563863     ,284.471471151108   ,301.695498077136   ,308.878970064608   ,0.00767537689535395,3.36231095065457   ,13.2302494888282   ,11.1309830177481   ,53043              ,jul                ,1995               
33.9954331585625   ,0.365845701168613  ,225.873309235331   ,4.17216022240057   ,6.16524597939353   ,48.6636005923095   ,25.5777112417118   ,84.2784347765128   ,285.419375834882   ,303.120280491379   ,308.217269076626   ,0.00771815841442933,3.16325170677133   ,12.8212480020563   ,10.7751942798846   ,53001              ,jul                ,1995               
28.0085096583672   ,0.642875804802011  ,214.050071701271   ,3.72902583206401   ,5.80755218057071   ,40.5736192948633   ,31.3457834226402   ,85.7518406458643   ,285.130602089232   ,301.555288740299   ,301.192331893313   ,0.00834753333923161,3.36002270093227   ,14.7867519294695   ,11.9890468825787   ,53075              ,jul                ,1995               
37.9069705171699   ,0.362582141022916  ,238.019679113964   ,3.88272724824074   ,6.34325365937377   ,52.6633451000337   ,25.8821587652486   ,78.5674793177148   ,287.330398211231   ,303.699933618588   ,309.6209608149     ,0.00789093234750763,3.24668087785504   ,12.0060663159373   ,9.95294274130175   ,53021              ,jul                ,1995               
40.738343123228    ,0.386212847757472  ,242.686985778885   ,3.5288839879826    ,6.42598139359128   ,55.1764245263537   ,25.7157810196255   ,76.2350071770336   ,287.702865374864   ,303.59093310929    ,312.190886195868   ,0.00781382305811046,3.34685048359989   ,11.4475577600723   ,9.63594521013556   ,53005              ,jul                ,1995               
28.5668188070967   ,0.782254484710788  ,228.549950358433   ,3.70020609612791   ,5.72018332393966   ,42.7453471516063   ,32.5918358052047   ,76.7144128107351   ,285.681565330779   ,300.218679328357   ,297.318650624958   ,0.00796627715750416,3.4017481026263    ,14.3191206813981   ,10.9493045394155   ,53023              ,jul                ,1995               
30.5219488647902   ,0.570645318430447  ,222.770467275583   ,3.60747186842181   ,5.75507255201303   ,44.1754696294678   ,32.7476511011251   ,76.2783812880617   ,285.793963656033   ,300.397851336749   ,297.370857303196   ,0.0080022186832762 ,3.51657321375179   ,13.9770699724759   ,10.716932036832    ,53013              ,jul                ,1995               
34.6778483241653   ,0.396828521692033  ,232.519968874727   ,4.19414380410822   ,6.27776468109653   ,49.9473035023527   ,27.4327753066016   ,75.8574336417354   ,287.629140430193   ,303.56304152494    ,300.137965384663   ,0.00806243269717227,3.40067820935277   ,12.6710401553042   ,9.86732211827044   ,53071              ,jul                ,1995               
25.7743530809362   ,0.943470509092481  ,240.059218414593   ,2.79503957981611   ,5.7963600306054    ,42.0761928349516   ,32.2161583840945   ,75.289691339416    ,285.60715156054    ,300.18741722098    ,295.164040247749   ,0.00783748862020889,3.58198045513785   ,14.1718089798913   ,10.8522474638905   ,53003              ,jul                ,1995               
42.7452659891221   ,0.175199132194683  ,244.336122218002   ,3.17193168771235   ,4.89244005571458   ,58.7890548633084   ,26.7893815651716   ,76.5066429397229   ,283.235610299873   ,298.762593730969   ,248.509221953855   ,0.00619291173578904,3.33857160458388   ,10.1409293649383   ,10.1660894362494   ,53017              ,aug                ,1995               
26.349327967717    ,0.59553612168769   ,193.525736813546   ,3.10473954955374   ,4.60226745223962   ,43.2901299878048   ,29.5829421155697   ,87.2097099080531   ,281.572574502148   ,298.384079648252   ,247.405045011977   ,0.00669302656279198,3.368184534951     ,13.1120687126237   ,12.5666069686617   ,53063              ,aug                ,1995               
44.5301781697409   ,0.150810474237549  ,223.23766948458    ,3.15894525665688   ,5.16792289216106   ,58.2516544169044   ,25.5072406734886   ,78.6373509719011   ,283.685701942883   ,300.390051373194   ,257.953750427682   ,0.00640478760873249,3.37083151552161   ,10.4480772914207   ,10.3579751506282   ,53025              ,aug                ,1995               
33.8162699364264   ,0.271747047579317  ,201.718958273387   ,3.40649269228429   ,4.76256697555458   ,48.7064533426007   ,26.4431451282359   ,86.6009037976122   ,281.437398701564   ,299.059842052631   ,248.790687516395   ,0.00633870173932276,3.32276166845519   ,12.2257503824794   ,11.9026823002707   ,53043              ,aug                ,1995               
34.6618593087901   ,0.224532505971993  ,211.368033016986   ,3.93421125389216   ,5.01321586112304   ,51.9652397373664   ,24.8275445986063   ,83.1805305380468   ,282.508209418915   ,300.725644111016   ,255.497538230128   ,0.00638968799839473,3.1437466042916    ,11.5846642984658   ,11.1262174525756   ,53001              ,aug                ,1995               
29.1853403665095   ,0.621487734432048  ,208.863731777301   ,3.96215828502879   ,4.83964110520126   ,44.9316321826479   ,27.6600378154849   ,85.2718163985772   ,282.384067564644   ,299.817136257106   ,249.709902745053   ,0.0067264309369268 ,3.30303730706336   ,13.1927150996677   ,12.1611236631621   ,53075              ,aug                ,1995               
37.7735474243615   ,0.202427491647476  ,223.003473043005   ,3.68370087360724   ,5.25286256574815   ,55.4829998191474   ,25.9231920964073   ,79.1397529408003   ,284.536459661063   ,301.543270094046   ,262.252746921852   ,0.00677956486797935,3.25338612880659   ,10.8102561152011   ,10.5225492472093   ,53021              ,aug                ,1995               
43.0279023764387   ,0.136454253616055  ,227.777635179316   ,3.34593225348395   ,5.3499640671664    ,58.1512647065572   ,26.0385546899975   ,77.5997902514666   ,284.898417913179   ,301.454668761892   ,266.058373082251   ,0.00677014219236961,3.35969273335585   ,10.4405497948526   ,10.2329766768539   ,53005              ,aug                ,1995               
34.080992182493    ,0.759223680124915  ,223.592082446287   ,4.04801656370578   ,4.99028797164944   ,50.7110214128305   ,27.5284374793482   ,73.9298169589477   ,283.634223404496   ,298.755647665798   ,260.250378410937   ,0.00634057421726683,3.33404052577595   ,12.1310631094321   ,10.52179335024     ,53023              ,aug                ,1995               
36.839562881895    ,0.609211803935821  ,217.052314168455   ,3.86269202635966   ,5.07497143670929   ,52.2733849288845   ,27.7258674359527   ,72.3289475585133   ,283.593483920839   ,298.786694055553   ,262.355784491739   ,0.00628478575938754,3.52692973663066   ,11.8728525825015   ,10.2919449402339   ,53013              ,aug                ,1995               
36.4886250969208   ,0.422554740499302  ,219.821192487484   ,4.31857907707452   ,5.33115467733203   ,53.9389329490592   ,26.0801291787152   ,76.2124367510588   ,284.963816084763   ,301.598858192778   ,258.955341017968   ,0.00680489240188827,3.39761834909933   ,11.256044987084    ,10.4197014801276   ,53071              ,aug                ,1995               
33.1680548375874   ,1.01442368946529   ,226.33539118485    ,3.06022597881999   ,5.12398175913108   ,49.7220637225139   ,26.8915138218805   ,74.5590052895471   ,283.624073187548   ,299.124214835242   ,263.452184182659   ,0.00640018120270344,3.42122955647305   ,12.2790889485123   ,10.615531323179    ,53003              ,aug                ,1995               
33.0296304159169   ,0.543186001448089  ,182.744322671749   ,2.97097631316943   ,3.6009830638137    ,50.581681441918    ,28.4259575849381   ,80.7622579711681   ,282.61368256712    ,297.950434889198   ,185.743057163578   ,0.00652294504848039,2.89600512073154   ,11.4534709895717   ,11.9751860109194   ,53017              ,sep                ,1995               
22.104950662632    ,1.45144467784387   ,154.921042687746   ,3.17479230483131   ,3.22727856271294   ,36.4631124068418   ,33.5146938926905   ,90.1922934426846   ,280.735798111658   ,296.299999709356   ,182.825099518379   ,0.00701141634995161,2.967734913611     ,14.5123172278825   ,14.8081557664224   ,53063              ,sep                ,1995               
33.3568124653461   ,0.701662004351787  ,171.966604180553   ,3.24354427373678   ,3.76417736228394   ,49.3865832509535   ,27.7302874459064   ,81.0610452450898   ,283.001745058719   ,299.001188907007   ,189.230676375766   ,0.0066584247465221 ,2.98743839103372   ,11.8577759221732   ,12.1529160401939   ,53025              ,sep                ,1995               
27.5030829011144   ,0.925249308429779  ,160.066220717261   ,3.46920985045088   ,3.47143262820103   ,42.7640693587164   ,28.988456466602    ,86.9904933729149   ,281.240602936058   ,297.561245479902   ,184.718345611135   ,0.00660523842179639,2.92388514468569   ,13.2504124219586   ,13.4632715319297   ,53043              ,sep                ,1995               
29.2900551072385   ,0.82257570921712   ,163.320775465052   ,4.02520662244434   ,3.57016777640997   ,46.0356947829639   ,27.8045754143934   ,83.1553197846144   ,282.299467036877   ,298.765265198628   ,187.071783928566   ,0.00663643806731131,2.76312905354737   ,12.6308317900387   ,12.6271051461057   ,53001              ,sep                ,1995               
26.0951927781071   ,1.06604951311089   ,183.314728961711   ,3.99425024098041   ,3.45202795389587   ,41.4114537746953   ,30.0489995346069   ,86.6557698784623   ,281.48016027832    ,297.631883811801   ,184.360182257559   ,0.00682270783912756,2.97222849427952   ,13.5821630460702   ,13.6493854565901   ,53075              ,sep                ,1995               
29.9142203686091   ,0.767310600925643  ,177.475303751059   ,3.80438081454008   ,3.61239035397004   ,46.853135229991    ,29.649302513416    ,81.3421242405818   ,284.036314795078   ,299.414798036233   ,189.809266846486   ,0.00710147920879535,2.73262566208075   ,12.3860485134369   ,12.502217440055    ,53021              ,sep                ,1995               
31.6488532723639   ,0.677854650812012  ,176.085852043519   ,3.33361064470731   ,3.66695888110049   ,48.2164499912036   ,30.1279169906056   ,81.4500676700584   ,283.96843167668    ,299.373979152401   ,193.63154348001    ,0.00713001075200737,2.8403663764221    ,12.0448911522502   ,12.4745960789319   ,53005              ,sep                ,1995               
30.6023882570612   ,0.957755960640931  ,207.183283062653   ,3.92397501404488   ,3.49062824480035   ,48.4864672741781   ,30.2290297139012   ,78.0741016913151   ,282.450628946435   ,296.322587515947   ,189.965777462314   ,0.0064386089127289 ,2.9501864588779    ,11.94303162557     ,12.0117538209781   ,53023              ,sep                ,1995               
29.9973875569469   ,1.20696058063995   ,195.405123662179   ,3.83865772408757   ,3.39045932497862   ,46.7587101611791   ,32.6585885472323   ,79.8022887913968   ,282.645357844967   ,296.3372396073     ,190.909806390999   ,0.00680740986788974,2.96667777297801   ,12.2929350132301   ,12.5533165305489   ,53013              ,sep                ,1995               
27.7101748865488   ,0.915950917138473  ,188.57995228278    ,4.27339581002388   ,3.57284523121871   ,45.7430718791517   ,30.8534854135539   ,81.9424693446172   ,283.974627081812   ,299.196839449916   ,186.661320780932   ,0.00727524239589463,2.86383016601326   ,12.4552035608266   ,12.7196927553916   ,53071              ,sep                ,1995               
34.2261717673379   ,0.87930931524647   ,223.209083036988   ,2.81228084126238   ,3.63908993131923   ,51.6770965961354   ,27.852803362083    ,75.4302087848784   ,282.278562838144   ,296.306829826559   ,190.87778528311    ,0.00598205741100611,3.13224378109268   ,11.4253505320445   ,11.3202753751527   ,53003              ,sep                ,1995               
22.3125476478914   ,0.388571929074555  ,189.088520071407   ,2.76078548371417   ,1.55707056664527   ,30.0897934254994   ,39.1275889600073   ,94.6326604527542   ,274.478647060741   ,286.180200876459   ,108.42056606496    ,0.00467924307627416,3.49167586258106   ,15.8295328016541   ,17.5152599640944   ,53017              ,oct                ,1995               
10.6097640296955   ,1.76562022643058   ,181.172532178524   ,3.66863224547443   ,1.16209844741556   ,14.2096738661255   ,50.8370925597741   ,98.9067869675441   ,273.824354264324   ,284.422220208596   ,102.796806549392   ,0.00510199963959957,3.5610777149365    ,21.1808923666519   ,20.8029718295255   ,53063              ,oct                ,1995               
21.3342372222367   ,0.475264269872576  ,185.583686726146   ,3.26901939632978   ,1.68478082970796   ,30.141204352901    ,36.6960594468911   ,94.2481764844969   ,275.159912335238   ,287.804596512373   ,112.692930807811   ,0.0047751950305365 ,3.4094316227566    ,15.9836551490564   ,17.3352161979608   ,53025              ,oct                ,1995               
16.1570667984801   ,0.999248761631736  ,185.152827169192   ,3.70961455409263   ,1.37019221131434   ,21.7340461290574   ,42.5612528195456   ,98.558272510728    ,273.643839603594   ,285.773150051151   ,106.389266410356   ,0.00490310426077766,3.53370069189099   ,18.5850130108049   ,19.4228252889892   ,53043              ,oct                ,1995               
17.3735697843001   ,0.9012058340474    ,176.256577571755   ,4.1445440836144    ,1.51127263114279   ,25.2440676742478   ,39.5309882397153   ,96.5575500570788   ,274.785162980284   ,287.296391656454   ,112.57390506969    ,0.00494055007326147,3.18572071608118   ,17.4532630180231   ,18.5620549243659   ,53001              ,oct                ,1995               
12.9271504136015   ,1.62505327607735   ,183.710464252014   ,4.33388304439246   ,1.41095806962851   ,18.4271282221742   ,45.7986688188991   ,96.9805345460722   ,275.103822842621   ,286.033024202814   ,108.35974787761    ,0.00517116780672929,3.57170225596292   ,19.7056244301479   ,19.7331785544408   ,53075              ,oct                ,1995               
17.6738033699289   ,0.782926123687494  ,176.090391586892   ,3.9129194681461    ,1.66935600545951   ,27.2480389261364   ,38.8668837533104   ,94.1713071941442   ,276.582575307236   ,288.621851983082   ,116.090177098693   ,0.00514595295780941,3.19022561443725   ,16.7732304523364   ,17.7980161598243   ,53021              ,oct                ,1995               
18.9171318222302   ,0.595522977754527  ,175.120259497205   ,3.34346841202215   ,1.76874513268516   ,29.3479833670258   ,37.3594376475193   ,93.2009406882539   ,276.741941871068   ,289.028372958089   ,117.95076894569    ,0.00507726610443457,3.14970808896451   ,16.1760543154542   ,17.2365421627195   ,53005              ,oct                ,1995               
13.5139158186286   ,1.99488314235815   ,196.695103096116   ,4.1756949385254    ,1.52602037480517   ,21.1525278797945   ,45.6322366928104   ,92.8683419121551   ,275.588958303046   ,285.332629867795   ,113.603774197425   ,0.00495945315582178,3.64810890789334   ,18.5853139154659   ,18.7713570006265   ,53023              ,oct                ,1995               
13.2085099124133   ,2.36559858664697   ,187.338301099538   ,4.08081062780417   ,1.57314310705434   ,20.281039392318    ,44.9618946652702   ,92.6535568095566   ,275.601343083716   ,285.535634204959   ,116.747422062894   ,0.00493598591047972,3.92830104194487   ,19.0551033583752   ,18.9386583721893   ,53013              ,oct                ,1995               
15.160744507864    ,1.50248242197784   ,182.754040052415   ,4.41757916144239   ,1.71634217802071   ,23.2928200511522   ,41.4642249791915   ,93.6430669975131   ,276.977472212757   ,288.312499259671   ,113.563372787328   ,0.00528279403960083,3.72879577425562   ,18.0823679855731   ,18.4163493822479   ,53071              ,oct                ,1995               
15.4911997197063   ,1.74332165860587   ,213.140840805121   ,3.20294992723604   ,1.59025920802266   ,23.0807589218143   ,46.0216153690274   ,91.8668834231785   ,275.606214936043   ,284.992562840342   ,115.820690833627   ,0.00484105403858685,4.03976534953644   ,17.8812721867491   ,18.2759044504401   ,53003              ,oct                ,1995               
10.7845904863524   ,1.72568084338656   ,192.315497167739   ,2.6448620437826    ,0.692720161721124  ,15.4342570930864   ,54.9284268884753   ,95.2937349016133   ,272.77586667317    ,280.837924055869   ,56.038177731095    ,0.00427610208063871,3.43759267814826   ,20.2115733900696   ,20.5434582751395   ,53017              ,nov                ,1995               
5.66732788572358   ,2.61225322278787   ,195.819581838992   ,3.58519171388195   ,0.679953501471663  ,7.71833643682433   ,58.8105668397418   ,97.2982810154753   ,273.792367535159   ,281.70358301412    ,57.5269551939032   ,0.00482269857072186,3.9514449077899    ,23.5664178111995   ,22.005914529841    ,53063              ,nov                ,1995               
10.7109390536923   ,1.35328963184164   ,189.42273762179    ,3.09385883582939   ,0.770810376970344  ,16.3198811184554   ,52.1657183244416   ,96.2719744392316   ,273.874455242634   ,282.794766165613   ,56.4224421894601   ,0.0046365003172363 ,3.59753811826508   ,19.7367790232629   ,20.3960302182627   ,53025              ,nov                ,1995               
8.71915631848639   ,1.62393096701309   ,193.426520946809   ,3.38861429738733   ,0.66616341131091   ,11.5024903968836   ,56.1952105987233   ,98.4961549866645   ,273.172607290773   ,281.756279961609   ,56.3225713245814   ,0.00472058384559231,3.83404078562296   ,21.6391573615366   ,21.6527788339765   ,53043              ,nov                ,1995               
8.13711973928796   ,1.36921547882049   ,184.839283479347   ,3.83398330849244   ,0.736918028226298  ,14.2278531061029   ,53.4792470820881   ,96.8785871569498   ,274.468811132801   ,283.184634113767   ,56.2938801282684   ,0.00491531705183583,3.47512682769394   ,20.4498243318246   ,20.6653282836834   ,53001              ,nov                ,1995               
6.74049858529232   ,2.50522678348426   ,199.587747148701   ,4.25784951864504   ,0.910010017469233  ,11.3774084907911   ,53.1754954332838   ,94.9382582475251   ,275.254274956198   ,283.370229767444   ,58.5821484876146   ,0.00496164887331828,4.12363826009339   ,22.0737801331913   ,20.6700518801072   ,53075              ,nov                ,1995               
8.43280862630572   ,1.19213185645891   ,193.358319615187   ,3.63344696057148   ,0.894372835331238  ,16.5577293600639   ,53.1355304703346   ,94.8956589987339   ,276.285003873385   ,284.482283845559   ,53.916529037769    ,0.00514442577192452,3.71614038331386   ,19.4878461793753   ,19.8094904178228   ,53021              ,nov                ,1995               
10.540856710114    ,1.19475991750458   ,190.709862903172   ,2.98109966986748   ,0.9193705335715    ,18.1828330384818   ,51.9867222171798   ,94.5392266143708   ,276.315306968614   ,284.683512518768   ,56.8875848747569   ,0.00513233390152367,3.57514373698296   ,19.0304610258494   ,19.6183199224152   ,53005              ,nov                ,1995               
6.03755866689651   ,4.34671736848039   ,212.721582988478   ,4.28821125114433   ,1.10057214857012   ,11.7691581176182   ,51.3618679652797   ,90.6919698320314   ,276.024806747279   ,283.471320050794   ,59.4017144515154   ,0.00488077260209893,4.44603299916901   ,22.2997811461581   ,20.2020120586174   ,53023              ,nov                ,1995               
5.20332617873341   ,5.80884825323103   ,212.133510846576   ,4.18515826956764   ,1.06536381832514   ,10.283303579714    ,53.12122853597     ,91.2810011026539   ,275.906774524203   ,283.32379420149    ,60.7847952689592   ,0.00495145390973139,5.05849714909549   ,23.2790665931102   ,20.858256286185    ,53013              ,nov                ,1995               
6.89746285900183   ,2.70813077580634   ,205.902233696404   ,4.20945906639099   ,1.06799068891905   ,14.0196598407629   ,52.8339259762751   ,92.9229884227763   ,277.200589865915   ,285.007719301467   ,53.9344782281374   ,0.00532912544774896,4.76555710593213   ,20.9370923520427   ,20.0504752760011   ,53071              ,nov                ,1995               
7.19266354557237   ,3.03181833166821   ,230.728320479567   ,3.46831085357063   ,1.22784326505052   ,14.662664669886    ,50.9873627535038   ,89.35059047337     ,276.0574803596     ,283.377934220585   ,61.780781179275    ,0.00478631623652696,5.25545660218183   ,20.7939266511124   ,19.1712844624717   ,53003              ,nov                ,1995               
5.75909151715747   ,1.89781562048635   ,159.711561892798   ,2.63050502635077   ,0.262365598742084  ,6.43407837187712   ,70.7962271734068   ,95.4720742022573   ,267.707451491857   ,273.062200971605   ,50.6035326303926   ,0.00287511300015326,2.41769189080299   ,24.0523815494342   ,22.9297195523254   ,53017              ,dec                ,1995               
4.88214883738784   ,2.47796079092968   ,141.222806392929   ,3.34315567828239   ,0.273075265906122  ,2.94108825094257   ,73.7618771511491   ,98.1222924245044   ,268.318718279652   ,274.519549019455   ,50.5054934819539   ,0.00327537909037836,2.91939099578993   ,26.9636027369939   ,24.1205700071387   ,53063              ,dec                ,1995               
6.00332415907704   ,1.64062042235481   ,148.965363349532   ,3.16178362275826   ,0.307940945363756  ,6.39318692634048   ,71.0899847193944   ,96.5208403855253   ,269.021214020129   ,274.535838938079   ,51.7427692323251   ,0.00313843499832857,2.47563307350507   ,24.0541138934334   ,23.2091816422127   ,53025              ,dec                ,1995               
5.94938466060164   ,1.79759216431322   ,135.95839273335    ,3.16572959525488   ,0.267251804849037  ,4.67485395511325   ,72.1114763162775   ,98.0706190329273   ,268.229383181236   ,274.137807700704   ,51.3150075974688   ,0.0031776979132698 ,2.73433643662939   ,25.3501475055728   ,23.7735024284539   ,53043              ,dec                ,1995               
5.64474698691106   ,1.71860038630883   ,157.882906249335   ,3.65258975015329   ,0.275741472631267  ,5.08103814521329   ,73.6626023171397   ,97.9836154955961   ,269.041614479276   ,274.792026317928   ,50.2308555172189   ,0.00333058455695833,2.20343395823252   ,24.893567928817    ,23.9523182838899   ,53001              ,dec                ,1995               
5.74773807091653   ,2.28736378402987   ,157.426907909867   ,4.07239013741998   ,0.370444995545435  ,4.59916742714536   ,69.5786729333915   ,97.0940835206275   ,269.551862775017   ,275.764275704178   ,50.2264112716376   ,0.00341331966192571,2.92143437200785   ,25.7680092484717   ,23.34058711123     ,53075              ,dec                ,1995               
6.1341178417635    ,1.6906443405542    ,199.732089816836   ,3.50506584552618   ,0.348891924721963  ,6.7004041466927    ,74.1715498902248   ,96.2712795780866   ,270.512429148356   ,275.628994152363   ,48.6604931728656   ,0.00343668447980562,2.2466114469866    ,23.9861528308575   ,23.3946747481517   ,53021              ,dec                ,1995               
6.50284672431465   ,1.63015192246953   ,206.969537876443   ,2.98423674349954   ,0.385262776252582  ,7.59378709953704   ,72.0049073311469   ,95.6542860821154   ,270.657091662164   ,276.145891780214   ,50.6374009592293   ,0.00344081700149087,2.15674025734971   ,23.6410226715622   ,22.8661068965227   ,53005              ,dec                ,1995               
5.76350255020828   ,2.56124999479123   ,176.812432572112   ,4.4450145737725    ,0.471324985014664  ,5.00380870579601   ,63.9087709249177   ,95.2722688165511   ,269.664004418667   ,276.385172349128   ,51.7163413859302   ,0.00339161513136328,3.1539896462398    ,26.3738963095545   ,22.442640681099    ,53023              ,dec                ,1995               
4.47747415778297   ,2.92854416823046   ,175.648523520654   ,4.36019164823113   ,0.408522892050302  ,3.81934131335849   ,66.0814424711164   ,95.8592872246814   ,269.714103602864   ,276.02437524446    ,54.8405495292437   ,0.00344020148047838,3.16067964774256   ,27.5206468144428   ,23.016440257893    ,53013              ,dec                ,1995               
5.57291797885544   ,2.03785859597706   ,197.006572471813   ,4.16579830791892   ,0.426439327204999  ,5.63941284639268   ,71.030498275395    ,95.6812682355969   ,270.989676188647   ,276.600653456608   ,49.6963025617729   ,0.00357718505545804,2.96955690920999   ,25.1669953338499   ,22.9942226477109   ,53071              ,dec                ,1995               
7.59798294373424   ,2.10645028304104   ,205.666227748088   ,3.78149252738396   ,0.568076417277909  ,8.34490217114156   ,62.2872340019022   ,92.4879461617945   ,269.916736701167   ,276.422960508769   ,53.8403429892231   ,0.00329384931065471,3.82295128424672   ,24.1960936783004   ,21.0633179410531   ,53003              ,dec                ,1995               
