bi,pr,th,pdsi,pet,erc,rmin,rmax,tmmn,tmmx,srad,sph,vs,fm1000,fm100,countyfips,month,year
12.42969598195     ,0.300041565484829  ,200.301071336902   ,2.41883292229242   ,0.42296699055382   ,12.6082875534241   ,62.9035271854465   ,92.2764187401434   ,265.365512566301   ,272.760485304904   ,65.1368608774905   ,0.002382730569688  ,2.66499678738355   ,22.8100650189659   ,19.9320748690864   ,53017              ,jan                ,2007               
6.5278559551904    ,1.2599628804472    ,161.000984859906   ,1.33045685253924   ,0.384830602600401  ,5.70112079864484   ,67.5909940486025   ,95.2107060168091   ,265.615691869373   ,272.757838924231   ,55.7663129349645   ,0.00259627872780621,3.06349409883636   ,25.5570985549267   ,21.9180980323869   ,53063              ,jan                ,2007               
12.9530992845654   ,0.203981233125919  ,170.761562541613   ,1.75960231245036   ,0.465176473161715  ,13.1093915051434   ,62.7430132095239   ,93.5737587814659   ,266.290777032862   ,273.956590466534   ,61.4651661229638   ,0.00253620253371291,2.673696192212     ,22.4467238424915   ,20.1401591868715   ,53025              ,jan                ,2007               
11.249712748968    ,0.430624107965669  ,161.728125992384   ,1.54404300693111   ,0.414395242130998  ,10.1906758842926   ,65.8334398433384   ,94.3958334412143   ,265.591506190898   ,272.797543193756   ,57.4575469997722   ,0.00251841381570537,2.9201564532026    ,23.6058523432286   ,20.9015473452348   ,53043              ,jan                ,2007               
10.9775140350122   ,0.443472721475265  ,159.718686927575   ,1.43212139344603   ,0.43619698540653   ,10.4594413495327   ,65.0765361842303   ,94.8462321743946   ,266.753278744112   ,274.216733806091   ,57.1864596769807   ,0.00271932220926337,2.44690087782371   ,23.5720658158185   ,20.8777287982398   ,53001              ,jan                ,2007               
8.72460036928057   ,1.31420948535487   ,168.33957949958    ,0.411162868269317  ,0.5156214255513    ,8.54424815709752   ,63.2902278031525   ,93.7307583380741   ,266.820271948103   ,274.256696769237   ,56.0272365140101   ,0.00272692578024738,3.14874486653131   ,24.5770260594059   ,20.8847643088571   ,53075              ,jan                ,2007               
13.7992537808734   ,0.440585968937383  ,186.646395582699   ,1.23211206148292   ,0.560735066203636  ,14.5774782567156   ,62.4097953912342   ,90.1213105062101   ,268.343478189094   ,275.74937753985    ,56.9637481007919   ,0.00284486019796988,2.66099233660597   ,22.2157397180278   ,18.9810932083698   ,53021              ,jan                ,2007               
15.0361459073086   ,0.334421811343423  ,185.119692851479   ,1.81650388820342   ,0.632225839287117  ,17.1658823939462   ,59.0080120068831   ,87.7161675544385   ,268.255171316911   ,275.888593134522   ,61.7479551142012   ,0.00272617581460139,2.55508176082189   ,21.3549982350527   ,18.0421457952797   ,53005              ,jan                ,2007               
9.98087021531209   ,1.48858356017539   ,197.29499664627    ,0.52882834194579   ,0.658874143296422  ,12.101725791268    ,57.7238175998444   ,89.0086926406955   ,267.283909826139   ,274.927338141761   ,58.8986510653411   ,0.00269074668845901,3.39123115277295   ,23.1894504854374   ,19.0057418733817   ,53023              ,jan                ,2007               
10.191803492364    ,1.87246334218552   ,186.759917468761   ,0.769590814615783  ,0.724596243994076  ,12.025887666631    ,55.9709460057634   ,87.5300256773902   ,267.48781731684    ,275.185271814775   ,62.6876314802964   ,0.0026772796662837 ,3.73956334799292   ,23.5993946098311   ,18.5952118116745   ,53013              ,jan                ,2007               
13.1826217683974   ,0.951850404572587  ,187.378705578436   ,0.378360287587002  ,0.702114522308619  ,13.9136010446807   ,59.688114607206    ,89.0494707239102   ,268.667788437774   ,276.045575241701   ,57.8407496280505   ,0.00286394992001282,3.52448090991416   ,22.7186090978087   ,18.6416454521527   ,53071              ,jan                ,2007               
15.0137162714935   ,0.716491053356741  ,220.05429018261    ,-0.813861940581796 ,0.774942217322344  ,19.4710360319247   ,55.700354994003    ,85.3043377882794   ,267.507415634956   ,275.143152329005   ,62.0303289623633   ,0.00261405036076239,4.06856026248368   ,20.0174132976527   ,17.2796866222918   ,53003              ,jan                ,2007               
9.22187272181423   ,1.21840395333592   ,151.051448323487   ,1.84664289108398   ,0.767475292136807  ,10.9617202413804   ,63.400902923089    ,97.422891465526    ,270.873543129364   ,277.542793053593   ,97.7845302000843   ,0.00355854991224414,2.68536881702562   ,22.1727218032113   ,21.3010035897844   ,53017              ,feb                ,2007               
6.27520525418008   ,1.89732391878645   ,163.053681753327   ,1.05687082507539   ,0.746239383215238  ,5.94370630231123   ,66.6296810103767   ,98.2624284393933   ,271.034518335883   ,277.579882791961   ,82.7265193092787   ,0.00372180039511672,3.29041131293054   ,24.3019773611234   ,22.2981658428066   ,53063              ,feb                ,2007               
11.5901236584185   ,0.866706343114252  ,144.907253405135   ,1.26231720179574   ,0.859787187691059  ,12.1341277138547   ,62.1800946403527   ,97.9699430968812   ,271.733106546908   ,279.073623758846   ,94.5365670719231   ,0.0037294733015704 ,2.73826264885402   ,22.0415332398299   ,21.1202074060492   ,53025              ,feb                ,2007               
9.14974032113969   ,1.24365798707072   ,153.072768374012   ,1.06004583284958   ,0.758304779567371  ,8.83776670289851   ,67.0687223503381   ,97.7329759984711   ,271.279092920708   ,277.566043816042   ,87.5777061706592   ,0.00370069483112581,3.08699772228286   ,23.1015990880257   ,21.8063246283643   ,53043              ,feb                ,2007               
9.3281859165826    ,1.08587955423782   ,145.721217329287   ,1.08523493954679   ,0.819165166934043  ,9.13642893861771   ,64.1004647004326   ,99.1550537035985   ,272.033037917223   ,279.405900101851   ,86.175319052699    ,0.00394286832518588,2.60888620467214   ,23.1866712058806   ,21.8534388161564   ,53001              ,feb                ,2007               
6.48189761546589   ,1.6254985511328    ,169.264969969036   ,0.239057932896357  ,0.889561922553958  ,7.35725662111356   ,62.188203602318    ,98.573255577408    ,271.946643348501   ,279.387831313189   ,82.6685274454325   ,0.00392827688198842,3.34933337862752   ,23.7222932341119   ,21.9068749679437   ,53075              ,feb                ,2007               
11.0757616901838   ,1.00067042072641   ,170.731566620765   ,0.967383551524313  ,0.995030246810107  ,12.5914981230409   ,60.0914546096718   ,97.2440103310805   ,273.099251837259   ,281.080242006071   ,90.6697459168487   ,0.00402602562389802,2.79446480867791   ,21.8037141590328   ,20.7245815774897   ,53021              ,feb                ,2007               
11.7057918765194   ,0.832540514884439  ,165.996053221264   ,1.35405478154215   ,1.0103582723896    ,13.986829596385    ,58.3662417045812   ,97.0648819475182   ,272.790233210598   ,281.064267077087   ,94.7482908467368   ,0.00394544368210254,2.68634873422985   ,21.2037281071041   ,20.4563392502518   ,53005              ,feb                ,2007               
5.77656002314852   ,2.02779200924651   ,190.653366102406   ,0.3710125498088    ,1.014838589476     ,9.48543105979614   ,58.2758397023659   ,95.7924943998416   ,272.234427153377   ,279.524745453747   ,86.5740470831227   ,0.0038514822838878 ,3.60402944483055   ,22.7002524301449   ,20.9784084898027   ,53023              ,feb                ,2007               
4.88011766754123   ,2.61844570374446   ,188.150053216881   ,0.387463177432586  ,1.06263335996496   ,8.38859642351066   ,57.2984987300282   ,96.0676629131377   ,272.267496230269   ,279.675263215823   ,91.4615603342106   ,0.00383725952201717,3.99283951189907   ,23.1909724729848   ,21.3664801819786   ,53013              ,feb                ,2007               
8.15652321643695   ,1.58847091401496   ,186.011754345499   ,0.0851076410969449 ,1.0978532975386    ,10.5620862952451   ,58.0763599736904   ,97.0360595667681   ,273.143620051296   ,281.196399750748   ,85.9712952725702   ,0.00401836490921371,3.73896202666557   ,22.3825602193604   ,21.022357795712    ,53071              ,feb                ,2007               
11.1647938540711   ,1.38200614870185   ,218.390926804607   ,-0.906822599860366 ,1.16731378978373   ,15.6437968154597   ,55.5803716717224   ,93.3116485100469   ,272.559445143492   ,279.857277855262   ,88.3756827621937   ,0.00376447512239181,4.29050980951167   ,20.2672477586426   ,19.5367035318838   ,53003              ,feb                ,2007               
21.7720661385799   ,0.265466082049198  ,199.431051370802   ,1.76679753855554   ,2.04258185645547   ,23.8818086442217   ,40.3329181993705   ,89.1545661129896   ,273.738082674791   ,284.668603681998   ,154.097525019571   ,0.00396854489060771,3.48852396952506   ,19.8575220580267   ,16.1053783826626   ,53017              ,mar                ,2007               
12.9010905900494   ,1.22970252034302   ,196.938295246374   ,0.94437130851463   ,1.87119342251284   ,15.3350895074078   ,45.1911225280103   ,93.5066293517636   ,273.292725902011   ,284.48041090155    ,139.832698989959   ,0.00422655458271511,3.80806812284296   ,22.3267829940651   ,18.1011623387618   ,53063              ,mar                ,2007               
21.1462060819418   ,0.472407040807895  ,199.608853373742   ,1.18155649324367   ,2.23464917671029   ,24.6180160366899   ,36.6529588798325   ,91.2513394471349   ,274.440098331427   ,286.858439524739   ,153.900475745255   ,0.00411314900784133,3.43356537845096   ,19.4345587257254   ,16.2117955211255   ,53025              ,mar                ,2007               
16.2745800386863   ,0.687273918134583  ,194.488355290781   ,0.899154268184791  ,2.00041494199994   ,19.5947320048093   ,41.39654492851     ,93.246042226183    ,273.392957396775   ,285.022501701222   ,150.359555651716   ,0.00414189818282297,3.68700311690356   ,20.7641585884767   ,17.3429602974602   ,53043              ,mar                ,2007               
15.4340178192367   ,0.696386908880773  ,190.807338781802   ,0.963578543303323  ,2.14971598173226   ,21.1294613111503   ,38.9586536926839   ,92.410615353523    ,274.513948912497   ,286.973821550985   ,154.723566883361   ,0.0043047374855755 ,3.20829144706401   ,20.2179025791414   ,16.7988087657375   ,53001              ,mar                ,2007               
13.3600392258967   ,1.17032404004396   ,197.507930205778   ,0.0537693951650883 ,2.14502062509815   ,18.1175897532034   ,43.5570748827534   ,90.6359495040633   ,274.660944411913   ,286.33127106929    ,148.008868273712   ,0.00442785218179551,3.80726751057428   ,21.1109749643807   ,17.0649013148675   ,53075              ,mar                ,2007               
17.3925424984975   ,0.734177272639263  ,199.697276050946   ,0.866276153004713  ,2.34832518043057   ,24.3944066190838   ,37.7706663011026   ,90.0632899111613   ,275.989842996526   ,288.444892644764   ,156.376453746578   ,0.00446465827652343,3.22592048793661   ,19.0357958523866   ,16.0148392231234   ,53021              ,mar                ,2007               
18.571406367578    ,0.55793415329672   ,203.179870460286   ,1.10163931537746   ,2.33267716236027   ,24.9972064498272   ,38.0295400492083   ,91.2588218875367   ,275.927883365906   ,288.383337611755   ,155.985306092495   ,0.00447344744480365,3.15260153649349   ,18.8067325853987   ,16.1531402467657   ,53005              ,mar                ,2007               
13.4904938367426   ,1.66581633259481   ,208.763187051512   ,0.101508224136186  ,2.17816589021224   ,18.8189775291595   ,45.6926546152215   ,85.7315696914266   ,275.104679016713   ,285.510828509261   ,150.335100839287   ,0.00434275309719348,3.8754100807562    ,20.9077660817227   ,16.442935133716    ,53023              ,mar                ,2007               
12.6946275242229   ,2.06516197549795   ,205.95202059199    ,-0.0217166741799265,2.26426217892629   ,17.1231598745465   ,45.0037057751277   ,85.4451472477783   ,275.211159042361   ,285.843196421132   ,154.966338824952   ,0.00434534242447073,4.11797697982803   ,21.8009255959605   ,16.5825655512302   ,53013              ,mar                ,2007               
15.0576643554137   ,1.40918371770331   ,205.41594573653    ,0.0187648874221372 ,2.38642871409553   ,20.6569228289591   ,41.8877671081939   ,88.3769674383684   ,276.244030299913   ,288.1318152603     ,150.50659983195    ,0.00459276460524045,3.87186396743349   ,20.2977224865705   ,16.3971140849256   ,53071              ,mar                ,2007               
17.2334840768415   ,1.03482270551649   ,223.458447859881   ,-1.0533997380603   ,2.34799657642406   ,25.1791645329746   ,44.2890695053632   ,82.5653571862458   ,275.526923351858   ,285.785287004205   ,151.726962951595   ,0.00427671428662923,4.28458630708854   ,18.3637774050699   ,14.9902214426867   ,53003              ,mar                ,2007               
33.6540512281456   ,0.23697874258069   ,196.639999746612   ,1.2528130601546    ,3.32777228611927   ,44.2909106662438   ,30.8286016550775   ,74.6640813882353   ,275.87828209835    ,288.370865701708   ,215.664047749152   ,0.00391928567470537,3.52268488811997   ,13.9737185404093   ,10.8126118921741   ,53017              ,apr                ,2007               
24.2232684310098   ,0.664886175846377  ,192.914017096213   ,0.551974819036127  ,3.048136056629     ,29.8902548219899   ,36.5434631511916   ,84.5748415547905   ,274.347815306257   ,287.775348289977   ,206.075794904065   ,0.00423784943532459,3.83220331824659   ,17.8514918053887   ,13.6938033433429   ,53063              ,apr                ,2007               
31.1278734044287   ,0.237257615486381  ,199.126791126637   ,0.765852917100676  ,3.53527566348903   ,40.9388718018657   ,29.0803146477954   ,79.4178718799356   ,276.234095924094   ,290.170181970869   ,221.973337121855   ,0.00411070247527239,3.52524097843696   ,14.8388704768628   ,11.685670784114    ,53025              ,apr                ,2007               
26.8294494350742   ,0.495090425317972  ,193.554056401583   ,0.251571752117649  ,3.16643972317188   ,34.1865673234374   ,33.3880060764941   ,83.9183715280125   ,274.353599802046   ,288.152797291709   ,216.968385634198   ,0.00409291081862893,3.62661763791917   ,16.5269693940617   ,13.0992207879952   ,53043              ,apr                ,2007               
25.6402236728475   ,0.467983499693096  ,196.507423948171   ,0.679913036015946  ,3.36694270088315   ,34.6815903332081   ,31.6092489886534   ,83.9479007573387   ,275.368909823792   ,289.817390077549   ,224.69994120739    ,0.00421970811947814,3.30643933943145   ,16.3501728821165   ,13.0142480027254   ,53001              ,apr                ,2007               
22.4094745158613   ,0.79369886617567   ,208.273565414728   ,-0.195860308240506 ,3.22141907955618   ,30.256738955105    ,37.1572048029432   ,83.206452374477    ,275.353106801949   ,288.882529123344   ,215.305417827531   ,0.00441056129294356,3.68759835444712   ,17.4943458928875   ,13.6568019127565   ,53075              ,apr                ,2007               
26.8516141816789   ,0.449568278395977  ,208.360247077078   ,0.663883664714815  ,3.56991710092777   ,36.9707550569681   ,31.174966626045    ,80.8702389995868   ,277.226751591609   ,291.022148597913   ,226.515034320538   ,0.00441578473919668,3.36779982264225   ,15.6862467633761   ,12.4031446580398   ,53021              ,apr                ,2007               
24.9861367996894   ,0.500496311191859  ,215.767590233213   ,0.782992859997284  ,3.58813624640071   ,36.4096954012764   ,30.6029943301598   ,81.567574650202    ,277.383747695231   ,290.991526306875   ,227.037654394793   ,0.00444800360791874,3.44483826368518   ,15.6139314292686   ,12.536908505231    ,53005              ,apr                ,2007               
22.9116753605475   ,0.968093845670885  ,223.156274388789   ,-0.292438053574792 ,3.11404012768659   ,30.9094429471231   ,40.5972002698768   ,78.4158848768436   ,275.925057222039   ,287.598849158751   ,212.780772624993   ,0.00445550144527119,3.74885521111528   ,17.3245346149302   ,13.2030423345033   ,53023              ,apr                ,2007               
22.2741201257325   ,1.14985798931247   ,212.936903773324   ,-0.477839545948174 ,3.16022205826084   ,29.5647053327444   ,39.6140922641255   ,78.3932323592287   ,276.016331575137   ,287.96363136864    ,211.965919014629   ,0.00443853432268723,3.80570919252607   ,17.8451396759892   ,13.3159287660742   ,53013              ,apr                ,2007               
23.1492311652266   ,0.868892587886916  ,211.254277280046   ,-0.147725085279716 ,3.48944841122563   ,32.1335054059016   ,35.2771690521137   ,79.3983143193935   ,277.481618754069   ,290.647536706278   ,216.249003032488   ,0.00460657073518635,3.67625652340854   ,17.0062830294374   ,12.9699855129893   ,53071              ,apr                ,2007               
26.624706541989    ,0.813529764532753  ,232.253404850449   ,-1.41973239283243  ,3.25243688327263   ,35.8836521916726   ,38.7010089175835   ,76.455699714605    ,276.43488770645    ,288.019737956472   ,209.935609273609   ,0.00445662814185676,4.06660365478256   ,15.6385070148756   ,12.4805379502095   ,53003              ,apr                ,2007               
39.9887102520949   ,0.637975235336107  ,231.310584203332   ,0.608915857629313  ,5.17672227035553   ,54.7765024817204   ,27.2708404362072   ,67.9911156125239   ,280.368154504695   ,295.191808224429   ,311.984265288232   ,0.00476925982831514,3.28928348081297   ,11.6012360617841   ,9.65157211002044   ,53017              ,may                ,2007               
26.1129333540673   ,1.00438007581163   ,186.350612790459   ,-0.417399514051345 ,4.58978771413      ,40.5343361798543   ,33.8535950934961   ,79.263303533607    ,278.367801537969   ,294.107859336508   ,288.853290914309   ,0.00532167773243708,3.31414466185223   ,14.3988491941613   ,11.8796190176189   ,53063              ,may                ,2007               
40.782220086715    ,0.374677686130248  ,220.528762386818   ,-0.337975740428199 ,5.48735832829179   ,56.528865899245    ,24.5943700122321   ,69.0649815346966   ,280.820771725931   ,297.248713563592   ,317.19042780366    ,0.00475548994034584,3.17695805436915   ,11.4235904104144   ,9.25697966707957   ,53025              ,may                ,2007               
32.8262821664823   ,0.556308875348976  ,192.087037882928   ,-0.84694670813822  ,4.90344633519379   ,46.1719073153816   ,29.5317301558185   ,79.6736927028065   ,278.669881404965   ,295.170777852068   ,304.193912403607   ,0.00512117210770093,3.21395083859222   ,13.4018867628359   ,11.2442109634552   ,53043              ,may                ,2007               
33.7255554479314   ,0.38557130321881   ,190.861612896047   ,-0.414446663545532 ,5.25990023195595   ,49.9769710721828   ,26.6996133340486   ,75.4029874479895   ,279.665280888708   ,296.873517138778   ,317.828017380335   ,0.00497773708564738,3.00918232294975   ,12.6437625996076   ,10.2884645985415   ,53001              ,may                ,2007               
26.2064635507362   ,0.91380555748374   ,197.320690624291   ,-0.81960374616963  ,4.90250605631146   ,41.7305281200083   ,33.1951651024864   ,76.5744812039225   ,279.194505461199   ,295.082593814625   ,302.25411331669    ,0.00534517633382309,3.36666393572737   ,14.1492627682405   ,11.4698299545491   ,53075              ,may                ,2007               
37.3100467563609   ,0.258449887826336  ,187.330481351684   ,-0.0778325658506499,5.55161034685211   ,53.7221106751681   ,26.0541454568394   ,70.7187438955378   ,281.406799354269   ,297.925021358518   ,323.865716278228   ,0.00504886227782363,3.09627276380955   ,11.9841085006818   ,9.52715151345464   ,53021              ,may                ,2007               
39.517489858883    ,0.221987088907195  ,199.563356577798   ,0.0476228382187681 ,5.65036866081924   ,55.1446601699659   ,24.9394416343076   ,69.2296770002624   ,281.76990095744    ,298.094453647451   ,324.30951511844    ,0.00494217541188163,3.19914163266243   ,11.8649111139931   ,9.24776621962986   ,53005              ,may                ,2007               
27.613722005566    ,0.876707597695212  ,216.472712730841   ,-0.969006875811403 ,4.68865797314752   ,42.7125737208972   ,37.0421452045536   ,69.7907450532082   ,279.704946063559   ,293.165359478727   ,298.877874065224   ,0.00529822616644694,3.41323060302452   ,13.944220839462    ,11.0071503527058   ,53023              ,may                ,2007               
28.4900305257379   ,0.878954871132494  ,192.20470788417    ,-1.12699285417431  ,4.77134281671685   ,42.5052622775938   ,35.8742023328534   ,69.7226966177566   ,279.924573751745   ,293.700576156      ,297.586031003571   ,0.00525821852703808,3.51794908046118   ,14.196795812754    ,10.9297373128127   ,53013              ,may                ,2007               
34.1623120027208   ,0.501069496415307  ,188.954605387338   ,-0.762844307820734 ,5.34740689124081   ,48.7257987194226   ,29.7952836682219   ,69.4622064926103   ,281.52891503711    ,297.131650883164   ,309.56567678344    ,0.00528413591033359,3.35330519311515   ,13.094185191754    ,10.0024513276018   ,53071              ,may                ,2007               
30.7552774890111   ,0.847286600490612  ,232.749615535558   ,-2.01987856350966  ,4.78631685511039   ,46.4572238915383   ,35.210230705175    ,66.647132401975    ,280.14669426868    ,293.330641277431   ,296.241659771169   ,0.00520217155843946,3.56386113968181   ,13.0212621395802   ,10.4451334881788   ,53003              ,may                ,2007               
45.8343147653033   ,0.457379958662811  ,216.682982610135   ,-0.227094735628913 ,5.42782073994531   ,59.9299975970149   ,28.4173208067895   ,69.3618854109703   ,282.628330840105   ,296.376680579447   ,298.850426935228   ,0.00562244360019291,3.64354388471776   ,10.2788668448285   ,9.04776064936149   ,53017              ,jun                ,2007               
32.8507372581839   ,0.782016586119039  ,193.779724640542   ,-1.15457923582018  ,4.95676179962438   ,46.1108685117604   ,34.5094111143999   ,77.2208326561956   ,281.032387981009   ,296.016037608787   ,274.979289388608   ,0.00629747676910321,3.7276665837086    ,13.0546485804255   ,10.9169854529844   ,53063              ,jun                ,2007               
47.014384467911    ,0.480134622088879  ,212.455081399601   ,-1.07545975771535  ,5.83985891541208   ,61.1102154377827   ,26.1870995761853   ,71.1161828711148   ,283.412898784407   ,298.396456820844   ,312.422278660757   ,0.00583165719985138,3.63993621628543   ,10.1318455687098   ,9.04144851488721   ,53025              ,jun                ,2007               
37.5882086304706   ,0.674507158103213  ,203.17911583317    ,-1.37855772388389  ,5.18892202730111   ,49.4924896918504   ,31.3060873834311   ,80.2043017263723   ,281.320429047044   ,296.55832705016    ,291.015980885459   ,0.00619074209702891,3.65556075543568   ,12.4313975028415   ,10.8373391500426   ,53043              ,jun                ,2007               
38.7740226996174   ,0.569443766977691  ,205.454585556952   ,-1.06668657173948  ,5.60942157818914   ,54.1082149607632   ,27.4138562004796   ,76.7569686281191   ,282.383865679984   ,298.498760176024   ,307.369623252337   ,0.00608349446313582,3.38686056739963   ,11.5076870864533   ,9.97152599309213   ,53001              ,jun                ,2007               
31.0102186973339   ,0.770218446772473  ,213.291062880497   ,-1.1913243130054   ,5.2430244511623    ,45.8973288028941   ,33.6337380040487   ,77.4501649705475   ,281.756452420104   ,297.064565423704   ,290.204724127078   ,0.00640477561110667,3.6192038708037    ,13.0577223986831   ,10.9508501769982   ,53075              ,jun                ,2007               
40.038024561959    ,0.613508774905633  ,207.353239965806   ,-0.754080118539964 ,5.93413988428238   ,57.4411642331343   ,26.2329082327623   ,71.5209660940904   ,284.162449188232   ,299.428789113363   ,321.1135059298     ,0.00612910162042588,3.43962727697996   ,10.7928593344566   ,9.32580920916337   ,53021              ,jun                ,2007               
42.4177221267688   ,0.671319816756766  ,215.627202287381   ,-0.689063376714007 ,6.0553784635763    ,59.1352256274552   ,25.4258721498343   ,70.5817141160457   ,284.556942750528   ,299.585814731455   ,325.107219893175   ,0.00608071400253543,3.57978979106662   ,10.5001000495587   ,9.13290014626712   ,53005              ,jun                ,2007               
31.8819643524013   ,0.952670780663411  ,227.631463360342   ,-1.45272725894584  ,5.15136877821593   ,47.2175425659796   ,36.5963060791695   ,69.245880348095    ,282.328340145767   ,295.556117055826   ,292.770014975727   ,0.00626775964894033,3.66454250041249   ,12.6771791054349   ,10.4758162400737   ,53023              ,jun                ,2007               
32.8051077399905   ,1.089017971778     ,217.023724444894   ,-1.58751277238079  ,5.2291592793939    ,47.5641726177608   ,35.3628653584558   ,68.9528443997235   ,282.50424400982    ,295.92756209981    ,295.451068069964   ,0.00625737984502204,3.81532401438367   ,12.7268144803105   ,10.4102352214733   ,53013              ,jun                ,2007               
36.4003537434329   ,0.936143237251415  ,212.928675188572   ,-1.24832805287507  ,5.79739773557761   ,52.7926623359928   ,29.1199904718373   ,69.5777333432743   ,284.25695687064    ,299.004248667151   ,309.375360628454   ,0.00633017122808612,3.67109196964641   ,11.7119364796615   ,9.79000041555906   ,53071              ,jun                ,2007               
34.12861295377     ,0.967881925349688  ,236.930989177732   ,-2.53810001884354  ,5.3030915779499    ,50.0355321879515   ,35.0265482914129   ,66.3070823107903   ,282.793474291131   ,296.104613990505   ,287.772060253208   ,0.00619754093515612,3.81928896550134   ,12.0051594570605   ,9.99012529902214   ,53003              ,jun                ,2007               
54.2878579506593   ,0.259197030556885  ,222.035136643357   ,-0.866636609049432 ,6.95858515781814   ,71.7961957724382   ,21.5698440630699   ,57.775572356385    ,288.976717546332   ,304.803760302688   ,313.386836381718   ,0.0067931582854884 ,3.31024677430471   ,8.54235829924326   ,7.19950568048905   ,53017              ,jul                ,2007               
48.4621569665061   ,0.242470064409481  ,189.79708060934    ,-1.79006042825898  ,6.8354161723313    ,63.991648804453    ,23.0178154499253   ,66.5986338975512   ,286.777055435338   ,305.585337716933   ,317.662376961108   ,0.00729925632550315,3.10028494520624   ,10.1386588353575   ,8.27293845403076   ,53063              ,jul                ,2007               
55.2209039775458   ,0.131943614220517  ,219.576272549927   ,-1.31184048911456  ,7.24188603623448   ,72.8333969743858   ,21.0661910440292   ,59.6356204360163   ,289.569885467171   ,306.461237403549   ,319.377148099516   ,0.00703402816004999,3.30104222361713   ,8.37286840227828   ,7.18148267861771   ,53025              ,jul                ,2007               
48.9837787062283   ,0.21014121452897   ,195.820829256333   ,-1.72889679362116  ,6.84077141710605   ,65.5832661966389   ,22.0871274602891   ,67.8100870449481   ,287.239722859603   ,305.56689643434    ,316.582811851775   ,0.00716211498127108,3.10217541277716   ,9.74970585175259   ,8.21870891744467   ,53043              ,jul                ,2007               
50.0443964538055   ,0.169470452647496  ,203.592125063187   ,-1.34692565138953  ,6.95950006799586   ,69.0689759330704   ,21.1219988337329   ,64.7592157294607   ,288.303449426763   ,306.842308482353   ,317.061881026848   ,0.00715173358856357,2.96730438942763   ,9.05256910482323   ,7.75300805180182   ,53001              ,jul                ,2007               
46.9760017779744   ,0.226222016129367  ,202.678977755541   ,-1.57524922758925  ,6.89213748235178   ,62.6606589691915   ,23.0399714147434   ,68.1411813634623   ,287.181697534782   ,306.110038627031   ,316.691697282303   ,0.00740943457239415,3.14584107992093   ,10.3082546316469   ,8.59745142562113   ,53075              ,jul                ,2007               
52.2391614783659   ,0.134705176816389  ,236.906826992869   ,-0.960697150918154 ,7.1067331203456    ,71.4862620048428   ,22.0745717885181   ,61.5541973539972   ,290.068296060491   ,307.113021032745   ,318.456270173406   ,0.00736124603581562,3.04359602446      ,8.54101366381491   ,7.49453619242306   ,53021              ,jul                ,2007               
54.496645386667    ,0.0716506834844979 ,241.472792551927   ,-0.974030997519633 ,7.25867511484773   ,73.1036875703495   ,21.7887331211606   ,60.4387826817617   ,290.380800091736   ,307.110919966227   ,318.89621226454    ,0.00733314904493286,3.21670706008404   ,8.2583503647373    ,7.25979716533421   ,53005              ,jul                ,2007               
48.4291808376841   ,0.2861112342064    ,219.400414720372   ,-1.8772549571211   ,6.78395413158174   ,66.0275578450115   ,23.5749882132657   ,55.8329476905094   ,288.608069888959   ,304.377924850913   ,315.558060316064   ,0.00690486635172158,3.13750189973892   ,9.729456036441     ,7.60506396999676   ,53023              ,jul                ,2007               
46.2977425847385   ,0.349511893088301  ,210.249546820701   ,-1.99484062808554  ,6.7481494050154    ,65.1700279311219   ,23.9962639480079   ,56.4230120917708   ,288.745754796656   ,304.409094147053   ,313.178445688153   ,0.00699699783634886,3.13702211185114   ,9.75131611795044   ,7.72935537844166   ,53013              ,jul                ,2007               
50.0042947323349   ,0.232679531384634  ,221.900010241757   ,-1.49762628698686  ,7.03897032573909   ,68.6265169134172   ,22.4612063778813   ,60.8476093878997   ,289.920561195452   ,306.89495397008    ,312.762925244803   ,0.00734763651580784,3.08011393399492   ,9.12360021188257   ,7.68272644348605   ,53071              ,jul                ,2007               
51.7299918423949   ,0.149230219172904  ,233.653689385401   ,-2.97214772796979  ,6.92981249123482   ,70.5019169756461   ,21.7346583157111   ,52.0629657855841   ,289.209942297849   ,305.207121024279   ,316.002378851323   ,0.00672114571592741,3.08831914064321   ,9.04722171978359   ,6.9477993525812    ,53003              ,jul                ,2007               
55.5859330217859   ,0.10949661234505   ,234.943508241525   ,-1.07831556940751  ,5.46627519356874   ,72.5396135162866   ,23.3465084362503   ,62.120643671031    ,286.104731322351   ,300.928944157762   ,265.257201965016   ,0.00612742460343378,3.18662122080362   ,8.07446732872227   ,8.09394826143578   ,53017              ,aug                ,2007               
49.1254148140113   ,0.461516057829002  ,208.926634088172   ,-2.11417303790679  ,5.28121205940236   ,66.4192395764293   ,22.7834027176079   ,67.5748871820956   ,283.26630684151    ,300.755249430378   ,261.4635463415     ,0.00595960067859056,3.19660001104282   ,9.09652494161617   ,8.98829203931149   ,53063              ,aug                ,2007               
54.5072859277651   ,0.123573117561411  ,233.203196627966   ,-1.43294733369554  ,5.55027342159533   ,71.8940251828393   ,23.137478210246    ,64.3395584542536   ,286.23864866044    ,302.371671202976   ,269.819710650913   ,0.00638428282925067,3.04461838049365   ,8.14158906395047   ,8.41760417374194   ,53025              ,aug                ,2007               
51.2292386080603   ,0.287766819972531  ,218.351549667923   ,-1.87380881582638  ,5.3069220031645    ,67.7238475549339   ,22.4489018937091   ,66.9914222151644   ,284.064919445529   ,301.107496255282   ,261.075710060213   ,0.00597237512580858,3.09314245355901   ,9.00042578078039   ,8.81845194554254   ,53043              ,aug                ,2007               
51.3231046765873   ,0.268775693961373  ,216.458316604403   ,-1.39247121252541  ,5.33013217927282   ,69.3446256281631   ,22.2254208003607   ,66.6121794520536   ,284.832789677681   ,302.596930111322   ,264.053054388575   ,0.00625092747382317,2.82071024697329   ,8.69635953342576   ,8.73791689286116   ,53001              ,aug                ,2007               
48.4947703864501   ,0.375789799293259  ,219.789345501569   ,-1.76243539422166  ,5.40832098849358   ,65.7462336683183   ,22.1559152852335   ,68.4713827032925   ,283.720351338975   ,301.868661859212   ,259.196824513966   ,0.00611109363426767,3.22705591340445   ,9.19355693149386   ,9.10483284198356   ,53075              ,aug                ,2007               
51.5706949302268   ,0.180423704089213  ,219.32896014153    ,-1.00319171039498  ,5.45991554949479   ,70.3188923166053   ,23.874140108667    ,64.8387093831528   ,286.788438619988   ,303.12313688671    ,268.50673535728    ,0.00675891549491136,2.90793018814352   ,8.38041670298754   ,8.61492105500574   ,53021              ,aug                ,2007               
49.5540017723157   ,0.161170213707794  ,224.970737180975   ,-1.14217524723879  ,5.50968847951547   ,69.3760846908549   ,24.2494402971402   ,66.390732650471    ,287.114030718963   ,303.076753345831   ,270.470071817177   ,0.00690796811558353,2.99676594903824   ,8.33616306818631   ,8.78744245747342   ,53005              ,aug                ,2007               
52.2125599193254   ,0.454691406183409  ,230.217805710144   ,-2.11137810503721  ,5.41407109450969   ,70.5715732947067   ,22.5252746480951   ,59.5414142922967   ,285.177089216522   ,300.287087500298   ,262.483024195902   ,0.00578314045808375,3.3027311000287    ,8.36495580154439   ,8.16435323495278   ,53023              ,aug                ,2007               
52.245910566194    ,0.593077482061397  ,220.638508640293   ,-2.17803177450756  ,5.38739842612323   ,69.3930978686438   ,22.7428016965      ,60.3040668223883   ,285.269776295174   ,300.320406397862   ,265.556031493677   ,0.00586084584402588,3.34314603326671   ,8.66854343626109   ,8.35157070250915   ,53013              ,aug                ,2007               
51.0226379155806   ,0.373919392090096  ,218.108391887052   ,-1.56313311751316  ,5.54041154831531   ,69.0494813526393   ,23.2345840323168   ,64.0559649541251   ,286.651088255395   ,302.880405889231   ,265.23991598534    ,0.00660052782102846,3.18110594484802   ,8.6376331134509    ,8.60894861913496   ,53071              ,aug                ,2007               
55.0249594017857   ,0.388933772560229  ,246.431510779179   ,-3.18870266423608  ,5.64901603063977   ,74.1787611532694   ,21.0751495970988   ,57.1488618479074   ,285.657000486672   ,300.993495383374   ,263.232321372503   ,0.00566719816311819,3.45743754881535   ,7.69357421871407   ,7.6887687668678    ,53003              ,aug                ,2007               
52.825494519771    ,0.341924019801863  ,237.742548629077   ,-1.35272443244988  ,3.93714251365355   ,66.0900922422246   ,25.1636037444383   ,70.4439500584221   ,281.363399073077   ,295.384590534166   ,196.297550602936   ,0.00501252986227772,3.74814026749895   ,8.77477372603061   ,9.732652726092     ,53017              ,sep                ,2007               
38.2143146926219   ,0.559863262565423  ,208.627063127626   ,-2.19621175050494  ,3.54807845785263   ,51.0310713075215   ,27.0103395909403   ,84.3221265841158   ,278.235409348013   ,294.619178819898   ,189.457114805397   ,0.00512801325488873,3.63937925637795   ,11.3320834352132   ,12.7433500107299   ,53063              ,sep                ,2007               
50.3288388189952   ,0.277478393719808  ,222.552732891923   ,-1.49463715567438  ,4.02758572568151   ,63.947152858504    ,24.4398360311949   ,73.5922146868662   ,281.284765196341   ,296.878419229623   ,201.842103755423   ,0.00520691743855081,3.57514714722151   ,9.17949511159273   ,10.2437653704433   ,53025              ,sep                ,2007               
42.8109964602292   ,0.372255204590712  ,217.265487941533   ,-1.86984047988339  ,3.63645165708678   ,55.6599787357789   ,25.8269791241952   ,82.1763450370673   ,278.780767499367   ,295.169373566135   ,191.234478607724   ,0.00503858497626368,3.52540635105723   ,10.5728901319117   ,12.0164289156217   ,53043              ,sep                ,2007               
44.1274866525163   ,0.272481331817002  ,212.098382798921   ,-1.36159392872535  ,3.79164662317594   ,59.1373511113091   ,24.4764994812558   ,78.4873415827637   ,279.991451826706   ,296.744025981506   ,197.519025386712   ,0.0051670658085811 ,3.26726900756416   ,9.99317164348212   ,11.1164947779154   ,53001              ,sep                ,2007               
43.0345705030266   ,0.20369587065075   ,224.419515284524   ,-1.86162726238662  ,3.81671086785373   ,54.6120496869555   ,24.8897817838332   ,81.6998919505699   ,278.962571059283   ,295.945792762906   ,194.20471862793    ,0.00511477918825204,3.70439730528757   ,10.9295530641593   ,11.8798588838016   ,53075              ,sep                ,2007               
47.0995293920726   ,0.312648234329162  ,222.115514653275   ,-1.04954111762012  ,3.93355414388271   ,61.5860680763538   ,25.8280009420101   ,74.5433946746435   ,281.895481794308   ,297.481274562738   ,202.893426748422   ,0.00554324456150285,3.37202795884548   ,9.58896948814392   ,10.5739556644513   ,53021              ,sep                ,2007               
46.0216393501136   ,0.27079808974172   ,218.841163007623   ,-1.20198710941704  ,3.99613592925921   ,61.1280812018016   ,26.121172016283    ,74.2769597755146   ,282.295796599379   ,297.412011646519   ,207.602935567175   ,0.00560364623293896,3.44364070232803   ,9.62034517971016   ,10.5653520029913   ,53005              ,sep                ,2007               
48.450911473973    ,0.187586422304683  ,235.099568265541   ,-2.20731848897894  ,3.89360616323124   ,61.4971466540303   ,25.4790895093795   ,70.1901105677366   ,280.567705044638   ,294.567177750803   ,200.935178987333   ,0.00491734730107729,3.84460950797389   ,9.6972389700003    ,9.95507989709668   ,53023              ,sep                ,2007               
49.5441483948934   ,0.265408003041569  ,221.525576250237   ,-2.22221055320004  ,3.90792642419875   ,61.7517086794655   ,25.5177656378421   ,68.4902991429673   ,280.682823343593   ,294.57555278625    ,201.444353036398   ,0.00489499773033756,3.94653212769285   ,9.75894011128011   ,9.80287531100435   ,53013              ,sep                ,2007               
48.8031067423501   ,0.326013836409987  ,216.675219693238   ,-1.60439293746783  ,4.02796666465478   ,60.5641375409878   ,26.0512909688924   ,73.2953977502135   ,281.753267485663   ,297.014722845806   ,199.303732136465   ,0.00546317369169821,3.76703768593024   ,9.88949365486621   ,10.5417431171024   ,53071              ,sep                ,2007               
51.9246697649368   ,0.182549043830004  ,238.667403162831   ,-3.26359774857542  ,4.08059032921954   ,64.5107151843626   ,24.7228007483656   ,67.8854288416767   ,280.932197463135   ,294.799173645614   ,202.347121386748   ,0.00488011669540334,4.11526393801917   ,9.10347865178927   ,9.45558303197225   ,53003              ,sep                ,2007               
23.3457114058718   ,0.467724072176284  ,202.485501463402   ,-1.16524927905026  ,1.62678811155955   ,31.1403208030181   ,41.5054511149109   ,92.9705221973682   ,275.185051908328   ,286.504713416193   ,114.858046222299   ,0.00460306666881931,3.32052515856692   ,15.4591494563476   ,17.4892964635494   ,53017              ,oct                ,2007               
16.8376253694016   ,1.04383890024411   ,188.752508063945   ,-1.91948422351748  ,1.61450945461412   ,22.5733159916438   ,42.2938355532729   ,97.0307488900117   ,274.521751175652   ,286.851586614243   ,114.644961940505   ,0.00486127737314546,3.63825476882574   ,18.2847535312614   ,19.1119933784306   ,53063              ,oct                ,2007               
25.1369406915675   ,0.344642727354432  ,188.601812199768   ,-1.30578012040395  ,1.83712506102153   ,32.655678003051    ,37.2462519649459   ,94.1091387753724   ,275.604943995952   ,288.597091100699   ,120.378695976539   ,0.00467535241986139,3.3684666620544    ,15.3060999124717   ,17.2581796113518   ,53025              ,oct                ,2007               
21.4049448662682   ,0.635410803601413  ,186.167276996979   ,-1.5743315255917   ,1.70275743739674   ,26.9033897255115   ,39.6149349149504   ,96.4918479810769   ,274.524043779889   ,287.32541978551    ,116.981784897503   ,0.00470259328480256,3.5526056693125    ,17.0793250601767   ,18.4156015687455   ,53043              ,oct                ,2007               
23.1740380623098   ,0.52375717002739   ,180.208464869738   ,-1.21688501717062  ,1.83074844257868   ,30.9725928495657   ,36.680258568449    ,94.5706024762277   ,275.704578236408   ,289.121219707291   ,122.384180810295   ,0.00477410322177242,3.15994353802436   ,15.9462312239906   ,17.4674601975337   ,53001              ,oct                ,2007               
18.7846159627387   ,0.903932152960513  ,191.875893143332   ,-1.81497070368598  ,1.86471973582735   ,26.9013861744499   ,39.328771484708    ,95.2600006303299   ,275.559416051065   ,288.631302659326   ,117.114437978118   ,0.00493473345093938,3.61916207613484   ,16.8259419270756   ,18.1300482692755   ,53075              ,oct                ,2007               
24.4644947178415   ,0.423105459913574  ,194.160427998647   ,-0.920529501804282 ,1.91908998053068   ,33.233901905481    ,37.6699608315309   ,92.0355156143605   ,277.297897433525   ,289.821832559363   ,123.259586017126   ,0.00495993859124793,3.25673169448565   ,15.2345751534029   ,16.7220370718622   ,53021              ,oct                ,2007               
24.1993271405458   ,0.513427235905702  ,195.12296009446    ,-1.04982627000241  ,1.90492709915097   ,33.0949405427879   ,38.4611570273995   ,91.4201269664936   ,277.378374003982   ,289.745350344942   ,122.535594207318   ,0.00496269611324983,3.23176664785532   ,15.2487362779991   ,16.733290871174    ,53005              ,oct                ,2007               
18.3852973944129   ,1.26924052692993   ,208.754950147286   ,-2.11192196940783  ,1.89291826255382   ,29.566856348259    ,42.1481733706212   ,89.3250553682939   ,276.651229959288   ,287.588852983466   ,120.753317937849   ,0.00491681967523644,3.70664883923421   ,15.7270495707658   ,16.9947981759891   ,53023              ,oct                ,2007               
18.3372531432917   ,1.77931608014807   ,198.559421049101   ,-2.06540453870883  ,1.90667568167567   ,28.3958987143973   ,41.8828269452425   ,88.6556508612379   ,276.744369254284   ,287.747882960918   ,122.677089095861   ,0.00489753836364714,3.89013947637837   ,16.3918927226834   ,17.1679388221666   ,53013              ,oct                ,2007               
20.7435456485503   ,0.998742430194638  ,193.908489930615   ,-1.45787458278259  ,1.99083820177663   ,29.8656562449205   ,39.3650023337584   ,91.2950849700656   ,277.411716624254   ,289.691637412851   ,118.800506791386   ,0.00505752941628822,3.74138475774765   ,16.1014819712955   ,17.13112061961     ,53071              ,oct                ,2007               
21.8329384318113   ,0.955581578982839  ,227.06525244111    ,-3.11959572923154  ,2.02427660256856   ,32.5387339739062   ,41.4334732324678   ,87.9228297665396   ,276.886482642964   ,287.560616119794   ,122.736377396751   ,0.00486263110996879,4.12357822726523   ,14.8151070235728   ,16.3836712253383   ,53003              ,oct                ,2007               
17.4988276677781   ,0.627437174510335  ,172.808448257172   ,-1.47482738434358  ,0.727150817335937  ,24.6853089036325   ,52.2314822667371   ,90.4416011148814   ,270.407775368909   ,277.992174039911   ,64.2480498379024   ,0.00330467109768405,2.86600425191967   ,17.3033493838863   ,18.1407966302304   ,53017              ,nov                ,2007               
11.1820196282037   ,1.62009012642663   ,172.800200502158   ,-2.19127555676144  ,0.622628799524713  ,14.6204073954936   ,55.9523001816739   ,95.8237094071378   ,269.860928691025   ,278.228262502251   ,62.9608667273169   ,0.0036507368422153 ,3.13245843973807   ,20.7763831022663   ,20.7949234037776   ,53063              ,nov                ,2007               
16.918921392635    ,0.751934131260764  ,156.923788277482   ,-1.61212399576965  ,0.781074256730072  ,23.2652436424072   ,52.5125463607179   ,92.8686562149355   ,270.690105878515   ,279.755308516907   ,65.9722224428478   ,0.00354311874861778,2.76574413661801   ,17.685418857793    ,18.9660043603396   ,53025              ,nov                ,2007               
12.177314408678    ,0.993722444568822  ,161.68321347594    ,-1.86210092951973  ,0.632701445511982  ,17.3693405368461   ,55.9308570793534   ,95.3382477562297   ,269.964968699696   ,278.208108712305   ,64.499176901375    ,0.0036120382669384 ,2.9825689493946    ,19.4797926572741   ,20.2196121388802   ,53043              ,nov                ,2007               
13.8512641706707   ,1.03845519168158   ,146.345069949584   ,-1.58468697980801  ,0.712627561043133  ,20.7846365610787   ,54.9394431643409   ,93.1641814631742   ,271.065629682568   ,279.885048204074   ,65.8515797681544   ,0.00371945191769831,2.47335041521443   ,18.2647178435394   ,19.4447622318322   ,53001              ,nov                ,2007               
13.9760721052705   ,1.75125101516995   ,173.490529591986   ,-2.11891459698771  ,0.750230402102365  ,18.2643241160352   ,55.4518688534755   ,93.2115946957457   ,271.202108739516   ,279.80728397863    ,66.0242084312439   ,0.00378459735264016,2.98091335756405   ,19.4993075873805   ,19.9712159850177   ,53075              ,nov                ,2007               
15.9712316700756   ,0.987839471120865  ,163.028557053557   ,-1.27858633710406  ,0.824682596111431  ,23.2285814063008   ,55.5243618679047   ,91.2583278289208   ,272.556629251333   ,281.254880288931   ,64.5853255694952   ,0.00389249513606326,2.53446433628981   ,17.5333592517559   ,18.8908802631574   ,53021              ,nov                ,2007               
16.9034668737165   ,1.03764234897065   ,155.220587606248   ,-1.27132470593962  ,0.824942552079346  ,23.7725050773855   ,54.3944228347237   ,91.4724273053382   ,272.173924103385   ,281.444692319008   ,68.8254587202618   ,0.00386663783575625,2.46077938299971   ,17.5469806547936   ,18.7537273061816   ,53005              ,nov                ,2007               
16.4504115144224   ,2.30782309342986   ,200.364588965244   ,-2.25511701840051  ,0.814991659158937  ,20.4274214287257   ,56.4557011148204   ,90.7664535554053   ,271.845379540738   ,279.720823126056   ,67.7136304389369   ,0.00381524057537761,3.10745481940036   ,18.9613854545491   ,19.4695409375935   ,53023              ,nov                ,2007               
15.7189868234402   ,2.78006632294226   ,191.044903628947   ,-2.22452668432166  ,0.836175273462194  ,19.7000371275289   ,56.4361246318717   ,90.4151233313595   ,271.843526326923   ,279.758889344433   ,70.5789406636623   ,0.00382105831187267,3.29277069230042   ,19.2799244754185   ,19.4824982389314   ,53013              ,nov                ,2007               
16.3455270879783   ,1.67086591991952   ,182.844791007034   ,-1.71493945809884  ,0.909453236315712  ,21.4793952673666   ,55.2871881756356   ,90.7676062633029   ,272.663997143588   ,281.347483379085   ,64.6713007947617   ,0.00394894291229072,3.16294526687967   ,18.440360822781    ,19.0653502610318   ,53071              ,nov                ,2007               
19.1228607526126   ,1.87612520949031   ,218.362719377868   ,-3.10391611223383  ,0.949170679323502  ,23.5066806851178   ,55.2366135574025   ,88.487232276471    ,272.23362738245    ,279.950409269681   ,70.4586590694975   ,0.00376236206614537,3.68568263948689   ,17.8344059956915   ,18.483839973046    ,53003              ,nov                ,2007               
7.98537323983936   ,1.64189252103248   ,218.660391045516   ,-1.7623621499432   ,0.3056798055572    ,8.23651472734966   ,68.036774957662    ,97.6468767424906   ,267.195871452887   ,273.606628002568   ,48.8428897667445   ,0.00285862115968955,3.21449577684672   ,22.661659534965    ,23.1269345886731   ,53017              ,dec                ,2007               
4.40443125426233   ,3.30983449724609   ,196.010524876671   ,-2.50837866513562  ,0.301290468534921  ,3.53406888754072   ,72.9340498579309   ,98.2725291521716   ,267.931662284132   ,274.479068407486   ,45.847814923241    ,0.00318768970167506,3.83192840137018   ,25.6590416242528   ,24.5466709252911   ,53063              ,dec                ,2007               
9.75199208858577   ,0.873945414305351  ,200.721178040828   ,-1.67563083554044  ,0.362313655989871  ,9.54078939478942   ,65.4769686261304   ,98.4304964141102   ,268.209026749057   ,275.377546206514   ,50.1517249267759   ,0.00307800321343016,3.37156238906235   ,22.4514345136523   ,22.6506102958298   ,53025              ,dec                ,2007               
6.12392152438923   ,1.65806846251161   ,200.974016633584   ,-2.10287027910956  ,0.27234472989993   ,5.2009641677986    ,70.7478622764278   ,99.4079541548529   ,267.408174578804   ,274.280840161308   ,48.1488387336215   ,0.00310257918596106,3.65741165097782   ,24.2052696807667   ,24.0172289686727   ,53043              ,dec                ,2007               
8.01033495705794   ,1.04985976723283   ,194.368145412227   ,-1.65894621029966  ,0.365236161771269  ,7.62116781295101   ,66.682985657926    ,98.326436568354    ,269.134904717534   ,275.89903022307    ,47.2544986283995   ,0.00328042089156122,3.21248564349546   ,23.3190061292311   ,22.8630685805364   ,53001              ,dec                ,2007               
4.27902263537199   ,2.66907061631656   ,206.237272650027   ,-2.09951965956127  ,0.481627651589174  ,4.58571634062884   ,65.9451968718884   ,96.3962710637111   ,269.725593982173   ,276.154320969525   ,45.438886338851    ,0.00334609437027179,4.13976645149437   ,24.7296492786781   ,22.9079538678188   ,53075              ,dec                ,2007               
12.5231106467824   ,0.793572570987237  ,202.046719975471   ,-1.02041067555547  ,0.566599046503886  ,12.2798128344921   ,62.2791578454238   ,93.7253826415233   ,271.124617618659   ,277.740476852808   ,45.4181783358256   ,0.00342377233295104,3.55110336452723   ,22.1448002074315   ,20.7258000500997   ,53021              ,dec                ,2007               
12.2561571083414   ,0.931767915089337  ,200.843825643643   ,-0.75172357768173  ,0.602515467356237  ,11.9768085495002   ,58.5748237638078   ,94.8342509756897   ,271.074721165945   ,278.393932622424   ,47.5445486900134   ,0.00345600491476427,3.3636358784001    ,22.3942609320496   ,20.9327973520967   ,53005              ,dec                ,2007               
3.26663435581323   ,3.65236824873997   ,223.927183899006   ,-1.96285473310059  ,0.607460700103716  ,4.19259137580331   ,64.6751179349595   ,93.5127073860563   ,270.216932175915   ,275.991450942772   ,48.2629005291941   ,0.00332979541770848,4.59506273099354   ,25.6327230256043   ,22.4424392846307   ,53023              ,dec                ,2007               
3.57253478745691   ,4.79569631441777   ,224.061064637352   ,-2.04074922094794  ,0.676292966445339  ,4.37159398649275   ,62.6863811116776   ,93.0957026756247   ,270.35806693831    ,276.310460504395   ,50.9684719583335   ,0.00332955564825306,5.14968432044484   ,26.3062864192077   ,22.4867985400854   ,53013              ,dec                ,2007               
9.12167951751773   ,1.99660460264864   ,214.907177469352   ,-1.43715228213043  ,0.789474964514375  ,10.1935469359317   ,58.8978402574534   ,91.110807389877    ,271.951406860352   ,278.488631941632   ,44.8242327615175   ,0.00349098494384301,4.74832341957706   ,23.2319908452228   ,20.3404044372279   ,53071              ,dec                ,2007               
5.9712462494833    ,2.15821622641997   ,232.083868375022   ,-2.49771224538775  ,0.707075533332471  ,8.40203142793038   ,64.2112723357486   ,90.8231685165071   ,270.316890024153   ,275.802864575908   ,49.7822940824096   ,0.0032471397318628 ,5.46875663105299   ,23.1644120469291   ,20.7390183032284   ,53003              ,dec                ,2007               
