bi,pr,th,pdsi,pet,erc,rmin,rmax,tmmn,tmmx,srad,sph,vs,fm1000,fm100,countyfips,month,year
9.71543982979884   ,0.695468170886508  ,193.878489438159   ,-1.0056523136587   ,0.391234400635771  ,7.52524753248607   ,65.4108612235344   ,97.3793945358936   ,268.504341563974   ,275.545918246993   ,61.7340442814026   ,0.00317859847244389,2.85615991566577   ,24.8630869050885   ,22.1172470317987   ,53017              ,jan                ,2002               
3.77105778993982   ,2.02978565222598   ,194.457956081629   ,-1.30063875220346  ,0.386145134609226  ,2.00349627425021   ,74.8904759410503   ,97.6647959923391   ,269.559222386975   ,275.557947177702   ,49.4129539702567   ,0.00349895182508863,3.46961513041562   ,27.3127134773635   ,23.698086979179    ,53063              ,jan                ,2002               
12.8349272489984   ,0.471469207351311  ,185.146107711333   ,0.103498093537546  ,0.56112911049962   ,10.4836012650817   ,61.8896719886495   ,96.6286916636616   ,270.493322198878   ,278.006796332317   ,55.6669905605677   ,0.00344864826454946,3.02050937040203   ,23.5797257536164   ,21.3455524777807   ,53025              ,jan                ,2002               
8.77547370550933   ,0.900335074700022  ,191.261031094357   ,-0.425888662867107 ,0.43882726358412   ,5.79352894562136   ,68.5992958241535   ,98.1476602362691   ,269.338355883558   ,276.087448001468   ,51.1392704504578   ,0.00338635636339837,3.30770891146293   ,25.3987035963531   ,22.6807775280843   ,53043              ,jan                ,2002               
9.6028338412918    ,0.636117503454373  ,182.206557158842   ,0.541336328061627  ,0.532310684678892  ,8.0423239927766    ,64.7765591913434   ,97.41499159651     ,271.115255142693   ,278.003285467344   ,49.7307255330021   ,0.00363595245427079,2.89234160469579   ,24.2693504663523   ,21.943900230687    ,53001              ,jan                ,2002               
5.37015989051146   ,1.60621988748046   ,196.95490475099    ,-1.06270724860477  ,0.570561707037902  ,4.64041080124376   ,65.6548188720935   ,96.9288248966224   ,271.131784568367   ,277.424719317036   ,48.0601511855732   ,0.00363837659606388,3.58594550039556   ,25.4267519817316   ,22.4025893715527   ,53075              ,jan                ,2002               
11.6047053106795   ,0.453186662529339  ,191.665887468787   ,0.250704037436308  ,0.718173236013494  ,10.952540934072    ,60.8189572923532   ,95.3631234408016   ,272.511057090286   ,279.992465687035   ,49.9005917965626   ,0.00379258393403605,3.17355697310296   ,23.1497942261897   ,20.8613079105358   ,53021              ,jan                ,2002               
12.7520901923542   ,0.444104678024772  ,190.221916532051   ,-0.828465261064925 ,0.74841490231588   ,11.8104127416394   ,58.2974124778475   ,95.4766689405388   ,272.046897958085   ,280.36769383462    ,52.9787590618829   ,0.0037677793238809 ,3.08037985303254   ,23.0710114026529   ,20.736458535867    ,53005              ,jan                ,2002               
4.96031617674028   ,2.19123079425608   ,210.220995104401   ,-0.974306883163149 ,0.605137750441464  ,4.5830839441084    ,64.6624421429429   ,96.4371021662846   ,270.630326323222   ,276.957884213557   ,51.4372526851739   ,0.00359065278866036,3.87534447702514   ,25.6861068381262   ,22.415037840551    ,53023              ,jan                ,2002               
4.9757797242424    ,3.15272677767225   ,206.584359757241   ,-1.17624061821877  ,0.675416055095949  ,4.50794392579903   ,63.2781059488697   ,95.5398292019649   ,270.828659343671   ,277.340135929653   ,55.4226486439279   ,0.00359254748084052,4.42160491236882   ,26.6497172431514   ,22.5019302079855   ,53013              ,jan                ,2002               
8.59495579015191   ,1.24198461689984   ,199.844367630043   ,-1.25864575088509  ,0.809436516974531  ,9.16256864045636   ,60.2364793332768   ,94.5276226440878   ,272.722966904219   ,279.886605595654   ,49.7333789053096   ,0.00383489494151337,4.15638539695283   ,23.7553814816219   ,21.0227487505561   ,53071              ,jan                ,2002               
9.21872234259223   ,1.28460913150593   ,227.999378592428   ,-0.651960817153776 ,0.6639180447751    ,9.47109800154861   ,64.9322094271709   ,93.7568466477543   ,270.633147553834   ,276.636194306821   ,54.2696884293149   ,0.00351151058715462,4.62182741224668   ,23.1312868797782   ,20.8684683477062   ,53003              ,jan                ,2002               
13.5823624726072   ,0.641461569130203  ,188.54917057457    ,-1.07066971272471  ,0.866922888620787  ,15.1026593216246   ,52.5046086662037   ,93.0873281784043   ,268.337832267623   ,277.816262685477   ,100.795291302431   ,0.00302063363204527,2.73130946612996   ,22.0556847552497   ,19.3640535677402   ,53017              ,feb                ,2002               
9.58627294009949   ,1.26551640608024   ,190.575455476335   ,-1.01057766430767  ,0.804234602003707  ,9.04428964750583   ,56.7686397523089   ,95.4636742429944   ,268.273223827261   ,277.35273715842    ,87.0116386924989   ,0.00316206980641216,3.14793310020988   ,24.6948904556344   ,20.6970850492735   ,53063              ,feb                ,2002               
15.5974866548263   ,0.517298930057245  ,168.718872665219   ,-0.564311890388424 ,1.0793019596786    ,18.2690019985535   ,47.2893080651589   ,92.4060412094592   ,269.923610018762   ,280.378312147514   ,95.4478819395176   ,0.00319223190872535,2.82458554304986   ,20.9985119874934   ,18.6586167402011   ,53025              ,feb                ,2002               
12.9043568847603   ,0.672096997182569  ,185.224136887252   ,-0.523574013029994 ,0.905891713254126  ,13.7805701588021   ,53.1904400073746   ,93.6671540377045   ,268.847709629749   ,278.258595182755   ,90.5313931800707   ,0.0031530809105446 ,3.07331746258794   ,22.6191130438804   ,19.6208091362564   ,53043              ,feb                ,2002               
13.4716214482511   ,0.603268940887588  ,154.5334149283     ,-0.263690543073695 ,1.03637986829656   ,16.8141421889166   ,48.460580206093    ,92.0538290902527   ,270.355331395915   ,280.5319705312     ,89.9908366107667   ,0.00333165338966292,2.68398283890437   ,21.4873438259153   ,18.778165463439    ,53001              ,feb                ,2002               
12.3679170746018   ,1.07556111149721   ,182.674745862073   ,-1.04439827787452  ,1.0213010269441    ,13.4307373849388   ,51.1218929788445   ,91.8026484390066   ,270.026654759255   ,279.377656471829   ,90.3330726029693   ,0.00332940421115603,3.44230098405305   ,23.0480836727238   ,19.099505673136    ,53075              ,feb                ,2002               
16.7821917837731   ,0.640123775287066  ,155.062985227314   ,-0.850876434271534 ,1.21573986403317   ,20.048285806441    ,44.5555787078627   ,92.1293888626518   ,271.372869717944   ,282.538708898523   ,92.6886295143065   ,0.00345183465998251,2.85995411322667   ,20.4604422860093   ,18.2313673912824   ,53021              ,feb                ,2002               
17.2629492687666   ,0.647480519724434  ,156.114210803749   ,-1.45279918220151  ,1.19895286583172   ,19.6520795389594   ,43.0907577691397   ,94.9005576159525   ,270.802052282622   ,282.680768482985   ,97.3460357439085   ,0.00347460170846559,2.81918463075655   ,20.6054700337923   ,18.8425170469869   ,53005              ,feb                ,2002               
15.0003426057082   ,1.46462923144959   ,197.991572420049   ,-0.720064578159697 ,1.19166869440751   ,15.7026299190846   ,46.6777904920062   ,88.6957580876118   ,269.899622882481   ,279.46472501374    ,93.3263228254818   ,0.00316754170108178,3.7785494691546    ,22.7274031928925   ,17.8584680145783   ,53023              ,feb                ,2002               
13.3085336776962   ,1.88894674947789   ,178.899847224607   ,-0.965839568516817 ,1.22653659325575   ,14.1362199624332   ,46.6067870134013   ,88.7662752575186   ,269.975078405867   ,279.8276951889     ,97.8689582438815   ,0.00319371022418644,3.89413346621022   ,23.6156084510758   ,18.0532938751964   ,53013              ,feb                ,2002               
16.7568652814365   ,1.05881219086752   ,172.151882427711   ,-1.56189212176525  ,1.32091459995363   ,18.8643485943286   ,44.8356700782576   ,90.2634128167377   ,271.606311044903   ,282.416412681376   ,90.1353170226537   ,0.00347686025785441,3.64558663038357   ,21.1715109237534   ,17.9098699553918   ,53071              ,feb                ,2002               
19.0607743145853   ,0.952547733379407  ,234.62209808584    ,-0.563345618718224 ,1.30107195704119   ,20.4291282694309   ,45.8065409874145   ,87.0584237622767   ,269.88166572006    ,279.292351552667   ,95.4822305787716   ,0.00305809044808186,4.41621251211611   ,20.5224099415311   ,17.0172858560172   ,53003              ,feb                ,2002               
20.8305199726161   ,0.328550970125179  ,189.629395915962   ,-1.22968059325689  ,1.76224549316435   ,25.5499903495058   ,43.9940613915056   ,88.8604048689224   ,270.244258062351   ,280.641236781784   ,155.417549939293   ,0.00313295174469982,3.79981545609149   ,18.2964950432913   ,15.9793349208339   ,53017              ,mar                ,2002               
12.718574319925    ,1.35970654134728   ,191.103718247177   ,-0.944062353931783 ,1.49719104645638   ,15.6838550520163   ,49.4163757174234   ,92.1577078490786   ,270.145793936863   ,279.417945159394   ,128.519421622804   ,0.00330584338324539,4.29619719687835   ,21.520283528199    ,17.9309287861827   ,53063              ,mar                ,2002               
27.3639237879459   ,0.125371725604877  ,186.731672350212   ,-1.22029156360882  ,2.04332929896902   ,30.3611113840225   ,37.6246194151091   ,89.4577178890964   ,271.42301253971    ,283.313090041005   ,152.332779145054   ,0.00327770372281845,3.93247810017214   ,17.133252486844    ,15.28831792031     ,53025              ,mar                ,2002               
19.9726871924086   ,0.474647927366854  ,187.451700501624   ,-0.962576841150152 ,1.70769344249694   ,23.7196463971392   ,44.3475144028214   ,91.2927583824708   ,270.349994628587   ,280.829765198238   ,142.668284688226   ,0.00326698657440324,4.08541047196803   ,18.7649201414346   ,16.5758447243275   ,53043              ,mar                ,2002               
22.1726563501773   ,0.39629778631871   ,190.366579583843   ,-1.06624489879892  ,1.90012691271967   ,26.9500110989215   ,40.0814198490343   ,90.568315884842    ,271.4818576256     ,282.765136745547   ,147.057478305229   ,0.00338688332632609,3.71435295331719   ,17.9254961163646   ,15.9389803897256   ,53001              ,mar                ,2002               
14.1321860576784   ,1.49751109328739   ,204.13215741329    ,-0.964024035979026 ,1.65455678208729   ,17.9099727824291   ,47.6928202263906   ,90.84146911679     ,271.553487602104   ,280.978267973985   ,134.533386807668   ,0.0035335554035232 ,4.09414089946186   ,20.742998586651    ,17.5823789934234   ,53075              ,mar                ,2002               
26.9250607035148   ,0.290150352436055  ,202.897493305987   ,-1.39595623887502  ,2.19385228879546   ,30.7054402281569   ,36.9947835616971   ,87.9228757517509   ,273.082991145207   ,284.699562742929   ,151.486471143964   ,0.00354633035317928,3.8587290545699    ,17.0947169887221   ,14.952273317957    ,53021              ,mar                ,2002               
27.5473269814127   ,0.264852550248455  ,199.287311896989   ,-1.81401981237019  ,2.23245402121617   ,30.1093959060191   ,36.8938329629849   ,88.3880070132776   ,273.201064582908   ,284.895063370779   ,158.16748299829    ,0.00361591122103569,3.88693436773184   ,17.5402826230292   ,15.1140205186158   ,53005              ,mar                ,2002               
13.630138958987    ,2.30351326944155   ,219.116420597572   ,-0.584350114753836 ,1.6082389469174    ,16.9001176744664   ,50.4249994250821   ,91.3148891576615   ,271.55098173294    ,280.339806662368   ,139.495727870775   ,0.00364525896520909,4.26796410323097   ,20.9068731972173   ,18.0947545708313   ,53023              ,mar                ,2002               
14.6681823574914   ,2.78914285710005   ,212.707630412761   ,-0.982361103032584 ,1.75544480759235   ,17.7543210113933   ,48.2411153637423   ,89.4535094259398   ,271.847547711844   ,280.870545894788   ,147.169528074028   ,0.00363622273319964,4.71004017213574   ,20.9427898975869   ,17.6403214258633   ,53013              ,mar                ,2002               
20.588610587007    ,1.29206372699423   ,208.271738737798   ,-1.80518187586531  ,2.15611814195766   ,26.3073760542678   ,40.8690344287503   ,84.5394930885809   ,273.73228167262    ,283.941164898616   ,142.48598388984    ,0.00367428501796196,4.61058558857006   ,18.1510019354892   ,15.2207027352016   ,53071              ,mar                ,2002               
15.8188546822598   ,1.76973361142698   ,230.576078899501   ,-0.502079351743969 ,1.71261203682701   ,19.7787430444156   ,49.2015113619487   ,90.8836248104562   ,271.586250421943   ,280.550289099262   ,139.425322531082   ,0.00360859562243217,4.91085681684836   ,19.5448481593661   ,17.5676377908129   ,53003              ,mar                ,2002               
29.6894984230259   ,0.385201749637822  ,219.809784566971   ,-1.31916310410588  ,3.29543561340449   ,40.23651099672     ,31.6309888792595   ,79.4503550329834   ,275.019222452141   ,288.36702599127    ,224.700618212649   ,0.00389065841692546,3.65964521603443   ,14.6813077440373   ,12.1270046343593   ,53017              ,apr                ,2002               
21.8316570426691   ,0.960236023048367  ,203.88708324006    ,-0.848779686134999 ,2.88169126215918   ,28.9625772430783   ,36.8534297224236   ,84.3247380303998   ,274.289201028779   ,287.142949555154   ,202.878591254948   ,0.00406950697314141,3.67772858321002   ,18.1460197743432   ,14.0691091351958   ,53063              ,apr                ,2002               
31.0342452993445   ,0.423235353711132  ,212.487614188385   ,-1.63079643109671  ,3.55620744285752   ,41.9689201511311   ,28.7978926257053   ,80.1878434642069   ,275.872341975666   ,290.272074854803   ,231.084673553179   ,0.00400457866868006,3.60156648610511   ,14.2579945602336   ,12.0380582752786   ,53025              ,apr                ,2002               
25.683884255639    ,0.567834349236745  ,207.823036451309   ,-1.26554042490754  ,3.11077240255966   ,33.910384904077    ,32.8683452697244   ,86.0962255537083   ,273.946208745673   ,288.161157753397   ,219.144898447236   ,0.00399436835049931,3.62260223348272   ,16.4423971301331   ,13.6765063234995   ,53043              ,apr                ,2002               
27.6750958850072   ,0.462915221994801  ,203.595845192961   ,-1.45028046522122  ,3.38196404182922   ,37.814769782765    ,30.6577675265592   ,83.2584752234939   ,275.078719329105   ,289.780070399418   ,233.405229772151   ,0.00404181191126203,3.34257295978217   ,15.4469640544629   ,12.81967290912     ,53001              ,apr                ,2002               
21.3524522302484   ,0.746355745369167  ,212.644224753763   ,-0.805031834940116 ,3.08567042655571   ,30.1626534949658   ,37.2033891340518   ,83.7118871074003   ,275.057809783337   ,288.175573122511   ,216.564143100813   ,0.004223489369284  ,3.61958430830638   ,17.4872095461079   ,13.6986771930246   ,53075              ,apr                ,2002               
29.5338916572737   ,0.415893036758121  ,196.844082838572   ,-1.94461496304243  ,3.6588466324256    ,41.1587982319563   ,29.9055849001958   ,80.4189848161355   ,276.918960493039   ,291.217328761174   ,239.701203496884   ,0.00422712851259022,3.42187457060203   ,14.454714330771    ,12.1309650326998   ,53021              ,apr                ,2002               
29.7349426933676   ,0.358722869375917  ,198.665839299906   ,-2.3362940503266   ,3.73569152469231   ,41.2702610849159   ,29.3197621942742   ,80.9743568572772   ,277.313804039588   ,291.420633384509   ,240.041786623848   ,0.00427738433439492,3.52687427013583   ,14.4453314647637   ,12.1167754958132   ,53005              ,apr                ,2002               
17.9863355444085   ,1.10104356296659   ,225.933296407544   ,-0.077958316115111 ,2.940886408214     ,26.6769326441036   ,42.048405235796    ,82.9473339341442   ,275.219874585391   ,286.885851504245   ,216.735671886499   ,0.00437295631472769,3.72291543988461   ,18.3244598268229   ,14.273057217134    ,53023              ,apr                ,2002               
18.9368129906464   ,1.38339723360247   ,211.629072402202   ,-0.806340595057159 ,3.05596310385027   ,26.6063057137533   ,40.9152636221774   ,82.1482052911223   ,275.412604305673   ,287.280468446422   ,220.22191397116    ,0.00434907348564441,3.97920030309684   ,18.6933230999253   ,14.2669889441751   ,53013              ,apr                ,2002               
25.7961555414084   ,0.791337259426627  ,205.699825483286   ,-2.08588705318387  ,3.56116528507817   ,36.5057875991292   ,34.006164374261    ,78.6889413259863   ,277.295464397317   ,290.547841236973   ,227.423880368778   ,0.00437935082933444,3.82887516136415   ,15.7123774381188   ,12.5159615777695   ,53071              ,apr                ,2002               
19.928330417853    ,0.971089225720927  ,242.89097901218    ,-0.092376834017688 ,3.02186558271267   ,29.2536291361435   ,40.6378548775276   ,81.4935605473762   ,275.396470861133   ,287.01444621585    ,211.394512856848   ,0.00430404372545018,4.05194206487233   ,17.3845667431824   ,13.766089445309    ,53003              ,apr                ,2002               
36.268505391565    ,0.426929035797139  ,229.411063256652   ,-1.32416008520865  ,4.31336521887798   ,50.5174583008513   ,30.9820068044441   ,75.278214350585    ,278.183206156061   ,291.467394862711   ,267.796152170425   ,0.00469072011469525,3.70827101253031   ,11.8626978511593   ,10.3546552188956   ,53017              ,may                ,2002               
22.7448140333077   ,1.20895893848481   ,206.864947264857   ,-0.88116346829568  ,3.7863665631921    ,36.2903959315622   ,37.5854881971838   ,82.9009324949107   ,277.325229803737   ,290.504045187416   ,248.345577118432   ,0.00517899290574432,3.56062603352151   ,14.9969226175318   ,12.7929738147877   ,53063              ,may                ,2002               
37.0475937278493   ,0.377581458010031  ,223.344140992673   ,-1.63249914679338  ,4.6535302448253    ,52.4073155332218   ,27.8346737405915   ,74.5024375023549   ,279.328548471215   ,293.436411178273   ,277.630903441649   ,0.00478014772528421,3.55390111944645   ,11.6303192917775   ,9.97304034868614   ,53025              ,may                ,2002               
27.0650762731873   ,0.732210793391539  ,215.819757170206   ,-1.30282758392154  ,4.04744762390111   ,40.5047391886634   ,33.2650913686691   ,85.2626193903621   ,277.18761204972    ,291.419926066497   ,261.463583803863   ,0.00504388101386397,3.52811311118018   ,13.9812447096149   ,12.3926289500628   ,53043              ,may                ,2002               
30.1879356777145   ,0.531601930272877  ,207.657567972649   ,-1.52130165870489  ,4.37066923531843   ,45.8112398135771   ,29.9012777113586   ,81.8826335084032   ,278.181916618823   ,293.100281100207   ,276.394540712522   ,0.00501465901843017,3.22756079968975   ,12.9073937948756   ,11.3659414260001   ,53001              ,may                ,2002               
24.7507140268354   ,0.838956265451503  ,216.688436541241   ,-1.00968881331238  ,4.07532327461966   ,39.397361056782    ,36.167640408221    ,81.3818884600181   ,277.972084283413   ,291.814572596396   ,261.654532697413   ,0.00528562866802552,3.57108632165522   ,14.2086673781089   ,12.1673897530775   ,53075              ,may                ,2002               
33.8216702953036   ,0.419534347712342  ,209.430163894457   ,-2.14486047243461  ,4.66523613157698   ,50.1691462422127   ,29.0335672148996   ,77.910907645971    ,279.999531259844   ,294.359878172768   ,283.993160557333   ,0.00515607379821173,3.29103764576592   ,11.9643894904305   ,10.5387267636306   ,53021              ,may                ,2002               
36.2100730249888   ,0.421282003703852  ,205.419722630501   ,-2.55165204640911  ,4.82156827210197   ,52.3483288215758   ,27.9322191601742   ,74.8020419877867   ,280.787262143468   ,294.601930190507   ,289.290549166673   ,0.00510296348318291,3.37996080408549   ,11.6315375416532   ,10.0809537757328   ,53005              ,may                ,2002               
22.3753616298649   ,1.09262037363655   ,232.867142580048   ,-0.272565616185678 ,3.90517793336342   ,36.2856909483044   ,40.521742217504    ,77.8209399966815   ,278.138468591609   ,290.392932907896   ,255.647409121514   ,0.0053403767231791 ,3.72603471828257   ,15.0025722015074   ,12.3864372837546   ,53023              ,may                ,2002               
22.8069112906684   ,1.27705561498739   ,210.794001864342   ,-1.11943503529367  ,3.97857712855755   ,35.6640902995822   ,39.2259570860899   ,78.2208666296509   ,278.322188557936   ,290.770951105964   ,256.86777718674    ,0.00532733726776379,3.83432975067639   ,15.4379260700672   ,12.5477677425648   ,53013              ,may                ,2002               
27.690709327701    ,0.835204673380098  ,205.780618546009   ,-2.48320894847374  ,4.49279377546768   ,43.6728707549142   ,33.1258970726327   ,77.5541713833653   ,280.175819611068   ,293.862418242024   ,269.413652335506   ,0.00543936249693045,3.67076798261322   ,13.2486088931826   ,11.3650680458705   ,53071              ,may                ,2002               
22.3561591938654   ,0.99667303356758   ,244.045025798554   ,-0.436449070250269 ,4.02569472464163   ,38.6301188613769   ,38.7099434576625   ,75.4988994719647   ,278.245448458074   ,290.791290965843   ,249.2484677959     ,0.00524716708867359,4.04368355710955   ,14.129398917321    ,11.7494449950062   ,53003              ,may                ,2002               
42.4712426877996   ,0.280891255451524  ,230.290248055827   ,-1.58905114513644  ,5.94457588132608   ,58.2833484010448   ,26.3300433859778   ,71.8228274046357   ,283.535311954084   ,298.629790657914   ,317.885656811628   ,0.00616769403972732,3.71043399366728   ,10.6622207895443   ,9.01372312788265   ,53017              ,jun                ,2002               
27.9543982501088   ,1.13740037527849   ,180.935361928508   ,-0.982294927682377 ,5.0937521590771    ,41.4874105157823   ,33.9991409980055   ,80.7305819699829   ,281.960531368855   ,296.899412228972   ,285.632853363254   ,0.00696985392275492,3.6741778837632    ,14.1134648932754   ,11.6595363942082   ,53063              ,jun                ,2002               
40.4876371951278   ,0.489190118998036  ,227.666081228301   ,-1.66908359245637  ,6.18037264804009   ,56.9780500126059   ,24.8419611827983   ,73.911394945083    ,284.365624671764   ,300.176198081807   ,322.092512357387   ,0.00637656198202284,3.58123276830809   ,10.8643508139069   ,9.40899234158029   ,53025              ,jun                ,2002               
30.2569059119897   ,0.635600874768296  ,195.431708633833   ,-1.44833082983725  ,5.48443670312658   ,45.4464255892102   ,29.3335703037235   ,84.3213930644397   ,281.988407105269   ,298.277763863186   ,304.726250151253   ,0.0068164612358479 ,3.60389929454101   ,13.1227882315454   ,11.32891250514     ,53043              ,jun                ,2002               
31.8452929520931   ,0.670511556109511  ,212.002321143174   ,-1.58168837937607  ,5.77008226655616   ,48.6297277313932   ,26.9827880887156   ,82.4399853849365   ,282.898385625947   ,299.877776421927   ,313.271044826416   ,0.00676283577504659,3.28892958027016   ,12.4407372772067   ,10.90399623573     ,53001              ,jun                ,2002               
28.3763218022152   ,1.04524607315996   ,210.910410975306   ,-1.21497836891306  ,5.2321690825668    ,42.0101686852399   ,34.1207803590812   ,82.5656368687948   ,282.372333492503   ,297.799883628696   ,293.309611168955   ,0.00712847198436365,3.51832582825305   ,13.9534526427026   ,11.9131006226259   ,53075              ,jun                ,2002               
31.9319279139145   ,0.726340866977803  ,202.306942059749   ,-2.14149611500593  ,6.06912034004162   ,50.8345361115382   ,26.5609851554724   ,77.3242885384193   ,284.933835406181   ,300.696188784868   ,321.149620958964   ,0.00689248751938486,3.33412897412594   ,11.8841460539744   ,10.281920533058    ,53021              ,jun                ,2002               
34.5928598659043   ,0.699832243732171  ,204.685704420716   ,-2.55373702528914  ,6.27638396199873   ,53.6704806181101   ,25.537323432185    ,74.9006536391595   ,285.607961825459   ,300.931236224955   ,325.160766823898   ,0.00679470655203869,3.46140903641839   ,11.3320159623374   ,9.84191484418376   ,53005              ,jun                ,2002               
26.0563153462211   ,1.50599778170956   ,222.106828649937   ,-0.479719110612145 ,5.03791898970278   ,39.0261786485557   ,37.945576578934    ,76.5933168138776   ,282.67843417529    ,296.098943993863   ,289.962642833955   ,0.00705284468712011,3.53730851780801   ,14.8409256902541   ,12.0264165333339   ,53023              ,jun                ,2002               
25.8924667918973   ,1.8070859260558    ,211.010756277747   ,-1.22133082022686  ,5.19288583848281   ,38.2755525680529   ,36.3440737922362   ,75.8623284554606   ,282.993680440693   ,296.613603396857   ,290.695935039953   ,0.0070017032499586 ,3.69857426585327   ,15.2505845755599   ,11.970708907129    ,53013              ,jun                ,2002               
28.2440131445706   ,1.25352558991216   ,205.847465060268   ,-2.58919172940099  ,5.83759045074303   ,44.5670458416306   ,30.0213698803248   ,75.8135140199325   ,284.961514398011   ,300.053955723212   ,304.349245290575   ,0.00716081227492642,3.56648667625942   ,13.469657617662    ,10.9891994104153   ,53071              ,jun                ,2002               
27.8350799908839   ,1.49993423714151   ,231.900492129172   ,-0.691715950162321 ,5.10738570139066   ,40.6122942195902   ,37.5479216693962   ,74.2391928006843   ,282.890330505371   ,296.248888788896   ,285.855294627169   ,0.0070033053095099 ,3.72241446468662   ,14.3977585127754   ,11.7308222223662   ,53003              ,jun                ,2002               
54.4623130897526   ,0.174427484339655  ,224.229807731994   ,-1.79505810314942  ,6.85734877332627   ,70.3668397167602   ,20.6861647796697   ,62.4947251813348   ,286.949384744556   ,303.77556365391    ,323.027111963939   ,0.00654113208922837,3.48126173350575   ,8.84045202743902   ,7.48930619231681   ,53017              ,jul                ,2002               
42.9832721077346   ,0.278166522471089  ,180.37697305789    ,-1.07241790483516  ,6.3861933984129    ,55.7349278788226   ,25.4134511021916   ,72.7210553110622   ,285.244088204424   ,303.266058472889   ,314.331460953694   ,0.00741814524940241,3.30463241967445   ,11.8807759643571   ,9.27200960558949   ,53063              ,jul                ,2002               
52.9290246191922   ,0.137599057119427  ,212.36643885312    ,-1.55505649622537  ,7.0818057671438    ,68.9026300083067   ,20.1520609992317   ,65.2150078630816   ,287.738416697511   ,305.421455621312   ,326.743446770328   ,0.00685270597027439,3.34499773354844   ,9.18814399765862   ,7.72105111944765   ,53025              ,jul                ,2002               
44.448649028659    ,0.192298513192424  ,195.360165087058   ,-1.49872052669525  ,6.6013251765421    ,59.3489251303814   ,21.6089517203661   ,74.0020290809119   ,285.322839705073   ,304.191382992358   ,316.626619036345   ,0.00697133015818732,3.26849212164838   ,11.0050619756279   ,8.98013353465253   ,53043              ,jul                ,2002               
46.2002546025993   ,0.144079728927734  ,201.05630248698    ,-1.39803025163461  ,6.76060743393172   ,62.0029461013818   ,20.8598908337904   ,72.3817467344414   ,286.391928706199   ,305.671989605226   ,318.602417435749   ,0.00708794225734603,3.07196298971316   ,10.5493451213757   ,8.64010178642844   ,53001              ,jul                ,2002               
41.2769562873844   ,0.165882945401944  ,202.573699169313   ,-1.15551544148     ,6.51727242089766   ,55.8371454582721   ,24.9141573000407   ,74.8330406145534   ,285.633683191404   ,304.318491069642   ,313.781370902306   ,0.00754381025017396,3.28266163017537   ,11.6717113232477   ,9.37924294321541   ,53075              ,jul                ,2002               
49.3199659855246   ,0.155697040869126  ,212.633154679358   ,-1.76527457756874  ,6.94936456319416   ,64.1639203244344   ,21.9747701631882   ,68.7242429993585   ,288.305938061887   ,306.142552196418   ,322.571605532814   ,0.00740607321989161,3.18053724629707   ,10.1235416140213   ,8.36563667878324   ,53021              ,jul                ,2002               
51.3732334706284   ,0.132674715872431  ,230.692741443761   ,-2.15503507983344  ,7.12037002994805   ,66.1417208655369   ,21.7101675063787   ,66.0353959686635   ,288.940447665144   ,306.160915062386   ,325.592841908367   ,0.00735230630116228,3.31120785289786   ,9.76600436223193   ,8.01665398666799   ,53005              ,jul                ,2002               
40.8897452167472   ,0.223194578793135  ,219.431220273412   ,-0.368589868328455 ,6.41246506155576   ,57.5994773661056   ,26.2302339804528   ,62.7099119395442   ,286.667142745369   ,302.963982727503   ,310.938173919659   ,0.00727032631030801,3.29354587800993   ,11.394853632141    ,8.27288877417057   ,53023              ,jul                ,2002               
41.4051493646398   ,0.218602866761568  ,208.700208647028   ,-1.05349003931245  ,6.51689384334334   ,57.7682397762196   ,25.8359674201022   ,61.8218048065423   ,286.850543738096   ,303.149946738811   ,311.002870518137   ,0.00716733611188042,3.41760687496066   ,11.392890350095    ,8.19713483745032   ,53013              ,jul                ,2002               
45.8790776542704   ,0.183386273805219  ,213.214528850501   ,-2.37411921106984  ,6.92493826474476   ,61.4678615849693   ,22.9070194903678   ,65.9339587488982   ,288.45150233403    ,305.998500376776   ,314.870661389631   ,0.00744337492039656,3.30743456526969   ,10.657506430146    ,8.23919340090398   ,53071              ,jul                ,2002               
42.6775738757506   ,0.283156781685755  ,226.580439316656   ,-0.709492246853754 ,6.53727729488379   ,58.6359760422748   ,25.8381636695691   ,60.9953799156798   ,286.814430461369   ,303.468029836893   ,310.305559016857   ,0.00733439181668169,3.39446364819989   ,11.2028912350462   ,8.09687902249812   ,53003              ,jul                ,2002               
54.9091879232906   ,0.12290630713851   ,252.466133819714   ,-1.93949257843163  ,5.6152018695155    ,71.9150543799971   ,21.2908476541876   ,67.2083290631787   ,285.416891886269   ,301.735269154956   ,270.345887947928   ,0.00632369239232473,3.21296992535985   ,8.20801180068871   ,8.16210093948906   ,53017              ,aug                ,2002               
48.2679370840819   ,0.270744374970012  ,213.920171276905   ,-1.41065952493578  ,5.21486273007319   ,64.102533001025    ,22.2316833678993   ,72.9542616776759   ,283.160678073955   ,300.543140494037   ,256.699322071855   ,0.00611174549928083,3.07262116291322   ,9.59990738686282   ,9.19896459088558   ,53063              ,aug                ,2002               
54.801445164902    ,0.0416478940368456 ,249.913038289407   ,-1.7032536622012   ,5.73890308015096   ,71.9441193432546   ,21.1917806144395   ,68.6798576862947   ,285.960833497814   ,302.907976752851   ,276.137465378287   ,0.00651204592908109,3.05767894889651   ,8.24815693460926   ,8.25676203088996   ,53025              ,aug                ,2002               
50.5330943472977   ,0.0963934463532641 ,224.218862939619   ,-1.74440778899781  ,5.3722743584952    ,66.2170519319617   ,20.6683350812022   ,74.0918068418474   ,283.391504039701   ,301.394934796747   ,263.981212800696   ,0.00605072876429106,3.01969173467777   ,9.32399611355976   ,9.07788000614155   ,53043              ,aug                ,2002               
50.286227791131    ,0.100673512122838  ,245.190494626012   ,-1.57630917762959  ,5.46611969229011   ,68.2944998098991   ,20.8732641087694   ,71.4630437290859   ,284.508536949055   ,302.505982065875   ,269.812794070531   ,0.00623404697403766,2.82984814838116   ,8.90214416702857   ,8.69111900292568   ,53001              ,aug                ,2002               
45.3547233126229   ,0.380034347205746  ,235.580346328631   ,-1.30304586348877  ,5.33660585028849   ,61.0163644448268   ,22.6422789129948   ,75.0807947454869   ,283.477271400756   ,301.086648683494   ,259.481311527954   ,0.00625279409061601,3.14805413393187   ,10.0773260476331   ,9.76605229634714   ,53075              ,aug                ,2002               
51.8143011777798   ,0.104836258034178  ,249.94795622799    ,-1.83285735983115  ,5.6562113997954    ,69.4608529741652   ,22.6519926542088   ,69.2179260187646   ,286.38097131696    ,303.1501863579     ,275.557138633255   ,0.00675231306698109,2.92707360693006   ,8.66668272414811   ,8.54715493476716   ,53021              ,aug                ,2002               
53.8708650049794   ,0.0531617060506698 ,251.771983048381   ,-2.16823890285761  ,5.81253225409955   ,71.7098453645147   ,21.9030966254495   ,66.7635075162672   ,287.011337127365   ,303.382258628384   ,278.027483777568   ,0.00665477383659598,3.02932062833267   ,8.307735266042     ,8.14663502238911   ,53005              ,aug                ,2002               
46.3024034581241   ,0.528142622118285  ,250.150097846937   ,-0.588584498248394 ,5.36739803089023   ,64.0158155200907   ,23.3722402587536   ,64.9886527954756   ,284.512775189555   ,299.53030463379    ,263.313098437417   ,0.00595284673116431,3.30049009374234   ,9.42126680466628   ,8.79146017065222   ,53023              ,aug                ,2002               
49.1902236713059   ,0.367166735684247  ,251.651292144527   ,-1.16621819028186  ,5.4244546060364    ,66.4455344878707   ,23.021522895083    ,62.9575798329097   ,284.63271579314    ,299.687505829316   ,269.340429730279   ,0.00585465790750923,3.28276132373588   ,9.15895599619075   ,8.36361894819346   ,53013              ,aug                ,2002               
51.8286541675469   ,0.160735916764955  ,247.554028670075   ,-2.46262163864884  ,5.71952024063913   ,68.4582612997836   ,22.6546804506636   ,67.9766549471323   ,286.14822178002    ,302.682960212121   ,271.551950744341   ,0.00657241908647022,3.15481313534712   ,8.83672213091676   ,8.51530744383537   ,53071              ,aug                ,2002               
44.2268276197477   ,0.732598735768438  ,249.203672675307   ,-0.930980514594492 ,5.5096291428542    ,61.7129109231955   ,23.6091030987398   ,66.4984941170416   ,284.431559398086   ,299.750791818696   ,262.779738866107   ,0.00608379915692149,3.56235153993102   ,9.62169129264082   ,9.15031501689405   ,53003              ,aug                ,2002               
46.8406631104012   ,0.0714461620189567 ,230.948400746467   ,-2.06685634109343  ,3.62888978575118   ,61.0420363519605   ,25.5515329975752   ,76.7027410274139   ,280.319410373794   ,296.020041348714   ,192.527465648257   ,0.00510997039073265,3.13999655168547   ,9.64002400843388   ,10.860609661858    ,53017              ,sep                ,2002               
39.2542104666658   ,0.389577813620708  ,178.293001132044   ,-1.6091453302595   ,3.43723372723435   ,52.6120561532095   ,27.0169895302561   ,81.4887391524233   ,278.792865033522   ,295.307413554554   ,182.340666041041   ,0.00516813525138847,3.17189693360343   ,11.2787599293053   ,12.0987109639845   ,53063              ,sep                ,2002               
47.6153385872792   ,0.0309252203780406 ,209.599477416549   ,-1.89001655887352  ,3.81201604658478   ,61.3982190159455   ,24.1060542818833   ,76.8196341530278   ,280.628725260863   ,297.500989977402   ,197.874085720743   ,0.00512082393285844,3.08513004221544   ,9.66979256838578   ,10.8597310778428   ,53025              ,sep                ,2002               
41.8770607782043   ,0.109040991897423  ,186.808887750935   ,-1.92599725239601  ,3.5993259481902    ,55.8074471400101   ,24.2540842640466   ,81.7312942013251   ,278.592812610223   ,296.258261341468   ,187.02711037368    ,0.00495216623474692,3.10552394386313   ,10.6949973598775   ,11.783504810614    ,53043              ,sep                ,2002               
43.5970729255474   ,0.0697014186850641 ,196.754046398619   ,-1.73632133200608  ,3.62270691526881   ,58.8287736566611   ,23.5611960714389   ,78.6133664809758   ,279.71131920728    ,297.417520653143   ,191.684375873336   ,0.00499424149842449,2.84379092157741   ,10.189459283714    ,11.2135053705919   ,53001              ,sep                ,2002               
38.8465408109836   ,0.282690251506573  ,216.459478581335   ,-1.34941201147587  ,3.60691278150502   ,53.1888321047016   ,25.1291817815444   ,79.7359754897473   ,279.470322198606   ,296.576195253858   ,185.251559331258   ,0.0051418843582163 ,3.13789583521731   ,11.3474836393992   ,11.7100243145438   ,53075              ,sep                ,2002               
43.9412483892685   ,0.0563057753929677 ,211.476565997961   ,-1.92742095375672  ,3.713822573133     ,59.7412912989885   ,25.0910997053293   ,76.2169754263071   ,281.56301972218    ,298.105372306628   ,196.637559145414   ,0.00538661743206784,2.90637074207648   ,10.0075386244211   ,10.9453241558564   ,53021              ,sep                ,2002               
46.6813971204092   ,0.0371497225762148 ,213.874748832113   ,-2.30681885873689  ,3.83594600294939   ,61.8415095453432   ,24.942465501283    ,74.929827346087    ,282.106604837572   ,298.158158395982   ,202.461228619713   ,0.00538910175233949,3.00437141606323   ,9.63998721134968   ,10.6395613186928   ,53005              ,sep                ,2002               
40.0833566174713   ,0.384577809349204  ,241.82527742376    ,-0.704005953281569 ,3.62522160978544   ,57.807139351057    ,25.751967311251    ,70.9666093889477   ,280.767276278984   ,295.334168507199   ,189.766023892547   ,0.00498792743438076,3.1981328676206    ,10.3763291490251   ,10.387732114703    ,53023              ,sep                ,2002               
41.6343490116233   ,0.369231580595127  ,217.353501233339   ,-1.32106682322724  ,3.62856250643522   ,59.941266027587    ,25.2715537811033   ,70.1999578159725   ,280.660456294248   ,295.246776438342   ,191.537275597937   ,0.00485259424200213,3.28859790465803   ,9.90767342091439   ,10.2497596303414   ,53013              ,sep                ,2002               
41.7391759760335   ,0.213862010727821  ,209.089370772032   ,-2.54744575656244  ,3.75885654473854   ,58.9284011900263   ,25.3386741763531   ,74.8201321676818   ,281.672090578984   ,297.721384634623   ,191.566843384327   ,0.0053555467112058 ,3.16444878278547   ,10.0611514349294   ,10.8644929955645   ,53071              ,sep                ,2002               
39.9250790086486   ,0.42521779000954   ,257.001028937696   ,-0.903137370525948 ,3.73860641265438   ,56.239796491841    ,25.8526389658016   ,70.8992625099609   ,280.905340798928   ,295.540380543804   ,189.898604734101   ,0.00506331881830002,3.39312242894567   ,10.7528612345675   ,10.3935053315476   ,53003              ,sep                ,2002               
34.2900112221368   ,0.0615259953998415 ,188.199227912067   ,-2.24329834903347  ,1.85432933242557   ,44.6433390498047   ,30.6710784737312   ,84.5803712072523   ,272.922998771803   ,287.611468337099   ,129.431985830226   ,0.00380231333889554,2.85349728075196   ,12.8775971904961   ,14.2106229800596   ,53017              ,oct                ,2002               
28.0685626214241   ,0.185857401166616  ,151.528525932868   ,-1.83649915034044  ,1.74260642266949   ,36.6971468362099   ,31.3906240851309   ,90.8748887154925   ,270.504839202495   ,286.354281365164   ,123.810241256745   ,0.00358645442456569,3.05809811572606   ,14.7448545617325   ,15.9300631034934   ,53063              ,oct                ,2002               
33.0894095341449   ,0.0764922782064032 ,147.830611258427   ,-2.11836566458672  ,1.96082792881701   ,44.0953829203981   ,27.694340796841    ,86.6371668250787   ,272.7033389074     ,288.961222430013   ,135.250326808896   ,0.00376156999766523,2.74739136992602   ,13.0355426983823   ,14.5041787348639   ,53025              ,oct                ,2002               
29.5843262450197   ,0.114604380890134  ,154.140703207342   ,-2.13707194208814  ,1.81070660163554   ,37.825756271824    ,29.3463562203937   ,92.4991020266073   ,270.542925434728   ,287.353893395448   ,127.90391942144    ,0.00361155309485544,2.88031882995252   ,14.4496498943449   ,16.1575423123995   ,53043              ,oct                ,2002               
29.8374571785839   ,0.122936272992048  ,136.201839140641   ,-1.97750638298683  ,1.84304171699243   ,41.5190559678625   ,27.6955303079662   ,88.4747278462255   ,272.058244978283   ,288.610363786174   ,135.077592078083   ,0.00371030065287538,2.48294803164386   ,13.6520694586252   ,15.0776803229276   ,53001              ,oct                ,2002               
27.9475030512783   ,0.293803680116767  ,159.941026298683   ,-1.6148507770896   ,1.84774041505647   ,37.6440953500447   ,29.7473844016073   ,90.4874648594721   ,271.794944867997   ,287.798316576268   ,129.827104751761   ,0.00379300798322613,2.82441520791805   ,14.5271768424452   ,15.8686067970247   ,53075              ,oct                ,2002               
31.4829185969333   ,0.111365432177483  ,154.531274014978   ,-2.18167311488054  ,1.92091857501058   ,44.4495947752638   ,28.2812035422171   ,84.7802619877287   ,274.086233607593   ,289.458826459785   ,138.934127419521   ,0.00396939079505715,2.44360909515959   ,13.0120006646471   ,14.2428728416007   ,53021              ,oct                ,2002               
32.7319828419896   ,0.136797197745471  ,148.675857546374   ,-2.54779478778265  ,1.96704358379562   ,46.4493624494603   ,28.420566437922    ,83.0738305641417   ,274.72799975036    ,289.649286882139   ,142.666736678873   ,0.00405607376754881,2.46908794682225   ,12.5388446523161   ,13.8093256104377   ,53005              ,oct                ,2002               
29.9543622975594   ,0.459949938914222  ,179.645728512835   ,-1.02521385675909  ,1.84215075729116   ,42.7160457218608   ,32.3176226438202   ,82.2529221314797   ,273.419099759205   ,286.859004939971   ,134.197807329591   ,0.0038481329907833 ,2.83457290289684   ,13.2257599046249   ,14.1568718022465   ,53023              ,oct                ,2002               
30.8351156345127   ,0.47871927530979   ,152.600109082705   ,-1.64153481979593  ,1.85885393040202   ,43.7098974552615   ,32.1652503524997   ,80.4587512835319   ,273.529410912608   ,286.924431701464   ,138.321791197073   ,0.00383490708157523,2.85592549949698   ,13.0454462744299   ,13.8565033769471   ,53013              ,oct                ,2002               
31.4182082982223   ,0.287798649533375  ,147.32349386769    ,-2.74362727515097  ,1.96428032461314   ,43.3668912361839   ,29.7589763507048   ,84.0728426012129   ,274.344527277833   ,289.108985582737   ,135.846145288981   ,0.00406018895873301,2.72307939933349   ,13.2261068223813   ,14.3127071311585   ,53071              ,oct                ,2002               
32.0867032244931   ,0.465470328651064  ,203.847881630712   ,-1.09379695076722  ,1.88990636016583   ,44.1678342679991   ,33.722434005149    ,80.5486814837077   ,273.770148032745   ,286.569529214297   ,137.375880635259   ,0.0038487379021319 ,3.09610002752975   ,12.9123674784095   ,13.7145032010304   ,53003              ,oct                ,2002               
17.0857237022521   ,0.713720850865185  ,171.950704607985   ,-2.45820229683282  ,0.645009995899887  ,25.3461014712489   ,51.2837231542651   ,92.8804620060745   ,272.155521641652   ,280.558788899356   ,65.897408980415    ,0.00394231182835186,2.52377033307278   ,17.0015693874908   ,18.7308796623004   ,53017              ,nov                ,2002               
14.6017710396871   ,1.56378561976416   ,155.651993961779   ,-2.28256003846997  ,0.715355337688958  ,19.3333710527951   ,53.0561095538231   ,95.5140765185293   ,271.826334987899   ,281.052773948909   ,62.9212966449355   ,0.00401863726156716,2.9523360711161    ,19.2032055545602   ,20.177069149771    ,53063              ,nov                ,2002               
18.5407172156417   ,0.520323217618617  ,151.337216654932   ,-2.39241311965666  ,0.746811499879318  ,26.68248080969     ,47.4362372458235   ,94.0672379712809   ,272.263520366662   ,282.149246151661   ,68.2073747428578   ,0.00398720715310292,2.5646567077162    ,16.7319898867738   ,18.6051668933657   ,53025              ,nov                ,2002               
13.9836315369276   ,1.04931022888776   ,152.382784627474   ,-2.43531406769794  ,0.691225142103628  ,20.3869757774053   ,50.6507545706386   ,96.0137937680823   ,271.838320765044   ,281.256912027509   ,65.0558324860882   ,0.00405956735297691,2.83780058244912   ,18.7092311641387   ,19.9162988756039   ,53043              ,nov                ,2002               
15.9140978906763   ,0.658409403992235  ,149.407047994666   ,-2.3621605307917   ,0.708666279540533  ,24.8775551314568   ,47.6366836646225   ,94.7223935995311   ,272.226876762558   ,282.346724182828   ,68.7977327200153   ,0.0040545342103805 ,2.36263666447562   ,17.3138584126033   ,18.9197797325757   ,53001              ,nov                ,2002               
15.2980770051672   ,0.976520178910966  ,163.306094520784   ,-2.12063705935198  ,0.846858772446712  ,22.0291380604015   ,48.1107671111612   ,94.2225718766755   ,272.543142526664   ,282.536314809762   ,69.0512854064493   ,0.00410943307577377,2.8946060412047    ,18.4192684209487   ,19.1652416944691   ,53075              ,nov                ,2002               
18.1882787265896   ,0.431969960510659  ,174.744605146225   ,-2.5766275039086   ,0.785972057034572  ,28.5277471015392   ,48.1055009484902   ,92.1636053114671   ,273.564074581831   ,282.933688913981   ,68.3983706701719   ,0.00415013341825658,2.39251448170497   ,16.094024306444    ,17.9146805337759   ,53021              ,nov                ,2002               
18.1076596567734   ,0.35698527220519   ,167.931543476782   ,-2.88790394556828  ,0.803721229707789  ,29.2796635532755   ,47.2722157965515   ,92.0620813941579   ,273.457950548401   ,282.886986313017   ,73.6247669473908   ,0.00409938939396431,2.30398489551608   ,15.8015571700045   ,17.7451999649729   ,53005              ,nov                ,2002               
15.9424063619157   ,1.01575242294689   ,186.032948397916   ,-1.57449267449833  ,0.954209006209058  ,24.6511145067511   ,48.2266009743416   ,89.9740920759876   ,273.458993081671   ,282.648745857065   ,70.6003342105242   ,0.00413616164109002,2.95844159115792   ,17.4458977247124   ,18.1233573245212   ,53023              ,nov                ,2002               
15.6198402782385   ,1.34221836885748   ,178.82819612185    ,-2.15835128862404  ,0.947827160570374  ,24.3895781621051   ,47.8200128804951   ,89.593247421957    ,273.452449128848   ,282.509051274005   ,73.9438604509643   ,0.00408417416071514,3.15032324274485   ,17.6095737943266   ,18.1724538087429   ,53013              ,nov                ,2002               
16.4440922405702   ,0.854361816161996  ,185.850037244964   ,-3.06751323101643  ,0.884441581992357  ,24.8503521664679   ,49.4769334806013   ,92.7970687835197   ,273.798992250024   ,282.963339398805   ,68.7052880318184   ,0.00424674201386332,2.99645464550754   ,17.2684515144121   ,18.5909666188041   ,53071              ,nov                ,2002               
18.3000019046494   ,0.699483570096552  ,220.826652103619   ,-1.51406606248695  ,1.10995640510698   ,27.6415180101882   ,48.2609260737751   ,86.8803371898159   ,274.035943815134   ,282.896999052841   ,73.0388536898759   ,0.00408561385489905,3.42467141796058   ,16.4112636754113   ,17.056351642307    ,53003              ,nov                ,2002               
5.94663078617053   ,2.73274430895437   ,146.593402914182   ,-2.61981143880726  ,0.202270966106528  ,6.64653738691879   ,76.6739803960274   ,97.4039068583637   ,271.188713180665   ,274.994738648887   ,45.584201206951    ,0.0037233947879285 ,2.7435381655316    ,23.1818630168809   ,23.8355837210169   ,53017              ,dec                ,2002               
6.51523687281356   ,3.0701521844939    ,149.828780157056   ,-2.82808765361374  ,0.28980837225746   ,5.79554543329154   ,75.8685209805721   ,97.5098502594891   ,271.932309865903   ,276.551493342283   ,43.8038271686589   ,0.00402030490219438,3.04221274609382   ,24.0916277099888   ,23.7494147193468   ,53063              ,dec                ,2002               
7.09570435165751   ,2.04713060052468   ,149.155068185316   ,-2.641495970529    ,0.300287276994928  ,8.45802267625503   ,72.5584162659212   ,97.1380403547734   ,272.850038384084   ,277.247393340414   ,44.9521602228456   ,0.00407330820025929,2.74798991728272   ,22.3566172429514   ,23.0260775198812   ,53025              ,dec                ,2002               
6.745590742959     ,2.33893445576545   ,145.135238489236   ,-2.76940424288656  ,0.269904934950121  ,6.49466217912244   ,75.5481859199566   ,97.5617254070564   ,272.028733729785   ,276.485887676473   ,45.2050591091742   ,0.00400760063455887,3.01465156719432   ,23.4262822623848   ,23.4715843772736   ,53043              ,dec                ,2002               
6.47003326206375   ,1.91620035773551   ,152.208695519896   ,-2.74171663030854  ,0.331320543784569  ,7.83417987602682   ,71.5111013015339   ,97.8086904410988   ,272.934116438581   ,277.830116675667   ,42.8245263624328   ,0.00417829082332331,2.53062535974392   ,22.6929125425126   ,23.1074878125159   ,53001              ,dec                ,2002               
5.96944994200036   ,2.1986550706724    ,156.030723613851   ,-2.75050764911315  ,0.423930745655415  ,7.29342534139267   ,70.0818220798268   ,97.5063770249311   ,272.716602249445   ,277.960268712661   ,43.5322098512837   ,0.00411371653039447,3.1945252067622    ,22.9711921946956   ,22.9523282382441   ,53075              ,dec                ,2002               
7.04692187526287   ,1.89843995874807   ,171.455633890628   ,-2.91747334140998  ,0.456138054889937  ,9.92784098052264   ,67.5638443110539   ,96.8454225589067   ,274.097374291053   ,279.255274454753   ,41.8289017083095   ,0.00428251420574573,2.66407404850691   ,21.8086728323423   ,22.4541445115896   ,53021              ,dec                ,2002               
6.58674670594067   ,2.10033334377782   ,175.139231940016   ,-3.17331941011389  ,0.445176993169008  ,9.59722095163265   ,66.4843925453502   ,96.8713269532785   ,273.902114810981   ,279.096169514252   ,44.135206611622    ,0.00425317235788352,2.45795887551423   ,21.915167343734    ,22.6523511717305   ,53005              ,dec                ,2002               
5.91565505214668   ,2.37368467688294   ,173.40199751153    ,-2.26489319916097  ,0.503432245736876  ,8.61173762647656   ,66.7836422566795   ,97.3977195123708   ,272.011537429462   ,277.906621508865   ,46.7873180788249   ,0.00398144574778532,3.47644278362054   ,22.3772228587488   ,22.7463629353367   ,53023              ,dec                ,2002               
6.44965244991799   ,3.09857619190223   ,176.974554226494   ,-2.81790302810869  ,0.509548006515566  ,9.0887264891838    ,65.5000432698514   ,96.345997001821    ,272.25946824638    ,278.050261018497   ,49.5277971309309   ,0.00398773519396636,3.53443681578466   ,22.5847276894002   ,22.5520450553761   ,53013              ,dec                ,2002               
7.83071950829732   ,2.25407267784609   ,181.053530263868   ,-3.45745527792752  ,0.581287220013921  ,10.2807158747061   ,64.6588478403686   ,95.4821143256293   ,274.113231876032   ,279.713651066808   ,43.7110407924911   ,0.00426664831035399,3.35621784113772   ,22.14170015149     ,21.9635587102999   ,53071              ,dec                ,2002               
8.57942022491981   ,1.47934234570746   ,194.599160848279   ,-2.05448381744162  ,0.591561742967171  ,12.6605355118396   ,65.1443448412447   ,96.2362873207334   ,271.87432985329    ,277.941078961969   ,49.3453357603718   ,0.00387584130645677,4.14269035096006   ,20.5823927194823   ,21.6407093433278   ,53003              ,dec                ,2002               
