bi,pr,th,pdsi,pet,erc,rmin,rmax,tmmn,tmmx,srad,sph,vs,fm1000,fm100,countyfips,month,year
10.0424342077636   ,0.778676547330987  ,146.97334266465    ,-2.00625010567106  ,0.409554016574182  ,11.6918487746394   ,66.8070985540163   ,90.1991190885878   ,267.570455916166   ,273.832070731006   ,59.5749396627731   ,0.00278822472342288,2.39798489671387   ,22.3543281472255   ,20.2493395236521   ,53017              ,jan                ,2005               
9.96566067972144   ,1.24492913389606   ,126.417785448541   ,-1.86424055431329  ,0.518398933382183  ,8.99419634082742   ,66.8469393562132   ,92.774831130582    ,268.06442628934    ,275.558869554221   ,51.0139724590437   ,0.00309456691706754,2.86916414388594   ,23.8789608651767   ,21.043445767065    ,53063              ,jan                ,2005               
10.3421798250749   ,0.449856934764584  ,124.116092887899   ,-1.67696605227765  ,0.423376177321991  ,10.0587047888292   ,67.5392373696865   ,95.6074894408316   ,267.762563447299   ,274.932808497819   ,56.4562286093612   ,0.00291666473558965,2.45941216644268   ,22.8864910158127   ,21.7148528672716   ,53025              ,jan                ,2005               
9.96575295255899   ,0.776738461110744  ,124.446863765175   ,-2.16877858422537  ,0.459235704921898  ,9.5677372953357    ,67.5883258347038   ,93.5158289120006   ,267.40307352517    ,274.566010625747   ,53.7831239684899   ,0.00291494498142208,2.68789729001717   ,23.3358463576929   ,21.1736509199919   ,53043              ,jan                ,2005               
9.72286364947486   ,0.58679127100518   ,133.151110528874   ,-1.74306186541218  ,0.46737756479295   ,9.36077917567344   ,65.1516146463722   ,96.7141407424415   ,268.236675283254   ,276.294459316071   ,53.9125688400184   ,0.00309656148117174,2.23352158677833   ,23.4097364910297   ,21.8575953148531   ,53001              ,jan                ,2005               
10.8998627601262   ,0.86271375789588   ,158.900042687087   ,-1.54791485833187  ,0.664717450242002  ,11.2831785736003   ,60.6015173271802   ,92.9266379968401   ,269.431060500317   ,277.870377333929   ,52.6322336453867   ,0.00328652068026244,2.83159334676768   ,23.0169739872681   ,20.4023118024533   ,53075              ,jan                ,2005               
10.9322111556283   ,0.402563692736567  ,171.816688510447   ,-1.15983919662734  ,0.500729330199269  ,10.2970083269159   ,66.2938229809328   ,96.4275763348374   ,269.727758103742   ,277.266086939961   ,53.6534993919486   ,0.00329582100510528,2.33798286063647   ,23.0514041486508   ,21.6861097760591   ,53021              ,jan                ,2005               
10.044640659867    ,0.367923006184981  ,145.66704346408    ,-0.703262580187598 ,0.468207793851053  ,9.44082239169096   ,68.5018091886229   ,95.9606616454717   ,269.95313309977    ,276.961132708522   ,56.6081629148033   ,0.00333341926692578,2.26493524384137   ,23.3688814926293   ,21.8886446606956   ,53005              ,jan                ,2005               
11.9696367635604   ,0.834831637377563  ,182.610626854842   ,-1.53129106513215  ,0.74299112423296   ,13.8650176687787   ,59.6187400611506   ,89.4848325206196   ,270.675685007427   ,278.424743224327   ,56.8091077133879   ,0.00347042811414135,2.98648027862224   ,22.0443232264411   ,19.2805698767761   ,53023              ,jan                ,2005               
11.3997782739855   ,1.20553738834125   ,176.887831836522   ,-1.70723550944844  ,0.725746218873236  ,11.7598956456067   ,59.3900118619883   ,91.2663562969871   ,270.524503775211   ,278.407355446567   ,60.5897603538306   ,0.00347185435084294,3.17814093915781   ,23.1000312836745   ,20.0392938998679   ,53013              ,jan                ,2005               
11.3676691987881   ,0.55875786402283   ,172.298583496712   ,-1.11549540837283  ,0.630205332895816  ,10.8506212432613   ,63.3923994955227   ,95.1061136559367   ,270.41216662047    ,278.353458791713   ,54.5261941132444   ,0.00344879972794133,2.96113321049114   ,23.0487862050987   ,21.1000192204767   ,53071              ,jan                ,2005               
17.656968598915    ,0.367087415899982  ,206.342928027837   ,-1.30052587170598  ,0.848294336093519  ,20.7175217588242   ,59.0478162484812   ,85.2128109178572   ,271.291469321578   ,278.598253947582   ,60.55979897652     ,0.00344644120315119,3.50183441997108   ,19.4763073623672   ,17.4823298610349   ,53003              ,jan                ,2005               
21.7201048553242   ,0.0572101971393463 ,157.988082927676   ,-2.48227754087997  ,1.12214569463999   ,29.2462212871853   ,40.3883292288518   ,83.3124753471333   ,268.881000919805   ,280.809523698868   ,123.295745686012   ,0.00280962848752352,2.33288344335776   ,18.0863201186709   ,14.9927041250603   ,53017              ,feb                ,2005               
20.9945846768517   ,0.100306131401841  ,127.787873452402   ,-2.86888712880097  ,1.18955449467501   ,26.4680010702006   ,41.4645670304027   ,85.1583656297784   ,268.038127062686   ,281.041592156116   ,105.109792530045   ,0.00284929709539143,2.69333891037413   ,18.9358945211741   ,15.677068500378    ,53063              ,feb                ,2005               
20.8890108208711   ,0.0198366032009976 ,127.038525634808   ,-2.24333627677269  ,1.20303305355527   ,26.1487018140497   ,39.3409290789437   ,89.3360599368133   ,268.819385702911   ,282.304252647426   ,118.216790333713   ,0.00292891566919822,2.32549275362903   ,19.0293973547636   ,16.4235306210791   ,53025              ,feb                ,2005               
21.0929581952212   ,0.0313604638879713 ,121.914007845233   ,-2.83889882632827  ,1.15967321445663   ,26.2551341255167   ,39.9329153632207   ,87.8532658182555   ,268.244337079958   ,281.171520028958   ,110.476940127066   ,0.00285091042374178,2.50365200056544   ,19.009831186939    ,16.1415183300294   ,53043              ,feb                ,2005               
19.4984763045261   ,0.0408019541998745 ,127.901163645148   ,-2.42965580199942  ,1.16133321664932   ,25.1666307837759   ,39.693244141533    ,89.712538313973    ,268.993140290518   ,282.51126013376    ,110.762965107862   ,0.0030162703582115 ,2.13484647381796   ,19.3076193878214   ,16.6090764123497   ,53001              ,feb                ,2005               
19.2117541300689   ,0.174694458300076  ,142.707147324583   ,-2.52916916613485  ,1.26773557198899   ,25.1905910583304   ,40.2830152856202   ,89.8170415314105   ,268.835036051774   ,282.405238633356   ,107.479436719398   ,0.00307982445524285,2.67982050187698   ,18.8490247510061   ,16.6669048856286   ,53075              ,feb                ,2005               
19.9258405434561   ,0.0392624925412647 ,171.564827757254   ,-1.90197180983348  ,1.24849361126403   ,26.0766046935385   ,39.8146616629192   ,89.3088063931727   ,269.890088242751   ,283.595710792122   ,114.736280263125   ,0.0031286502356774 ,2.13846545017191   ,18.9554868954879   ,16.4280412489241   ,53021              ,feb                ,2005               
19.1258931738724   ,0.0471929411103891 ,166.978236373215   ,-1.7940179505762   ,1.21846278029748   ,24.6415853591058   ,40.6142517569099   ,91.9810938121702   ,269.331247079806   ,283.273177084838   ,117.699602823991   ,0.00312865755532275,2.07478707006936   ,19.3220869909377   ,17.1395075209848   ,53005              ,feb                ,2005               
20.4942902324332   ,0.294698984316734  ,164.483593763075   ,-2.55127449879735  ,1.30607441078273   ,29.0728052172284   ,40.6461439513483   ,83.3896290238388   ,269.85588612933    ,281.743923518969   ,109.17964387342    ,0.00305543080843161,2.73993645269282   ,17.590348111811    ,15.2112494985298   ,53023              ,feb                ,2005               
19.5194660970377   ,0.416525597732149  ,154.8138042531     ,-2.70179249915777  ,1.28457077077702   ,27.0660967821494   ,40.6697558274266   ,84.718136790981    ,269.74652154961    ,281.956743064886   ,116.275996318038   ,0.00306793629007136,2.65406432999723   ,18.424002469433    ,15.676163196742    ,53013              ,feb                ,2005               
18.5847494855053   ,0.194029984154179  ,164.534845962402   ,-2.156995131879    ,1.28130654391425   ,24.3333720543382   ,41.6170237288658   ,90.8101244714894   ,269.807327904075   ,283.337771669359   ,110.199355877512   ,0.0032231996551023 ,2.47152688888601   ,19.1745297598645   ,17.0715822279107   ,53071              ,feb                ,2005               
24.1033202975282   ,0.282893119871275  ,191.312387241686   ,-2.18694705786206  ,1.45588724312836   ,34.784039192329    ,39.5831249973448   ,77.3696779727439   ,270.605236212578   ,281.73277052401    ,110.411283555692   ,0.00295550099713206,3.1736608747086    ,15.7433015655054   ,13.7011838268811   ,53003              ,feb                ,2005               
28.846810880241    ,0.640639569008208  ,220.218419303177   ,-3.36089188283559  ,2.29552294369231   ,37.5541961282017   ,34.8945893983449   ,81.4856994346311   ,273.947478494461   ,285.612288233322   ,158.822391103863   ,0.00366016974527199,3.88687448413587   ,14.8808927298027   ,13.5581222262531   ,53017              ,mar                ,2005               
18.9783057851867   ,2.19333809921877   ,217.60306674979    ,-3.84542296360329  ,2.05740994113908   ,28.7224480075595   ,37.6052911580573   ,87.6870925915289   ,272.372194980053   ,284.572978217481   ,138.150853636265   ,0.00367876232415374,4.25104995877945   ,16.8415656405368   ,15.8023053630332   ,53063              ,mar                ,2005               
28.7803164661513   ,0.512980469210485  ,206.206702946409   ,-3.29250628958382  ,2.50462786363052   ,36.0241945127472   ,30.7486878246211   ,84.3021957139653   ,274.01828894593    ,287.752554100105   ,155.414182649466   ,0.00371243422777919,3.91835486227002   ,15.6336466852573   ,13.833022295448    ,53025              ,mar                ,2005               
24.3669509243274   ,1.26624830939384   ,212.788704912297   ,-3.82363019505473  ,2.24232192830241   ,32.4381971475993   ,33.8839108030023   ,86.4480934222362   ,272.744955387243   ,285.682098569583   ,151.40399691069    ,0.00363666268009251,4.09096749661857   ,16.2150633053725   ,14.8971871746744   ,53043              ,mar                ,2005               
24.8235183483993   ,0.921197487147924  ,203.399248269323   ,-3.52254181570856  ,2.35025329410903   ,33.4597555596503   ,31.7203244295587   ,86.0036303222879   ,273.63632234869    ,287.398951660122   ,151.125483770006   ,0.00376200726788322,3.63046791014912   ,16.1727112215982   ,14.4632341746912   ,53001              ,mar                ,2005               
17.1720524851007   ,1.69064406798619   ,216.827843903572   ,-3.55234442664128  ,2.23994728933928   ,27.8005565352322   ,35.7375347537017   ,88.185250903135    ,273.372046493733   ,286.182054774594   ,143.174397930022   ,0.00386633216813419,4.13825258258172   ,17.1352713010524   ,15.7602599644887   ,53075              ,mar                ,2005               
25.3181440176472   ,0.637406921993118  ,213.88829618333    ,-3.06901194774188  ,2.58921096067571   ,35.1321178857505   ,30.815842604223    ,84.1868857447622   ,275.292134079093   ,289.029721811451   ,152.614758056565   ,0.00396606484838246,3.7049742387335    ,15.6847323299342   ,13.8081544611058   ,53021              ,mar                ,2005               
24.014558250095    ,0.538331341832495  ,212.691300323437   ,-2.92130619840039  ,2.58771027603844   ,32.8790413844128   ,31.8085370699079   ,85.9789333778566   ,275.336058647038   ,289.080362572245   ,156.085299613663   ,0.0040768658242716 ,3.67761874501545   ,16.3563790977126   ,14.3328322180129   ,53005              ,mar                ,2005               
18.4298316843711   ,1.86980050368721   ,230.115256702893   ,-3.50317479142491  ,2.14385421053725   ,28.6849066694522   ,40.6432087248013   ,86.2630781270392   ,273.77245262175    ,284.649221409205   ,145.674682203693   ,0.00392500266389471,4.32722899478367   ,16.6465219733854   ,15.746233446568    ,53023              ,mar                ,2005               
18.3796152623222   ,2.62053608758197   ,223.754539518456   ,-3.66144452877278  ,2.2367804437609    ,28.1518201095176   ,40.127144513954    ,85.3757240183952   ,274.056086025615   ,285.238315130645   ,150.650686911203   ,0.00396950597762514,4.4503059398079    ,17.0530952620478   ,15.7287297804519   ,53013              ,mar                ,2005               
21.1193700193267   ,1.39459146387287   ,216.385866997358   ,-3.237626163294    ,2.58126507120716   ,31.6513504096014   ,33.9643662022756   ,83.6337298181405   ,275.468760940868   ,288.434353015819   ,146.850030033163   ,0.00408278410548284,4.2635776438161    ,16.4278395399158   ,14.3535128916589   ,53071              ,mar                ,2005               
22.1762012072846   ,1.26628284332456   ,242.53192569094    ,-3.04966690012428  ,2.32265086676588   ,33.5748212600782   ,39.3202480276192   ,83.664260325781    ,274.110322180259   ,284.776146317696   ,146.563918558996   ,0.00384270037783822,4.8994708836626    ,15.0544380337765   ,14.6669646815073   ,53003              ,mar                ,2005               
28.4975360562914   ,0.496467362160845  ,160.810642815798   ,-3.74414346331642  ,3.60531978667157   ,40.446396884764    ,30.7207092974064   ,77.8677652096813   ,276.46440634509    ,289.226563358221   ,231.844346548391   ,0.0040612303336617 ,3.69053282285208   ,14.4319332708888   ,11.9530405756812   ,53017              ,apr                ,2005               
22.9057755400107   ,0.761296026310539  ,152.415620486231   ,-3.59627914380399  ,3.28330609395028   ,30.3143291135206   ,34.0098054632711   ,82.2419377154009   ,275.237146864933   ,288.554316722248   ,203.935861018992   ,0.00412437347107847,3.81464219721376   ,17.7553409478826   ,13.49345014605     ,53063              ,apr                ,2005               
28.7480996048859   ,0.409638122924576  ,157.697721519431   ,-3.63525773060896  ,3.7978346413334    ,40.6390035838488   ,27.4946166378488   ,81.3296988604056   ,276.853833488543   ,291.135356514865   ,229.784347349838   ,0.00414459681524887,3.55419281699685   ,14.5190444927692   ,12.1751158525129   ,53025              ,apr                ,2005               
23.8569772565847   ,0.666779452723554  ,151.595959023654   ,-3.87205690814089  ,3.45113953949443   ,32.9060006397341   ,30.7867795205249   ,85.026284034383    ,275.254584335048   ,289.15926217479    ,221.285427684678   ,0.00407837461665356,3.67587901829914   ,16.6939210717225   ,13.5089326819069   ,53043              ,apr                ,2005               
23.5298970359677   ,0.50812691646951   ,158.94830992752    ,-3.78331749407359  ,3.56469009422413   ,35.554718108118    ,29.0615251481932   ,84.6808285415343   ,276.081979393435   ,290.801904114702   ,225.992504659833   ,0.00419742638144487,3.17810206602273   ,15.8473223321873   ,13.0537726861358   ,53001              ,apr                ,2005               
19.0273246840714   ,0.837783401964926  ,173.908348271896   ,-3.55888733274796  ,3.34385370489663   ,28.7858506341822   ,34.9140993484048   ,84.192273622251    ,275.821738674987   ,289.448879970177   ,209.651609633502   ,0.00436428745295487,3.61933601568727   ,17.7501782594569   ,13.9090608835781   ,53075              ,apr                ,2005               
26.8218324789844   ,0.521436273107926  ,174.088765712976   ,-3.30978014835945  ,3.65556733152805   ,38.7236353204189   ,29.9708927501776   ,81.9273230591798   ,277.955887623322   ,291.823510984763   ,223.81017926045    ,0.00449544927141128,3.07452686178379   ,15.0952066714947   ,12.5680918571277   ,53021              ,apr                ,2005               
26.7690106757228   ,0.568719258801589  ,183.088425760828   ,-3.09988132900975  ,3.60123193557916   ,37.8922196577287   ,30.8147711219637   ,83.4982757619147   ,278.330576334997   ,291.661600220509   ,220.01416294128    ,0.00465000888199088,3.13632442213492   ,15.2553250175021   ,12.9179041073872   ,53005              ,apr                ,2005               
17.5985766686817   ,1.19755501434608   ,193.558290275308   ,-3.5664136177758   ,3.08153587049085   ,25.3849719500196   ,41.2722982987114   ,84.8750540067937   ,275.676879045633   ,287.755679656161   ,204.775076265513   ,0.00454655901331736,3.70152233294819   ,18.6428564334261   ,14.9159909684712   ,53023              ,apr                ,2005               
17.5502369830856   ,1.46131780979729   ,191.228782703801   ,-3.62152114567748  ,3.09461005749295   ,24.4415539858203   ,41.2719035874279   ,84.1249121194943   ,276.065639087084   ,288.111656878673   ,204.723635220486   ,0.00461134850945532,3.58106720358081   ,19.3632139645322   ,15.0198477403032   ,53013              ,apr                ,2005               
21.6814679887971   ,1.00253585706639   ,185.205071873943   ,-3.3742381838279   ,3.50034752413832   ,31.9876105252179   ,35.0066642218489   ,81.2125840592837   ,278.046175800106   ,291.116221155513   ,211.282998144465   ,0.00473323891035263,3.38340793082385   ,16.9583081056755   ,13.4698719663026   ,53071              ,apr                ,2005               
19.376142435188    ,1.28613747269133   ,188.810423741636   ,-3.03933587779094  ,3.21194630088307   ,27.8699652360884   ,39.8792504751479   ,82.7051588981981   ,275.897645873281   ,287.852207081741   ,203.10911981346    ,0.00447611196491745,4.17183711328646   ,17.5903582888508   ,14.4300079284213   ,53003              ,apr                ,2005               
23.0003794959981   ,2.01752676566874   ,171.946878249837   ,-3.12438028831259  ,4.56852136919389   ,36.7909146958087   ,34.5340772751839   ,82.1722702369328   ,281.367067788624   ,294.114320206234   ,276.665926766866   ,0.00613345942094306,3.48272128697945   ,14.9652189887116   ,12.9964184239267   ,53017              ,may                ,2005               
13.0128250265059   ,2.69013562825675   ,169.873914128788   ,-3.53277648654752  ,4.0820526331707    ,26.7734262947242   ,38.8407288197969   ,84.8865275734113   ,280.477097675209   ,292.823339964037   ,252.366902762528   ,0.00627901496516154,3.55742888964208   ,17.4220266012085   ,14.6793984597262   ,53063              ,may                ,2005               
26.1589228555025   ,1.34680271886226   ,171.135122207857   ,-2.97836312050503  ,4.97750281608491   ,40.3424615889793   ,30.55843296578     ,80.8418291541507   ,282.424734112114   ,296.076251777352   ,279.510603958546   ,0.00607860734018506,3.47413275090986   ,14.2062235995762   ,12.2253520099131   ,53025              ,may                ,2005               
20.2440140990884   ,1.93145509751034   ,163.144788918553   ,-3.54514932110846  ,4.34119175829378   ,32.7940951888542   ,35.5882680597642   ,86.459421424945    ,280.65360111463    ,293.719994498801   ,267.038286688256   ,0.0062355983438998 ,3.45729758009109   ,16.0093296200659   ,13.7553032640772   ,53043              ,may                ,2005               
23.2071771733303   ,1.3210646825901    ,172.18597276293    ,-3.60372825178968  ,4.64721133353276   ,36.241258754055    ,32.3669873663453   ,84.949781408503    ,281.304400924173   ,295.454853647748   ,272.95217559311    ,0.0061553652377069 ,3.18611140558135   ,15.2468990163206   ,13.1444086683183   ,53001              ,may                ,2005               
14.5941680375562   ,2.20074686895285   ,185.10628247276    ,-3.46056715712828  ,4.17891148774402   ,27.0184229607917   ,38.8551722377799   ,86.2428123385811   ,280.780190338193   ,293.639498958117   ,255.187279897903   ,0.00642168270169529,3.38957396492334   ,17.5201699796166   ,14.6362179839407   ,53075              ,may                ,2005               
23.8513630076432   ,0.928531716394217  ,172.56065838547    ,-3.18871619365154  ,4.88483725499279   ,39.389984908944    ,31.7859830322692   ,81.7225497106169   ,283.029891945056   ,296.658168302399   ,275.95647924816    ,0.00636155718513452,3.18186771733589   ,14.2421161243401   ,12.3875538623067   ,53021              ,may                ,2005               
23.2821488924076   ,0.817546152333582  ,188.38502042043    ,-2.77893171895891  ,4.98763990013125   ,38.961346324925    ,31.4567310699504   ,80.6863647449287   ,283.597821989458   ,296.74116098164    ,279.418933247309   ,0.00644480389952009,3.29534122442831   ,14.4490550920057   ,12.2117594783828   ,53005              ,may                ,2005               
11.9970646393539   ,2.53892378423358   ,203.672111159263   ,-3.28093377329548  ,3.87641458905691   ,22.4271735637586   ,45.0965525681212   ,84.5123923551437   ,280.751490463596   ,291.626932314225   ,251.579397159883   ,0.0065033470633703 ,3.39965825599412   ,19.0710314391634   ,15.4306975594744   ,53023              ,may                ,2005               
13.3546869007915   ,2.69731877892681   ,190.868316748702   ,-3.3576712516798   ,3.95802002765705   ,22.582904271833    ,44.6717644994111   ,83.8205438506621   ,281.053265443224   ,292.178227014063   ,251.124138029176   ,0.0065748582189779 ,3.53842564412135   ,19.3708788104767   ,15.4793639917507   ,53013              ,may                ,2005               
17.1595398156234   ,1.79909884121485   ,190.153618532905   ,-3.2389966522452   ,4.53771551423519   ,30.8376335470192   ,37.4667712250876   ,82.5343074693537   ,282.948552361505   ,295.630661422926   ,260.534249820704   ,0.00673787979081316,3.4377212283682    ,16.5512575909374   ,13.8374137937194   ,53071              ,may                ,2005               
12.0047084114676   ,2.74383614266834   ,220.350572855523   ,-2.41702490936231  ,3.97874371436222   ,23.2868240541477   ,43.3099598463547   ,82.8951761094379   ,280.801015025283   ,291.815346445003   ,251.819037460568   ,0.00635564230209862,3.62908148105941   ,18.7416393434072   ,15.0866527951463   ,53003              ,may                ,2005               
36.431952412824    ,0.735235841597722  ,228.19026493459    ,-2.86466872788504  ,5.41138887184757   ,50.0329682372437   ,30.5415672770943   ,76.182924197969    ,282.961688905563   ,297.020529350288   ,298.662394726351   ,0.00627371226027374,3.34920075579688   ,12.4410957751141   ,10.2126595347825   ,53017              ,jun                ,2005               
22.7603290108417   ,1.35645565823581   ,200.489938704463   ,-3.39714419757221  ,4.65337792380119   ,34.5637660816931   ,38.3685128309565   ,83.49918462218     ,281.515365279023   ,295.152603130862   ,269.718489366897   ,0.00679980642643494,3.3944475510804    ,15.9367584665254   ,12.7417655550117   ,53063              ,jun                ,2005               
42.9775709180856   ,0.43782250985258   ,224.553206007573   ,-2.75046573420402  ,5.94496320517306   ,56.2897551010034   ,26.4091786186118   ,74.640351547576    ,283.846139757899   ,298.862844653365   ,314.042259717496   ,0.00609265851141518,3.44793257389688   ,11.3525916665447   ,9.40136284937152   ,53025              ,jun                ,2005               
31.0701152021021   ,0.828181488587919  ,206.378877334777   ,-3.45323219760221  ,5.09397584594425   ,42.7105318310722   ,32.8955563867671   ,85.726340537424    ,281.807784087334   ,296.661745091744   ,290.175857726638   ,0.00664002831062849,3.29071796362421   ,13.995819476529    ,11.9402045732087   ,53043              ,jun                ,2005               
37.232742805135    ,0.470841972978204  ,210.031861889044   ,-3.63152536109389  ,5.60738422732868   ,49.9700522371782   ,27.6969182673931   ,82.1636342645261   ,282.31166708581    ,298.553965616454   ,306.363717159501   ,0.00624417693126473,3.26388530492099   ,12.6390974336276   ,10.5860859266325   ,53001              ,jun                ,2005               
28.4043287615206   ,0.916528285075636  ,213.451972398908   ,-3.50299010585336  ,5.00108640611405   ,39.7341710196102   ,35.2632227401733   ,82.7816602576761   ,281.800634912827   ,296.499670485553   ,284.047712792789   ,0.00666838826529463,3.35711865534969   ,14.882650240655    ,11.9159130026686   ,53075              ,jun                ,2005               
41.5012662265385   ,0.34174341440965   ,212.257826387317   ,-3.151746961398    ,6.03974154759676   ,55.0609007625091   ,25.6536569652802   ,75.9678353461241   ,284.047209179218   ,299.630820058187   ,318.172886752593   ,0.00614224027621393,3.48435327911988   ,11.6411255924518   ,9.51759113525733   ,53021              ,jun                ,2005               
44.3307748753817   ,0.241962163467732  ,217.260938419851   ,-2.83077013210432  ,6.21619458042188   ,57.6653811614659   ,25.3594967919224   ,73.6043643187724   ,284.578949424548   ,299.685798002465   ,324.790380299209   ,0.00612864599983838,3.67690574115903   ,11.1315344493065   ,9.07274905019963   ,53005              ,jun                ,2005               
25.5095599039529   ,1.17967184818433   ,226.975256197349   ,-3.24494105342999  ,4.80735098188955   ,37.5072937990074   ,38.9715251470451   ,77.4026691006331   ,281.811955823563   ,294.730113896277   ,284.46624133424    ,0.00653509591902774,3.34306094168876   ,15.4223025138334   ,11.7718595824627   ,53023              ,jun                ,2005               
27.33793541942     ,1.00472797042776   ,217.185945013722   ,-3.32532123807837  ,5.03230544449355   ,38.7521774971048   ,36.8525024302551   ,76.314958422263    ,282.07706119078    ,295.345464861539   ,287.457589573219   ,0.00640247676559735,3.65545323221679   ,15.3701831596268   ,11.4086406788485   ,53013              ,jun                ,2005               
32.8313738821052   ,0.566635298543183  ,215.8259035529     ,-3.3447733652301   ,5.74497566992028   ,47.1835466736377   ,29.1943908067254   ,75.4389628159644   ,283.870795107792   ,298.783189396225   ,302.34834334314    ,0.00636630475017568,3.65023109685115   ,13.2235752126389   ,10.1851175081439   ,53071              ,jun                ,2005               
23.1089844967782   ,1.53597534154598   ,240.180952497584   ,-2.14949262055167  ,4.84204150719654   ,36.3537502395556   ,38.8736348525741   ,75.5940661121749   ,281.978888002567   ,294.805709085209   ,280.774774946784   ,0.00654885121207648,3.47048765005421   ,15.4105732411944   ,11.833370169932    ,53003              ,jun                ,2005               
48.1712224685547   ,0.239912004934561  ,272.066227106242   ,-2.84504143214933  ,6.63016938715435   ,62.4509558440934   ,21.9059144952444   ,64.9916171089751   ,286.631677799873   ,302.795349367867   ,312.046770007431   ,0.00642054180152916,3.58739187323874   ,10.3851894488823   ,8.32724239699541   ,53017              ,jul                ,2005               
35.1483887558749   ,0.693525317378787  ,215.633952591214   ,-3.2481863074752   ,6.09779419804545   ,47.9588336901567   ,25.5864856753446   ,72.5202098198995   ,284.618134068559   ,302.181806294845   ,306.948316467686   ,0.006862362723959  ,3.27933097779254   ,13.7131064673337   ,10.2117649681113   ,53063              ,jul                ,2005               
49.6330138577523   ,0.209799373363235  ,257.66113805751    ,-2.71261595397516  ,6.892599539894     ,65.4870072802529   ,20.0236667534748   ,65.0286886208236   ,287.239914457845   ,304.575762996684   ,318.208706694644   ,0.00638561886546601,3.48338914902458   ,9.76853971927875   ,8.19844260950826   ,53025              ,jul                ,2005               
39.3421314347797   ,0.416648974782261  ,233.739275654788   ,-3.25182113964214  ,6.3522678788131    ,53.1476750047481   ,22.0150161554177   ,73.2822772394712   ,284.852306067875   ,303.084807421559   ,310.410364338814   ,0.00656131790587443,3.34270625428686   ,12.4687739253384   ,9.73494943238744   ,53043              ,jul                ,2005               
42.8467843580822   ,0.283624330765715  ,244.113136286127   ,-3.51701350596937  ,6.57498626946323   ,59.3986364841153   ,20.1801000171629   ,69.3585344243704   ,285.909203824566   ,304.73858145987    ,314.44346567597    ,0.00643781949040093,3.16924857209577   ,11.0606276672311   ,9.02454323058583   ,53001              ,jul                ,2005               
39.7928303939842   ,0.382292882824985  ,230.919781995077   ,-3.62548705418905  ,6.44438729123327   ,53.4349146578389   ,23.1693015148879   ,69.9709464291422   ,285.33192318187    ,303.640139396421   ,308.487481018009   ,0.0066983849175391 ,3.37011668315196   ,12.4746995661155   ,9.57965276772429   ,53075              ,jul                ,2005               
48.6335801000044   ,0.218978968924535  ,246.608487639652   ,-3.1289085201728   ,6.81559664561198   ,64.9086211533464   ,20.5648012066006   ,65.1326923507615   ,287.988150058491   ,305.511468380911   ,317.914501303775   ,0.00668220416331899,3.24041171822299   ,9.91576050120607   ,8.41015393349432   ,53021              ,jul                ,2005               
50.0370109372209   ,0.170743876866574  ,247.749897509773   ,-2.94476442282957  ,6.89494978786539   ,67.0688310265655   ,20.5371676178055   ,64.5106758173014   ,288.534969865013   ,305.606938460602   ,318.309472211287   ,0.00679009680675869,3.28589704803131   ,9.43211024393219   ,8.15041725520392   ,53005              ,jul                ,2005               
45.8415183426806   ,0.377228522209361  ,240.073031796957   ,-3.33196305772039  ,6.4616364591276    ,58.2041570324861   ,23.5292169974672   ,58.2449076699723   ,286.485251749047   ,302.287405929306   ,306.492859880329   ,0.00615184001683457,3.38283407144761   ,11.8252704384761   ,8.30044631479355   ,53023              ,jul                ,2005               
45.9646781986635   ,0.382575090653066  ,232.869784932627   ,-3.40085364449087  ,6.48251768469992   ,59.0747443387444   ,23.3432837010557   ,57.198109505487    ,286.678571291619   ,302.436388474142   ,306.21367536576    ,0.00614169739358841,3.44651845773517   ,11.5908568752635   ,8.17876338334608   ,53013              ,jul                ,2005               
48.0584490316193   ,0.253950424552933  ,236.143092495373   ,-3.50132905774646  ,6.7911341086073    ,62.6479934184157   ,21.0727531659831   ,62.8488522909021   ,288.123591889492   ,305.375978231242   ,308.668814028088   ,0.00665232000219492,3.31760853299187   ,10.6087599124553   ,8.32703070958831   ,53071              ,jul                ,2005               
47.7765771154155   ,0.394258500938419  ,252.36035697152    ,-1.97710442057201  ,6.71430866665522   ,59.4569749899519   ,22.4947971633555   ,54.9318507755676   ,286.690321622076   ,302.908001142753   ,307.755458913524   ,0.00600489486749642,3.48990878908388   ,11.7381577812309   ,7.80069926912318   ,53003              ,jul                ,2005               
56.2524845157675   ,0.100038225460743  ,226.410665878762   ,-2.81722970053835  ,5.78808532426818   ,75.1565811788089   ,18.9269099642677   ,60.716963774639    ,286.03650507468    ,303.348043509602   ,273.189128830292   ,0.00583219448719809,3.01428371737308   ,7.95381736235042   ,7.36539875137403   ,53017              ,aug                ,2005               
45.1568105090554   ,0.37724716978478   ,196.194328327964   ,-3.2602489331573   ,5.2847334958488    ,63.4760066355101   ,20.9087261619235   ,69.994843473153    ,282.973481340705   ,301.895784203194   ,267.22346706785    ,0.00588335677134338,2.82420289740281   ,9.93272456609451   ,8.96598357305256   ,53063              ,aug                ,2005               
55.5928360035543   ,0.0971000119336351 ,220.423619227446   ,-2.66766045701569  ,5.88060488583183   ,75.6654235539293   ,18.4728433596692   ,62.4188351761362   ,286.104833859476   ,304.451131976466   ,279.068601671378   ,0.00583647505840382,2.86681920895987   ,7.77695983184666   ,7.55342221756395   ,53025              ,aug                ,2005               
50.7241233232158   ,0.205901841440362  ,205.40868817142    ,-3.24852526102544  ,5.45663312873      ,68.6713610992796   ,18.8806740226807   ,68.0709192627103   ,283.560788273765   ,302.846791351903   ,267.879859900821   ,0.00565189637614585,2.80515457240857   ,9.13480427843547   ,8.39010905081446   ,53043              ,aug                ,2005               
52.7222348609286   ,0.149754094259666  ,205.409138535294   ,-3.44893437140081  ,5.59703579292973   ,73.2679550838356   ,18.1282179913819   ,64.4527421260742   ,284.692599288725   ,304.11129096176    ,273.189825799309   ,0.00562206127396595,2.64983459922575   ,8.28501361949528   ,7.84954206942851   ,53001              ,aug                ,2005               
51.880699691392    ,0.205351094933796  ,209.761872539792   ,-3.84561558957193  ,5.66097098668115   ,69.7135017147462   ,18.7647680518568   ,65.7259438250142   ,283.711721765855   ,303.122747645224   ,267.880571320912   ,0.00557387394672419,3.05374733629444   ,8.86483758765335   ,8.17070898506628   ,53075              ,aug                ,2005               
55.95878909727     ,0.053701568548348  ,218.647705214868   ,-3.10495960376202  ,5.85537252358112   ,76.7611515078296   ,19.2331425961431   ,61.1260467907927   ,286.793045418789   ,304.757996923101   ,279.286896204416   ,0.00597869598866549,2.80505283315927   ,7.60793680925819   ,7.39312420997667   ,53021              ,aug                ,2005               
57.5500905389933   ,0.0309427571412738 ,230.586912131438   ,-2.92834401906595  ,6.00651691954972   ,77.4448403127095   ,19.2542497408165   ,61.9827058396737   ,287.188097361641   ,305.128237902515   ,282.121874885537   ,0.00614376956187928,2.89995735818863   ,7.48259345195885   ,7.38357904731465   ,53005              ,aug                ,2005               
57.3195361513159   ,0.131502922241446  ,228.866466374704   ,-3.58985303832878  ,5.79223015649456   ,77.0393867378028   ,18.2044942645075   ,52.640605893266    ,285.269248465597   ,301.745199706028   ,272.069708827024   ,0.00502823171046462,3.22499302725256   ,7.6689355390102    ,6.6961599178769    ,53023              ,aug                ,2005               
59.4687937848206   ,0.0953184587642201 ,221.852289475414   ,-3.57840488323158  ,5.82937254452299   ,78.6112508933259   ,18.2171445773111   ,51.3827142393321   ,285.466193205761   ,301.816860050149   ,275.351698690684   ,0.00501171778059764,3.2185809508789    ,7.48473686741889   ,6.52070799193618   ,53013              ,aug                ,2005               
59.2318685931128   ,0.0430487656050894 ,225.563870680792   ,-3.65806617517135  ,6.04889193235843   ,78.7738790964786   ,18.185086760032    ,56.9491465466247   ,286.887534380897   ,304.616056016571   ,276.017676384718   ,0.00568089187258809,3.07142938770805   ,7.39382157437044   ,6.84707675973105   ,53071              ,aug                ,2005               
59.4790506318632   ,0.128688506538205  ,235.2534592379     ,-2.2977078894194   ,6.00839341082572   ,78.3867023796762   ,17.6987522331608   ,51.0705620503184   ,285.440491178947   ,302.074478012886   ,273.675056365902   ,0.00496761668164284,3.42967208753284   ,7.44892672687411   ,6.46100463035221   ,53003              ,aug                ,2005               
46.2082360317151   ,0.223071945431205  ,259.863295201428   ,-2.80707306960415  ,3.52149339438502   ,62.0922132636016   ,26.9710625790736   ,74.3349726763483   ,281.226982159199   ,295.189029620257   ,186.30004111236    ,0.00536482309822582,3.14874654863723   ,9.33358648198206   ,10.4318267867679   ,53017              ,sep                ,2005               
37.3756141267887   ,1.14246798663758   ,231.038382037529   ,-3.21363025390389  ,3.25158401806183   ,50.9876350679175   ,29.0604584712267   ,82.3242568849913   ,278.58187625657    ,293.662757689564   ,178.292782718771   ,0.00523322392222042,3.3147448366657    ,11.4121612343986   ,12.3739829788092   ,53063              ,sep                ,2005               
47.8158892452503   ,0.351964952484781  ,241.597797318436   ,-2.62757790524519  ,3.69175179801395   ,63.9353659471167   ,25.2868091163658   ,72.8476021289535   ,281.452061202975   ,296.472628970149   ,191.563953808791   ,0.00523450458760695,3.07846194043311   ,9.16630037092422   ,10.0953857674532   ,53025              ,sep                ,2005               
41.6690834358601   ,0.554605123711277  ,231.365815457401   ,-3.16654637965686  ,3.38769545066233   ,56.2290755929697   ,26.6636016357106   ,79.5999319163029   ,279.158198764652   ,294.61233582417    ,180.141499969555   ,0.00508030648634072,3.18019840730593   ,10.4986717104248   ,11.5445716374624   ,53043              ,sep                ,2005               
41.2903376008341   ,0.76831819067541   ,227.943739330677   ,-3.30136012871605  ,3.51263464461823   ,59.7301110317737   ,25.2230911140114   ,75.3480931118999   ,280.09868204432    ,296.068535756108   ,186.550739701862   ,0.00508388842862106,2.9316941692984    ,9.81227549805227   ,10.7164562475146   ,53001              ,sep                ,2005               
38.825688861651    ,1.15256624974456   ,234.785798608102   ,-3.87816038056916  ,3.51697788995387   ,55.6889351689208   ,26.1816545868294   ,77.4861734131458   ,279.337711513145   ,295.155915059408   ,182.214668390311   ,0.00508806193804405,3.27784227047247   ,10.4563262053097   ,11.429945642303    ,53075              ,sep                ,2005               
43.9864065508731   ,0.67742110924461   ,236.32837739379    ,-3.08131657227492  ,3.78235630435057   ,63.5583414153564   ,25.2653340436251   ,70.7388681680728   ,282.283377317771   ,297.289325678899   ,194.548016674824   ,0.00539423712439692,3.09077113038454   ,9.11485284915337   ,9.99679192170119   ,53021              ,sep                ,2005               
46.3471676143485   ,0.47180187920553   ,237.760586944546   ,-2.97866293076698  ,3.83729302286808   ,64.1053634398082   ,25.3094730076705   ,71.4183107289572   ,282.533670223018   ,297.381102996465   ,200.185526144716   ,0.0054802898491854 ,3.16930814842736   ,9.07693134609764   ,10.0473187182312   ,53005              ,sep                ,2005               
46.4886923048198   ,0.839503369364679  ,249.368738753381   ,-3.72641408357067  ,3.66860112257255   ,65.5301588311205   ,25.2172646476122   ,65.5769257346049   ,280.945588289186   ,294.369686946513   ,188.912903003416   ,0.00483594235525935,3.35097836884159   ,8.66315568490552   ,9.3930421588337    ,53023              ,sep                ,2005               
48.2802062245765   ,0.929153430851966  ,238.277995706832   ,-3.74509680645628  ,3.76968267273945   ,67.5091810401197   ,24.5247807490264   ,64.2906435205882   ,281.016636580489   ,294.566275804663   ,191.251465414956   ,0.0047559309201632 ,3.57727652766318   ,8.37143067627053   ,9.11429508215054   ,53013              ,sep                ,2005               
45.0403608238163   ,0.691254912833696  ,236.012516684018   ,-3.75565589217313  ,3.92394891249617   ,64.5770940594557   ,24.5322493060818   ,69.5011673795498   ,282.019247374496   ,297.169231102589   ,190.767169825753   ,0.00528016005122787,3.46954342349758   ,8.84146634944409   ,9.79535117931159   ,53071              ,sep                ,2005               
48.9589533546418   ,0.563690794130601  ,260.631202697754   ,-2.61200347274469  ,3.76575847830796   ,66.8907554081177   ,24.9613402416526   ,66.1434026829518   ,280.748444858375   ,294.420230577752   ,189.267795865321   ,0.00481497275826029,3.55722840877925   ,8.39872242064372   ,9.26342997991836   ,53003              ,sep                ,2005               
19.7482903324776   ,1.08798914585214   ,187.676778910254   ,-2.37756584120139  ,1.49483287987834   ,28.2416886647736   ,46.8714590139798   ,96.4535529628628   ,277.528636883615   ,288.109920766061   ,106.319889064457   ,0.00582585095188399,2.95715954606196   ,15.7252706050997   ,18.5427861714527   ,53017              ,oct                ,2005               
15.6116882980418   ,1.41733738607911   ,186.26380246115    ,-2.63014606030879  ,1.38437122735969   ,21.5261186557545   ,50.8448940540414   ,98.4057885147635   ,276.803333484819   ,287.383780507764   ,103.612317061796   ,0.00590558219843503,3.27239540929081   ,17.9499972070686   ,19.8382325856425   ,53063              ,oct                ,2005               
21.3011644593865   ,0.882055118038504  ,190.469304254948   ,-1.97124482474263  ,1.67252712804307   ,29.5205055166122   ,43.1553921565952   ,96.2216612110654   ,277.997015650095   ,289.659058829288   ,113.292579885515   ,0.00580727153659212,3.04007822656369   ,15.6514493762347   ,18.2354402611853   ,53025              ,oct                ,2005               
18.5519181369715   ,1.02011577382917   ,187.086685815027   ,-2.63172448534954  ,1.51046961471605   ,25.4434595479018   ,47.2015156296203   ,97.7074847070493   ,277.169442246937   ,288.09715208852    ,107.414411948766   ,0.00581101921376764,3.23592846514639   ,16.7699404315683   ,19.1125565675786   ,53043              ,oct                ,2005               
20.4642020029479   ,0.709504540266948  ,186.960441103836   ,-2.54108542534091  ,1.63880857100537   ,28.5088618316672   ,43.607770632437    ,96.9305236785378   ,277.932602559146   ,289.673656756627   ,113.919658570978   ,0.00586007908479461,2.9252488894266    ,16.0302057031761   ,18.4063078068642   ,53001              ,oct                ,2005               
18.2699256234426   ,0.980628078402333  ,197.200692709646   ,-3.20121194250443  ,1.6640030979884    ,26.0301479028886   ,44.7214656258715   ,97.1480097961426   ,277.530649200961   ,289.296554068578   ,106.944596216973   ,0.00590557451676259,3.2816652998119    ,16.6438764480576   ,18.7101847704357   ,53075              ,oct                ,2005               
22.0797747440498   ,0.785941915631886  ,192.290556124622   ,-2.34576239616443  ,1.81261825524178   ,31.3123654609874   ,42.1499256193194   ,94.3393813859736   ,279.511912714577   ,290.809113306088   ,116.611386054444   ,0.00603306380114414,3.07656376046815   ,15.2578773517467   ,17.521530318911    ,53021              ,oct                ,2005               
21.1708521035142   ,0.779924039699963  ,199.004144926428   ,-2.37174655088541  ,1.82179011724211   ,30.6184497282668   ,42.4076714734126   ,94.83505218551     ,279.203824294662   ,290.76713846858    ,119.228923267343   ,0.00603303911993154,3.10064940619876   ,15.3203134189514   ,17.7020124556295   ,53005              ,oct                ,2005               
20.7917672140422   ,1.3436230495169    ,209.57793005376    ,-3.37299766945296  ,1.73269801464009   ,30.0529907228378   ,43.278447415255    ,95.0370650856081   ,277.549248262962   ,288.680548018049   ,111.207509590566   ,0.00568683102342166,3.2625479797781    ,15.2633971397921   ,18.0627021432233   ,53023              ,oct                ,2005               
23.3024859707428   ,1.68693218743745   ,204.817490317253   ,-3.46882143673888  ,1.83117787351461   ,31.744811271538    ,41.9524841273159   ,93.498336005988    ,277.785549398975   ,288.925839883334   ,114.199694228724   ,0.00561336831576157,3.61858783317285   ,14.969387149392    ,17.6229718300443   ,53013              ,oct                ,2005               
21.7521683131441   ,1.12893694836169   ,203.973308180062   ,-3.36293705950585  ,1.91883157643861   ,30.9074031817704   ,41.2967233997988   ,94.8239344570101   ,279.045740287134   ,290.952795489392   ,111.942951463509   ,0.00600868571169114,3.54501286086497   ,15.1810442906742   ,17.7202049305894   ,53071              ,oct                ,2005               
22.9308983166635   ,1.28286176654334   ,224.312034145254   ,-2.47909983970823  ,1.8303952726766    ,31.8296150671108   ,42.631749424172    ,94.1432001901173   ,277.643337141072   ,288.701471093853   ,114.54003574092    ,0.00560971822882716,3.51858745710076   ,14.81066040547     ,17.7381061906952   ,53003              ,oct                ,2005               
8.76423812247829   ,1.64272209422501   ,160.788755937092   ,-1.45500432577416  ,0.434640876459157  ,9.25172697538769   ,65.3562379254378   ,97.497346869826    ,270.085139180172   ,276.746753997666   ,61.4734167688512   ,0.00355933780242419,2.76922967166431   ,22.8118236133887   ,22.5969481823794   ,53017              ,nov                ,2005               
7.28078880048816   ,1.73932201370159   ,160.289509426666   ,-2.15110247342903  ,0.426183426303161  ,6.76928068990192   ,67.5470841122736   ,98.658507720267    ,270.426161887991   ,277.043534830977   ,65.4594030530982   ,0.00376648103915959,3.2308748972271    ,24.1259327875928   ,23.1095239355209   ,53063              ,nov                ,2005               
12.0470008412158   ,1.20097872028803   ,153.620519569137   ,-1.1931442770015   ,0.539567154483378  ,13.589303042109    ,60.5492372896379   ,96.1134791586328   ,271.268138092803   ,278.382872875895   ,65.6924083534208   ,0.00369424312435077,2.87628929056023   ,21.3081427504419   ,21.3832508096457   ,53025              ,nov                ,2005               
8.86314775640339   ,1.40854094416591   ,150.759079991358   ,-2.01778206786373  ,0.420015874453476  ,8.6397382235399    ,67.7764196306348   ,98.382509511676    ,270.453740173194   ,276.88935292926    ,65.6210303651784   ,0.00373068857949535,3.08503239033899   ,23.099401159901    ,22.922724283927    ,53043              ,nov                ,2005               
10.6432577086655   ,1.09346576827901   ,152.70602738235    ,-2.02769481566483  ,0.515531753826933  ,12.7941515819605   ,60.9443095330181   ,97.0284382057736   ,271.268270461584   ,278.505283250053   ,68.5823431247285   ,0.00378842017222632,2.74028595170182   ,21.5488147372161   ,21.6457260780371   ,53001              ,nov                ,2005               
9.73532152684866   ,1.46109748995421   ,166.133378824408   ,-2.79727474857779  ,0.630396666635193  ,11.59636770062     ,59.1976081230313   ,96.940507835837    ,271.445328355976   ,278.906798396092   ,68.7271507854088   ,0.00382227558195226,3.42336543616594   ,22.119065412484    ,21.691526302188    ,53075              ,nov                ,2005               
12.6609342138104   ,0.817632443194206  ,180.592764364428   ,-1.91399909716386  ,0.685452941360955  ,16.5349196630563   ,57.0087948368757   ,94.6282002605536   ,272.82650011894    ,280.081896554018   ,67.274343977219    ,0.0038944124608026 ,2.91243042757114   ,20.1353227622692   ,20.3750597739831   ,53021              ,nov                ,2005               
12.7166695465713   ,1.03840008750558   ,173.422821422164   ,-1.825106305895    ,0.709817354961554  ,16.4302647462963   ,56.6497715502331   ,94.4416268918641   ,272.910531924697   ,280.164886099911   ,70.1892996912172   ,0.0038857983485993 ,2.87713446860777   ,20.2860186072731   ,20.3780211363083   ,53005              ,nov                ,2005               
9.89341616618484   ,1.6826034604269    ,186.814143087849   ,-2.95087535176465  ,0.75714784062643   ,12.5198105906107   ,55.1139130282353   ,95.0352816714016   ,271.401906533567   ,279.394665919081   ,67.9339211993089   ,0.00373469355237028,3.74253871481611   ,21.9621898210814   ,20.9951572469549   ,53023              ,nov                ,2005               
8.8520154350052    ,2.20271411239581   ,176.913153781992   ,-3.09771554819576  ,0.786725339067232  ,12.3116615502414   ,54.2815547447138   ,93.0299520602401   ,271.646717645402   ,279.405882598717   ,70.9239176503859   ,0.00368380042341136,3.91309892076472   ,22.1888171249243   ,20.6624233409788   ,53013              ,nov                ,2005               
10.7910421938401   ,1.16768786608365   ,179.28516840144    ,-2.99751938697768  ,0.801530096780882  ,14.6337653533109   ,55.5638195720145   ,94.3097562112782   ,273.024355144552   ,280.408285460433   ,65.985566650432    ,0.00393362309979931,3.67402789800309   ,20.9588596354332   ,20.4764613735644   ,53071              ,nov                ,2005               
13.0553569526527   ,0.884962570406225  ,210.726332573067   ,-2.00607232578153  ,0.86149958885046   ,15.8385743893882   ,54.6001996172606   ,93.8275781951682   ,271.533653756766   ,279.682664226151   ,68.767743643647    ,0.0037107726130204 ,4.39945515623348   ,20.6151298186495   ,19.9114577177377   ,53003              ,nov                ,2005               
8.16376907463283   ,1.91823286074352   ,146.705847424699   ,-1.19437075376189  ,0.252282036361908  ,8.74582985961627   ,75.2297658983695   ,91.7562896183559   ,266.62186877584    ,271.864487239978   ,49.0158863804518   ,0.00265545109243497,2.2478969872694    ,23.3190257046743   ,21.8487320675469   ,53017              ,dec                ,2005               
7.94199477175068   ,2.4986972825596    ,140.459269392333   ,-2.39837570148761  ,0.336126602986844  ,6.3202994436086    ,74.8082065651844   ,93.3364481484395   ,265.968463555271   ,272.682292986931   ,45.8979494829187   ,0.00274798979171483,2.87430952911802   ,24.6555647099272   ,22.5748626130209   ,53063              ,dec                ,2005               
8.76363138395358   ,1.62446321849141   ,134.901104252364   ,-0.907919895469162 ,0.262204081533048  ,8.98178043181689   ,75.2229899169903   ,94.1183877595091   ,266.825558078354   ,272.809801650062   ,50.7907990204569   ,0.00275734217099234,2.27284916228888   ,22.8980602570091   ,22.2715436290343   ,53025              ,dec                ,2005               
8.24154750460132   ,1.94758742740444   ,131.362159161276   ,-2.03055022496881  ,0.275655832375765  ,6.71990513720608   ,76.6295587601885   ,94.8544601701419   ,265.913526121396   ,271.974160341735   ,47.6270653391605   ,0.00270214983214518,2.65685228956248   ,24.2669599058141   ,22.9850787520124   ,53043              ,dec                ,2005               
7.94883866888118   ,1.71775734031069   ,136.889874583579   ,-2.05254745876208  ,0.281907458353962  ,8.02880173487217   ,74.1024985837162   ,95.6644451950204   ,266.694676348405   ,273.23336050039    ,48.2457623208491   ,0.00283610049857328,2.06524855072371   ,23.3685130830708   ,22.7716182583952   ,53001              ,dec                ,2005               
8.35724691361415   ,2.30933437181688   ,153.640640968224   ,-2.95755171916064  ,0.454090111974992  ,8.71612218160021   ,68.5285868887808   ,92.843913490445    ,267.396372178022   ,274.434748904957   ,48.0356366073758   ,0.00293185065299565,2.9304916538117    ,23.5512855113908   ,21.6342413339802   ,53075              ,dec                ,2005               
9.80774118990279   ,1.68815552549102   ,174.785884124941   ,-1.96635319773967  ,0.343259631050034  ,11.9758795083219   ,72.6309956658192   ,92.0535899441059   ,268.209282461313   ,274.363600690793   ,47.5626050577408   ,0.00296936747732942,2.09466872383387   ,21.7088258166191   ,21.1058304317181   ,53021              ,dec                ,2005               
8.85178662558184   ,1.88778267108359   ,165.605424332408   ,-1.69398606440725  ,0.326653528682285  ,10.8083066601225   ,71.7527185291463   ,93.4621208702554   ,268.254116365331   ,274.3881022632     ,49.9817477831003   ,0.00297608173694448,1.92029079717292   ,22.1785828800126   ,21.6307776337309   ,53005              ,dec                ,2005               
9.10096185916927   ,2.69561479154581   ,181.541060611575   ,-3.07494426477029  ,0.638972203009309  ,12.5131405525357   ,60.2184466516009   ,88.1271745891058   ,268.811556144383   ,275.986680451387   ,49.8867286437293   ,0.0030151064377871 ,3.13949312716414   ,22.3230312205249   ,19.6720956326518   ,53023              ,dec                ,2005               
8.49373580107293   ,3.54178104772254   ,172.735165895509   ,-3.24809803700572  ,0.587101032142812  ,11.3653761367237   ,60.3783482373489   ,89.6814392276251   ,268.713027898179   ,275.590235293723   ,52.1673831536924   ,0.00298212981910037,3.09183704913911   ,22.8049811880834   ,20.3577000771101   ,53013              ,dec                ,2005               
9.22139928359639   ,2.26873732976878   ,174.045104918538   ,-3.13144093824596  ,0.476636921799159  ,10.9009878310266   ,68.3516004913868   ,93.2266252316111   ,268.801942303252   ,275.267000515739   ,47.4024408340454   ,0.00307813524642422,2.84432439140188   ,22.390265060828    ,21.3629094658828   ,53071              ,dec                ,2005               
11.7151711669789   ,1.69988400400628   ,211.511997104097   ,-2.15048734226475  ,0.757981869852093  ,16.8791928872176   ,59.3785358558896   ,86.2244919667859   ,269.277384406691   ,276.333944345739   ,52.275703462661    ,0.00301402252797126,3.80878694314156   ,20.3448572021911   ,18.4591646680577   ,53003              ,dec                ,2005               
