bi,pr,th,pdsi,pet,erc,rmin,rmax,tmmn,tmmx,srad,sph,vs,fm1000,fm100,countyfips,month,year
9.21287038149521   ,0.808501116211467  ,158.456213018747   ,0.673800653658359  ,0.344291669878169  ,9.9909902444985    ,66.193270370096    ,87.9767877656515   ,262.965355995416   ,270.256165049634   ,66.1448793962679   ,0.00202706149173771,2.45300936367489   ,23.7965550680967   ,19.6516668995342   ,53017              ,jan                ,1993               
7.69104610443158   ,1.48055656192298   ,128.033121366713   ,-2.04003106448667  ,0.407685958939693  ,7.3130187639717    ,69.8314311232026   ,87.8682107140894   ,264.031125102046   ,271.362586434255   ,56.6348802789261   ,0.00228755526139149,2.92637071468419   ,25.019777401953    ,20.1646151204637   ,53063              ,jan                ,1993               
9.0300206021418    ,0.647096296707442  ,135.09352441001    ,1.48726714677861   ,0.354605431773967  ,9.58459298889912   ,66.0741230797682   ,92.4687488080336   ,263.528493007582   ,270.903125823005   ,61.2254086186978   ,0.00210704347941579,2.36552908901843   ,23.5174604467523   ,20.6574813499199   ,53025              ,jan                ,1993               
10.107727792333    ,0.939623902968803  ,123.432425825505   ,-1.53143495615266  ,0.386052934860869  ,9.99159339214812   ,67.7664070088278   ,89.2884564741497   ,263.183815276745   ,270.613569182844   ,57.9902148163431   ,0.00212311410822916,2.70492366657713   ,23.7051861710357   ,19.9970788184761   ,53043              ,jan                ,1993               
7.05931988884873   ,0.87319641876315   ,143.735411857215   ,-0.269187233343172 ,0.324218768357531  ,7.85959000245655   ,68.2371171361936   ,94.9592582719561   ,263.864946828134   ,271.065699801492   ,57.470164685717    ,0.00224435482854444,1.97526567561182   ,23.7055367082729   ,21.6415162675757   ,53001              ,jan                ,1993               
6.88696526272007   ,1.35387809971436   ,146.57268252608    ,-2.06108255933313  ,0.45154263157037   ,9.11881330286614   ,64.366808179678    ,90.4511048266648   ,265.055924896298   ,272.333445112601   ,56.1140137513539   ,0.00236496251925165,2.54458771188978   ,23.5218995619454   ,20.2818474420696   ,53075              ,jan                ,1993               
7.39066802122267   ,0.882270346893917  ,197.556100651122   ,1.07370214272453   ,0.329864051242916  ,8.95978061459339   ,71.1674114303021   ,95.2034123943698   ,265.037155891589   ,271.889409120621   ,57.2045603745037   ,0.00241117310818867,1.93511469804915   ,22.8143158157765   ,21.8526988020014   ,53021              ,jan                ,1993               
6.03307182481517   ,0.980542082306905  ,189.16228948553    ,1.05986602557226   ,0.321842128149262  ,6.74917549113714   ,71.426672119429    ,96.1240745419923   ,265.162630873751   ,271.934406799678   ,59.3488728948667   ,0.00245654915637021,1.81644817113615   ,23.7966180017919   ,22.4335871361712   ,53005              ,jan                ,1993               
7.39415742395643   ,1.62710321624162   ,164.507781131954   ,-2.15110776871134  ,0.561171079611664  ,10.9455845410814   ,58.4376806973026   ,87.3636913314847   ,265.853520678652   ,273.302644928718   ,57.9487738904531   ,0.00238863807067087,2.59114820868571   ,23.2619406328104   ,19.3902236763257   ,53023              ,jan                ,1993               
5.31653367932379   ,2.19401919965871   ,166.148297592809   ,-1.3044133693968   ,0.505265652436277  ,7.20487156273283   ,60.2496322953325   ,90.7491327893631   ,265.390331534392   ,272.846038246251   ,62.767413856411    ,0.00239623076462501,2.58819719968847   ,25.4189866353805   ,20.8674166814195   ,53013              ,jan                ,1993               
6.32553234265826   ,1.39988992163225   ,168.99541974385    ,0.643698513361456  ,0.42338071409354   ,7.63998310280626   ,66.8440401686041   ,94.9425447255396   ,265.368929064871   ,272.625698238666   ,58.208673432653    ,0.0024643515973179 ,2.41725304819704   ,23.8676119938692   ,21.8712744056287   ,53071              ,jan                ,1993               
11.1345568626214   ,1.09872467143414   ,183.836187511521   ,-1.96854681385695  ,0.673414666355639  ,17.7927655352432   ,55.2641024116856   ,83.2487915201638   ,266.118840957042   ,273.62293928383    ,61.0220578393292   ,0.00229775668655844,3.14820110104576   ,20.2718072774019   ,17.6075038405792   ,53003              ,jan                ,1993               
16.5449125059387   ,0.599735987743504  ,107.718095660835   ,0.502292087350144  ,0.748161535474845  ,22.2898685252341   ,53.9184012889495   ,83.6693051372715   ,265.807599106981   ,274.158123852154   ,110.750815637579   ,0.00232094814488297,2.53494949742698   ,19.4319097668013   ,16.4649640886335   ,53017              ,feb                ,1993               
14.8321933312574   ,0.764537863588346  ,105.194024256919   ,-2.16650350659089  ,0.736289576595367  ,16.8339866069002   ,59.0617013662937   ,88.9501726553847   ,265.240068580604   ,274.21805726224    ,92.6406324745208   ,0.00247364524114903,2.99745520434326   ,21.1778430719247   ,18.3265404408257   ,53063              ,feb                ,1993               
15.8862913443729   ,0.54536806251439   ,100.019574790553   ,1.30160594785627   ,0.750471775623106  ,20.0803257707642   ,54.9002061629924   ,86.6654738628948   ,266.441797692834   ,274.558825633581   ,106.358141474327   ,0.00242454030413068,2.56262901420302   ,20.0834773757433   ,17.4681002587493   ,53025              ,feb                ,1993               
15.3979152707997   ,0.631262614323316  ,103.106185876846   ,-1.61222598229312  ,0.690115610383352  ,17.8222719436614   ,58.4675130071877   ,89.7416916169935   ,265.097918842418   ,273.600259044087   ,98.2195866975287   ,0.00240630734060408,2.73022219110909   ,20.7041703715814   ,18.5567522937431   ,53043              ,feb                ,1993               
13.760247226607    ,0.608011614828011  ,109.945902310304   ,-0.366350428293531 ,0.693657801984045  ,16.3815799732458   ,57.3554591675835   ,90.5085122539428   ,266.389173973792   ,274.527670948905   ,98.0666789385904   ,0.00253774453619058,2.13095298971839   ,21.367704682598    ,18.92296051252     ,53001              ,feb                ,1993               
13.4806337970782   ,0.759911699301344  ,135.70663634088    ,-2.15415847306158  ,0.777982663899159  ,16.8199860210178   ,55.7253727037766   ,90.1598843507206   ,266.795969475498   ,275.335891804415   ,94.1885326571424   ,0.00264908003854857,2.46500160088058   ,21.001430741238    ,18.6614413384029   ,53075              ,feb                ,1993               
12.8401873799972   ,0.695982690264246  ,163.979217228694   ,1.01323530287124   ,0.71568062583005   ,16.0019276224977   ,58.493592277464    ,90.4206285796323   ,267.981733691037   ,275.644379047771   ,101.658109685353   ,0.00276019260356686,1.92303225705912   ,21.4121927208953   ,19.0731231471994   ,53021              ,feb                ,1993               
12.4212228172037   ,0.635605209720394  ,159.513670060165   ,1.1523623395623    ,0.731359908313176  ,16.2584165579821   ,57.1879365632621   ,89.489694782565    ,268.221156796659   ,275.614299833825   ,104.287476865901   ,0.00274543550835973,1.8920224477755    ,21.4297571470449   ,18.6548178494229   ,53005              ,feb                ,1993               
13.0885014434017   ,0.919027915882019  ,160.083359884073   ,-2.25041624527293  ,0.860421732838242  ,18.7003941488813   ,52.0813226183643   ,88.1143273139486   ,267.271017704162   ,275.89515796042    ,96.6602209242657   ,0.00267934913282901,2.43594235778119   ,20.2753979958786   ,17.8317850086683   ,53023              ,feb                ,1993               
10.8061992408767   ,1.11973257613069   ,149.89582237249    ,-1.44895002219897  ,0.785186909272899  ,15.395777728635    ,53.9464174390463   ,88.9493750441672   ,267.073432597101   ,275.418530252324   ,104.13943918552    ,0.00267545174415573,2.20460919722101   ,21.745821457972    ,18.3681081096539   ,53013              ,feb                ,1993               
11.3566250042802   ,0.885662734267166  ,155.980287078435   ,0.537642191222876  ,0.730071502085451  ,14.5964578867616   ,58.221474060752    ,90.5593807927131   ,267.947432979889   ,275.593191383885   ,97.6938366397056   ,0.00278420518510383,2.09640298792865   ,21.8879390496687   ,19.1415800758909   ,53071              ,feb                ,1993               
15.6318472233962   ,0.741665348315556  ,181.707323100196   ,-1.89431432462377  ,0.983653606911024  ,23.5605205767812   ,49.3977248857615   ,85.5635206537774   ,267.404854079357   ,276.289875424318   ,97.5160782851815   ,0.00258545149353816,2.91322985004024   ,18.2764575235289   ,16.7353719794837   ,53003              ,feb                ,1993               
17.9844546473584   ,0.536215927201912  ,170.064933398106   ,0.276298612377942  ,1.68292159622321   ,26.451775906905    ,44.3512730505164   ,88.5705906160084   ,272.022584046647   ,281.623112008443   ,163.702573444064   ,0.00348562750230668,2.5150590342404    ,17.9540693503485   ,16.0876758211997   ,53017              ,mar                ,1993               
11.460145660831    ,1.35993357385245   ,177.828128467526   ,-2.30262267033984  ,1.52025905580822   ,17.7268441969629   ,49.037373794038    ,92.1945429799229   ,272.425100781915   ,282.103503707017   ,138.598603576337   ,0.00395542677452273,2.65024719612658   ,20.5836074730733   ,18.0699816029707   ,53063              ,mar                ,1993               
16.2078781566295   ,0.628254917612683  ,163.509766411547   ,1.34299151690184   ,1.76150841610875   ,23.6485035256788   ,45.3915951831123   ,90.4166340423852   ,273.182246078668   ,283.225674942754   ,159.140408258516   ,0.00382224650043906,2.57703640365253   ,18.7700856976994   ,16.8015144720121   ,53025              ,mar                ,1993               
14.5345917718933   ,0.977659923202652  ,170.558157352113   ,-1.60768640376168  ,1.5840845524425    ,20.5278122641857   ,48.6254036822838   ,91.3963913074293   ,272.429953056263   ,281.881652277551   ,153.017416863365   ,0.00383318357174791,2.60815081049199   ,19.7950149424972   ,17.5624789000751   ,53043              ,mar                ,1993               
12.0545478132654   ,1.00458569189818   ,152.220001723896   ,-0.203933945457596 ,1.65939674021048   ,18.7282956811172   ,47.9340376486806   ,92.3256966183373   ,273.325610150162   ,283.325387605117   ,150.989814476579   ,0.00403011228015235,2.32401968049126   ,20.298247339545    ,17.8597280803081   ,53001              ,mar                ,1993               
10.9593393144973   ,1.40052903145205   ,180.552932969524   ,-2.17514823366614  ,1.70590761472197   ,18.7147305197779   ,47.4316415310449   ,89.9980509553507   ,273.86658972029    ,283.768411279204   ,141.544051966224   ,0.00416588904409434,2.7211487813195    ,20.225497266346    ,17.4564416254901   ,53075              ,mar                ,1993               
12.2369529842525   ,0.948596022045355  ,153.846037073253   ,1.3014223295455    ,1.76993985139111   ,19.1381889188852   ,48.0238632713299   ,91.647577539922    ,274.531803178432   ,284.707779275217   ,150.527365816083   ,0.00424993883011858,2.39561918995369   ,20.2462171627925   ,17.5882776818855   ,53021              ,mar                ,1993               
13.6591746056362   ,0.835468824965334  ,149.878185698389   ,1.55752978620856   ,1.75947156825248   ,19.597811227947    ,48.9934609790503   ,92.4444332727154   ,274.359007963358   ,284.452844452644   ,154.0032140967     ,0.00427934311878819,2.44894131994766   ,20.0965956006939   ,17.7167431126344   ,53005              ,mar                ,1993               
10.8347578812723   ,1.8347797777968    ,200.763994020992   ,-2.36492097254372  ,1.78646642277198   ,19.4614447799525   ,46.6073642832749   ,87.8807115079023   ,273.929817711798   ,283.590099248349   ,143.518761401137   ,0.00413436407720494,2.87393075049795   ,19.9882200090519   ,17.0789221040569   ,53023              ,mar                ,1993               
9.43528486316509   ,2.50138599101972   ,173.412623819216   ,-1.57790817112303  ,1.724887035431     ,15.5937755961513   ,49.7405541417889   ,89.4934320738138   ,273.808056777725   ,283.267396555461   ,147.903209250756   ,0.00421863219654667,2.92710520605182   ,21.63775272946     ,18.068235734773    ,53013              ,mar                ,1993               
10.3015268302563   ,1.63710392397259   ,160.132849897264   ,0.570778317939898  ,1.77064898277154   ,16.4668487681727   ,50.5575639725732   ,90.9646648729126   ,274.86721644888    ,284.761981931097   ,142.057196536841   ,0.00439947349926857,2.85508143664219   ,21.1555850874118   ,18.0252574491213   ,53071              ,mar                ,1993               
13.4395906897405   ,1.29616305934739   ,230.89210977417    ,-1.97657878105948  ,1.97332125723937   ,24.9900378011551   ,43.9496554093331   ,84.9705746244031   ,274.34511569216    ,284.00034417246    ,145.174308354248   ,0.00403506923932637,3.34729496275421   ,17.8455040734994   ,15.638894447024    ,53003              ,mar                ,1993               
15.791466054021    ,1.08107410008205   ,207.311854070645   ,0.633547596466081  ,2.78106950337782   ,27.8066462102069   ,38.5294302022682   ,86.3626422935205   ,275.490675674809   ,286.347961262637   ,201.042567254655   ,0.00430080663924911,3.55690184116149   ,17.004846649864    ,14.6529189088381   ,53017              ,apr                ,1993               
4.89338760585944   ,2.59370799329209   ,208.982371017008   ,-1.57695428983298  ,2.40655113766621   ,13.6822804483599   ,47.4058597506723   ,95.4859352900264   ,275.551318705674   ,285.720434746554   ,188.944465079109   ,0.0049899762200537 ,3.65625870274918   ,21.2389108114813   ,18.2151145397832   ,53063              ,apr                ,1993               
16.7739489693333   ,0.847876879985579  ,207.191546898655   ,1.98230344037106   ,3.01948000629598   ,27.9609015920698   ,36.3609326764769   ,89.7590337248854   ,276.496062857694   ,288.489756898572   ,206.301286734814   ,0.00464214505414217,3.6420280439181    ,17.170000394505    ,14.787962767934    ,53025              ,apr                ,1993               
9.4832053355597    ,1.7103239057733    ,206.485071139461   ,-0.481304502299881 ,2.63492266661417   ,18.8660696575541   ,41.5705227417138   ,94.7423432926005   ,275.256120483593   ,286.520940244397   ,202.385044880869   ,0.00475362743858201,3.60794531227391   ,19.7682694459398   ,17.0594084316336   ,53043              ,apr                ,1993               
10.326374280613    ,1.36570061635317   ,204.822597441723   ,1.02844267514283   ,2.88566477197403   ,21.0113538883249   ,38.7930274213738   ,93.9123869060673   ,276.307706777141   ,288.206493607223   ,210.436470979765   ,0.00485904265202692,3.35824713005605   ,19.22947026802     ,16.3251227714498   ,53001              ,apr                ,1993               
5.69918074068778   ,2.50798125526436   ,216.569128352147   ,-1.38850254561387  ,2.68838065938389   ,15.9642517423443   ,44.3484450330547   ,92.6655293091419   ,276.673316081926   ,286.972461298924   ,200.005166444068   ,0.00500514941921859,3.54213123163055   ,20.5010098968207   ,17.4179343056772   ,53075              ,apr                ,1993               
12.7629356736421   ,1.10153927753954   ,203.154303324773   ,2.0297281964085    ,3.15324928566431   ,24.8572695751679   ,36.925463153399    ,89.7310122250288   ,277.925539789444   ,289.695554418319   ,210.916905788519   ,0.00495337306483028,3.40968284979845   ,18.1692481153439   ,15.0671933910174   ,53021              ,apr                ,1993               
17.3873868216909   ,0.831022096358339  ,206.687920256244   ,2.25577830038303   ,3.21748448730808   ,27.6600378973714   ,35.67686043444     ,89.7296286233078   ,277.802930656599   ,289.891011926173   ,208.414364686097   ,0.00486611761833556,3.52190170061776   ,17.6800130170713   ,14.7165903402739   ,53005              ,apr                ,1993               
5.04528900658274   ,3.01709983942546   ,229.026959794007   ,-1.74831190822534  ,2.60125909276137   ,14.382795832804    ,46.9721538172499   ,91.5137846636723   ,276.177978616718   ,285.757837549056   ,200.965172599018   ,0.004893978808859  ,3.58319148375628   ,21.1700523891804   ,17.8037970400745   ,53023              ,apr                ,1993               
4.8219728056725    ,3.43349863146407   ,221.299297504525   ,-0.756048678415608 ,2.59223786611207   ,11.5635258508622   ,48.62549443919     ,91.4568285910455   ,276.231728628002   ,285.797106302471   ,199.575696351349   ,0.00495808298563841,3.86234340918418   ,22.8295679844695   ,18.3797755973709   ,53013              ,apr                ,1993               
7.3445090553216    ,2.15216595683616   ,215.915994870566   ,1.35591822394188   ,3.0584397591388    ,18.0648573907637   ,41.190857740211    ,88.7259372065061   ,278.228557969173   ,289.193311597209   ,201.528546919991   ,0.00512011134186204,3.78160607401271   ,20.36334511607     ,16.244252406097    ,53071              ,apr                ,1993               
5.95223559947206   ,2.54872869022523   ,242.749147698247   ,-1.58110397350759  ,2.6526473748858    ,17.8903543780012   ,44.153548730957    ,91.6204678333589   ,275.871987551204   ,285.863766097094   ,195.927456409798   ,0.00473490347949802,3.83008498452296   ,19.4860203883364   ,17.1707774191297   ,53003              ,apr                ,1993               
33.5187433323383   ,0.769683469329535  ,176.674690853896   ,0.983214383360805  ,5.19292336833466   ,46.0574974944494   ,30.3276414067297   ,77.8181964158494   ,282.4099962032     ,296.455955173024   ,290.527718871627   ,0.00618597610428318,3.47885764034901   ,13.4812927411521   ,10.7252609134601   ,53017              ,may                ,1993               
16.5652504549709   ,1.5129212129639    ,161.446495911738   ,0.0895296855175749 ,4.69190147144208   ,27.3618028369672   ,37.9931841696088   ,82.9685443508261   ,281.431233642171   ,295.837847414455   ,271.644351121783   ,0.00691300327722971,3.5312908382226    ,18.5887470617518   ,13.2405083741683   ,53063              ,may                ,1993               
33.3184603092524   ,0.516665953497221  ,171.670481086628   ,2.2677300759636    ,5.49849311823327   ,46.1114157077564   ,28.0274747668372   ,78.6735930683802   ,283.179831571692   ,298.239554326307   ,295.427425250444   ,0.00630374878806745,3.4474662043312    ,13.6280780224374   ,10.6827658755449   ,53025              ,may                ,1993               
26.8074122388256   ,0.951628686613194  ,166.319424008973   ,1.27482496625199   ,4.95180599127257   ,35.7258260000641   ,33.3945771925939   ,85.7704687556858   ,281.379807868339   ,296.483557932903   ,286.105803292107   ,0.00671354007480377,3.50251768416185   ,16.5207912959167   ,12.4707637003162   ,53043              ,may                ,1993               
24.7363537356289   ,0.846540428269589  ,168.793015488239   ,1.89666925022003   ,5.15744199310635   ,36.6000175447867   ,31.6264426750312   ,84.3208717924796   ,282.204809199949   ,297.626016481602   ,297.558443893643   ,0.00671215692859744,3.18369962713152   ,16.0747434317884   ,12.2356205837422   ,53001              ,may                ,1993               
17.2175554905893   ,1.53865739116837   ,181.845228493716   ,0.287996419364331  ,4.8786823046592    ,27.9316319829308   ,37.7778539003231   ,82.4130000628013   ,282.193310832941   ,296.253641072514   ,286.021086204283   ,0.00700550732349507,3.4740374370318    ,18.4519645131019   ,13.2225965662021   ,53075              ,may                ,1993               
23.4766713352178   ,0.916141729100859  ,169.762462044235   ,2.43306050682679   ,5.37547578495134   ,38.5726554645794   ,30.718889930763    ,80.6234597539783   ,283.69320705215    ,298.546056057383   ,301.045025438825   ,0.00674251621218153,3.1791617730711    ,15.2423762123875   ,11.7712918755434   ,53021              ,may                ,1993               
26.0038274205427   ,0.755213969260455  ,175.955291935451   ,2.34284949155719   ,5.45696629923158   ,42.0205428645365   ,28.7230097014705   ,80.3023687973576   ,283.824809184168   ,298.616249343689   ,298.435380623663   ,0.00654667974775897,3.28904427927308   ,14.3080577286037   ,11.3152724238247   ,53005              ,may                ,1993               
15.4264804955475   ,1.95651963917567   ,199.253167375179   ,-0.270921071123633 ,4.76456273827374   ,26.6969869370792   ,39.2730337585101   ,75.507516975227    ,282.514443570448   ,294.696238232481   ,282.016967218545   ,0.0066607800344109 ,3.47230074346436   ,18.9344877179222   ,12.9365286158312   ,53023              ,may                ,1993               
15.4384110900124   ,2.1820164902579    ,185.662798360702   ,1.05542734218518   ,4.69343911607892   ,25.2315623596043   ,39.8098693590594   ,76.9766715912576   ,282.255683928562   ,294.61325765699    ,279.560368147317   ,0.00663347004305963,3.54086004562262   ,19.7082585492784   ,13.2712102514569   ,53013              ,may                ,1993               
18.3864234009463   ,1.74224606056561   ,178.276504266959   ,2.17589645366359   ,5.07846259626853   ,31.054812589334    ,35.8255015767655   ,79.6014563452688   ,283.673498974552   ,297.51510653332    ,287.852845076654   ,0.00698893959878255,3.39662142883847   ,17.5055307895531   ,12.7330843700126   ,53071              ,may                ,1993               
15.7499626873945   ,1.8142359444295    ,207.411253089761   ,-0.530843586876191 ,4.84036842959051   ,28.3349674090599   ,36.9168223939504   ,76.3370015310742   ,281.920478348342   ,295.0290939658     ,277.694867798096   ,0.00644251893334023,3.72664643162022   ,18.1265233318076   ,12.7597647097803   ,53003              ,may                ,1993               
29.643072475326    ,0.963701546711436  ,234.459261780267   ,1.08191192833421   ,5.32829445769738   ,43.7646814036991   ,31.1762714872677   ,72.3613815372738   ,282.86011124       ,296.251246094682   ,289.792320686059   ,0.00591977558934246,3.58565356497388   ,13.6159580860069   ,11.0350082317345   ,53017              ,jun                ,1993               
15.672112454959    ,1.11180873735644   ,204.087200627187   ,0.140030586067304  ,4.60251459056      ,32.381844355246    ,37.8397559348573   ,83.870814657163    ,281.663758060104   ,295.421873933276   ,263.240803343088   ,0.00693114711601087,3.56459156388932   ,15.6108314712238   ,12.9611194491749   ,53063              ,jun                ,1993               
33.4728033091566   ,0.499628061447366  ,221.162545553375   ,1.9864186897379    ,5.64471056005854   ,50.2337558513295   ,29.5191836221708   ,73.2255392281476   ,283.747801360061   ,298.091071718949   ,303.099838695259   ,0.00620704377763879,3.52030471377733   ,11.9875369281757   ,10.1770136217458   ,53025              ,jun                ,1993               
24.4711826338453   ,0.666865453616825  ,211.223934285851   ,1.03135897741374   ,4.97600553849432   ,38.8527583629818   ,34.0531129871177   ,85.677537935389    ,281.524516649633   ,296.436244287847   ,284.339776896596   ,0.00671543890951896,3.50545918705355   ,14.3089593830427   ,12.4428429440458   ,53043              ,jun                ,1993               
25.5538512884975   ,0.542170755562453  ,206.032131051      ,1.66364768486196   ,5.22504039028199   ,41.0188991691458   ,32.4481617540434   ,84.8755471199495   ,282.393903304923   ,297.705391158985   ,299.261810203632   ,0.00677464525324293,3.29263153396682   ,13.9068311948148   ,12.0345321194149   ,53001              ,jun                ,1993               
16.1169125171949   ,1.11342215542427   ,206.098631438826   ,0.393789094943626  ,4.85492314898734   ,32.2944103317261   ,37.3248406636855   ,84.3386742314357   ,282.554310671339   ,296.17613727405    ,277.357131750369   ,0.00709931641247343,3.64089454873403   ,15.7782531581579   ,13.0737937339708   ,53075              ,jun                ,1993               
28.7214332386842   ,0.504502936046905  ,208.201292931132   ,2.25659802525471   ,5.59525345163468   ,45.004722362665    ,30.6535064902672   ,77.6356926575685   ,284.332242642916   ,298.76077844473    ,308.364647341997   ,0.00669635616905557,3.37018597098497   ,13.2092669763321   ,10.9166919265649   ,53021              ,jun                ,1993               
32.2486366349644   ,0.4504565524206    ,213.752849002409   ,2.18371096482644   ,5.78898794422958   ,47.2569036473419   ,28.8714425190431   ,76.7082814310665   ,284.470825568506   ,299.110164233025   ,312.816979669725   ,0.00646503957211641,3.51033176032044   ,12.9757633036645   ,10.6561998798767   ,53005              ,jun                ,1993               
14.5910626591721   ,1.57460314400702   ,216.545172842862   ,-0.112388283401867 ,4.75817494244309   ,30.279931447965    ,40.4323089694384   ,76.1415793997407   ,283.029312174858   ,294.316621408403   ,278.475687346843   ,0.00680242042374406,3.73146858394269   ,16.6218646916297   ,12.897503421124    ,53023              ,jun                ,1993               
16.2100834029524   ,1.72346845026507   ,214.106375263072   ,1.3484115704608    ,4.70083909519472   ,28.6585377866685   ,41.6093826558577   ,78.6313810301909   ,282.750339868888   ,294.351144920469   ,279.205610897071   ,0.00689162841590079,3.86722756589895   ,17.4961313049623   ,13.4443490961251   ,53013              ,jun                ,1993               
22.7280593675266   ,1.21261289765084   ,214.805311701792   ,2.26760722062775   ,5.36160325971722   ,36.3732286817336   ,34.2056249962267   ,76.9811992743474   ,284.49742261685    ,297.930908988808   ,292.438593309811   ,0.00693544613381691,3.69073953056723   ,15.5915034799395   ,11.9784003162126   ,53071              ,jun                ,1993               
13.3155222586688   ,1.87534488460011   ,225.696633564875   ,-0.377902463993959 ,4.76928825630759   ,28.9180112106667   ,38.7412337955187   ,77.4514687563671   ,282.304726148174   ,294.296260442061   ,274.067179868749   ,0.00658715712252116,3.95018330326626   ,16.8199215021157   ,13.1959784769954   ,53003              ,jun                ,1993               
15.9913036126407   ,1.71549533505693   ,245.626428771326   ,1.74610814814994   ,5.12807983369913   ,40.5870817930903   ,29.3098886888055   ,76.1688971800158   ,284.344801695551   ,297.192097003082   ,276.688032850288   ,0.00648005726649961,3.05132599091926   ,13.192739660248    ,11.5462350695457   ,53017              ,jul                ,1993               
8.36242967444615   ,2.54545802190154   ,208.833321101771   ,1.21963223875354   ,4.22525436141372   ,22.8359490315205   ,40.9193120438955   ,93.9292241708124   ,282.749503011411   ,295.162191924166   ,258.144189931281   ,0.00783563443038699,2.91859613931557   ,18.0242519402974   ,16.0797638524244   ,53063              ,jul                ,1993               
20.7470140956382   ,1.27871592577532   ,236.530038318617   ,2.28852175894414   ,5.34870111141564   ,45.0855731250416   ,28.695841954256    ,79.0264871996262   ,285.124377547229   ,298.80502258146    ,281.638795527702   ,0.00686538204724408,3.06096699726837   ,12.177971143335    ,11.3757774997321   ,53025              ,jul                ,1993               
9.97072496573702   ,2.27130429356681   ,218.610755053851   ,1.66506477608957   ,4.58732025408012   ,27.8215334511435   ,34.3016942617698   ,90.7917542474835   ,283.073776894752   ,296.506202784098   ,262.709649019846   ,0.00733569059200457,2.9032617687711    ,16.4618219036696   ,14.876388541765    ,53043              ,jul                ,1993               
19.0609204208005   ,1.11590401668626   ,217.399232989419   ,1.83948821392988   ,4.92278552533562   ,37.6871137625189   ,31.7914108127749   ,90.5281426390699   ,283.825516834465   ,298.438927666406   ,269.090755936178   ,0.00744385747164533,2.9430208899131    ,14.0341351072585   ,13.3559785266495   ,53001              ,jul                ,1993               
15.5965884983898   ,1.62665979662821   ,219.315431656032   ,1.08516838180084   ,4.52614438948188   ,30.3250575345019   ,37.9116036726718   ,91.2181973391104   ,283.581202011543   ,296.556306584338   ,256.996224078589   ,0.00778557058395482,3.1334840435457    ,16.2805072555325   ,14.6213404229832   ,53075              ,jul                ,1993               
28.2049357348214   ,0.515394880115366  ,217.442037899714   ,2.19424382509329   ,5.35625736890892   ,48.5558376593862   ,29.7368886408084   ,81.4586517887731   ,285.805085932351   ,299.539089227492   ,274.65857254672    ,0.00724218156501863,3.20288608778203   ,11.7269338045759   ,11.0634003623248   ,53021              ,jul                ,1993               
32.6853950664285   ,0.468815042624223  ,220.510332945735   ,2.1113306581974    ,5.58380715346195   ,52.3651679037727   ,28.6110887563873   ,78.3958574001242   ,285.996448747664   ,299.755157993504   ,282.049975687731   ,0.007036603707078  ,3.41851067988443   ,11.0822630456486   ,10.465735108872    ,53005              ,jul                ,1993               
19.5567424384242   ,1.43822327645395   ,230.025707687316   ,0.568326003433014  ,4.6313291580303    ,35.7039806588191   ,37.1536198690357   ,80.0301954674114   ,283.854685947523   ,295.154193047363   ,261.518655257625   ,0.00697832323707442,3.20926480412937   ,15.1409501772418   ,12.6603310864379   ,53023              ,jul                ,1993               
21.1951986590577   ,1.15504013422681   ,218.521871652057   ,1.68352671110609   ,4.68343098047637   ,36.7704450348466   ,37.8828036439236   ,80.2774914917239   ,283.867760115631   ,295.486430586441   ,262.078867989121   ,0.00709518459740365,3.44774362616514   ,14.9840801765218   ,12.5850041756616   ,53013              ,jul                ,1993               
26.3159401168419   ,0.813397910923247  ,216.185016148162   ,2.41128178243715   ,5.2890159317805    ,44.6711699518043   ,30.960717614917    ,78.5939632543828   ,285.961634774237   ,299.064212201807   ,263.990675920456   ,0.00720373061527111,3.41828265238271   ,12.9336845629052   ,11.2387282428796   ,53071              ,jul                ,1993               
16.7454950438033   ,1.73014976709207   ,248.2140047434     ,0.832829388742247  ,4.69303379980626   ,33.1755059286934   ,35.5542760882233   ,81.1212168622359   ,282.858473818864   ,295.150500163489   ,264.97435996368    ,0.00667584746515092,3.30498557248507   ,15.7120989017383   ,12.9741398410177   ,53003              ,jul                ,1993               
38.3925892056991   ,0.336073843336661  ,225.588054576355   ,2.75539896979272   ,5.12490173320482   ,52.4060017994804   ,28.1267922432275   ,74.2245653655133   ,285.160414151529   ,299.859116180369   ,261.057970681011   ,0.0069542889460073 ,3.13811174563435   ,12.031998067988    ,10.161857434412    ,53017              ,aug                ,1993               
25.1110844043186   ,0.616756520183095  ,185.891301155894   ,2.66650349813633   ,4.6362927973136    ,37.1356099047653   ,32.3147623739309   ,85.4714507461938   ,282.815169571451   ,298.637273727673   ,257.677634619862   ,0.00741358544182203,2.97456343198059   ,15.5917451589969   ,12.6400579063901   ,53063              ,aug                ,1993               
41.8288090876702   ,0.242461009882356  ,210.125256702059   ,3.15772471749005   ,5.40286406506456   ,55.4864422675046   ,26.5073210725865   ,75.0426816720406   ,285.328202301779   ,301.243918195102   ,268.384051552006   ,0.0069416469349435 ,3.16502552900125   ,11.4195263141547   ,9.99356364953586   ,53025              ,aug                ,1993               
31.4046923913638   ,0.406746571953754  ,203.057430491743   ,2.92025575802833   ,4.84634857449762   ,42.7011666746886   ,28.8012194422397   ,84.4208191720321   ,283.082972074346   ,299.534634201822   ,257.952323047198   ,0.00706480136339792,2.98531725370119   ,14.4805910492413   ,11.9182087426667   ,53043              ,aug                ,1993               
35.2926320769307   ,0.386159016020604  ,191.198492410945   ,2.69806413766648   ,5.07830694540667   ,48.1546102182318   ,27.3873412238658   ,82.1108771376253   ,283.754106849694   ,301.040704803509   ,262.255434219074   ,0.00706675802707419,2.92844734782266   ,13.0751189672084   ,11.3645173443125   ,53001              ,aug                ,1993               
30.4436908800243   ,0.522041356804793  ,205.240625112661   ,2.2110049349654    ,4.8527951013974    ,42.5976441193351   ,29.8845558295349   ,83.9183987788684   ,283.189024073331   ,299.800583807639   ,255.464156767177   ,0.00725551209928542,3.07062852961967   ,14.3547417175611   ,12.0741876379227   ,53075              ,aug                ,1993               
41.2149046825563   ,0.606616281651691  ,207.907047096853   ,2.63673765766315   ,5.28577767400529   ,55.0055569147058   ,27.9744432443425   ,76.1399468959117   ,285.790899400735   ,301.849583631946   ,266.493111714063   ,0.00727967453494243,3.01400033591995   ,11.4749777479148   ,10.6041414106454   ,53021              ,aug                ,1993               
43.4821702779521   ,0.430129803089174  ,201.805733958776   ,2.4993428094735    ,5.45648381399002   ,57.4600965909818   ,26.7401345788716   ,75.0725622357337   ,286.010611898004   ,302.063198771862   ,268.658231240098   ,0.00714401607978968,3.1538547322447    ,10.9413644320912   ,10.2036568627919   ,53005              ,aug                ,1993               
35.9895530645318   ,0.896475653100271  ,225.667989076789   ,1.89442356686661   ,4.93388622087984   ,49.0194379196595   ,29.2391566706669   ,71.2330955382316   ,284.327392886908   ,298.307141758975   ,259.359468374862   ,0.00659887893800908,3.13477216861311   ,13.0791374943916   ,10.4066982790455   ,53023              ,aug                ,1993               
37.808699528947    ,1.10377007647536   ,212.770359275403   ,2.4193103581823    ,5.01134482820862   ,50.2863357363873   ,29.6548521958016   ,69.3841413260513   ,284.332779304338   ,298.515220555758   ,261.331373338743   ,0.00655538859661386,3.22892239064688   ,12.8611064203646   ,10.2287910415441   ,53013              ,aug                ,1993               
41.3724029966096   ,1.22205606897079   ,206.308228175236   ,3.08715142031026   ,5.31034583931922   ,54.0986855527156   ,28.0800526920592   ,73.408974225084    ,285.666747734736   ,301.56523264383    ,260.941838204189   ,0.00711884840830981,3.16468693191318   ,11.836098346315    ,10.3702242199342   ,53071              ,aug                ,1993               
34.6452933480227   ,0.93233048097354   ,232.808209518572   ,2.09163052960324   ,5.0793081162704    ,47.3701503181952   ,27.3585536326693   ,71.5958382606731   ,284.006929412403   ,298.604730317305   ,260.261603514166   ,0.00640453190840114,3.2909282861049    ,13.5177583600146   ,10.3755505672758   ,53003              ,aug                ,1993               
38.5087026035736   ,0.161117188388654  ,191.002309493467   ,2.56752124857174   ,3.61812631592811   ,53.5727326505375   ,26.3920548426173   ,78.9312460262713   ,281.366627608005   ,297.436161380572   ,197.248975634511   ,0.00556444536299618,2.63598539860583   ,11.4954745058743   ,11.4118804450091   ,53017              ,sep                ,1993               
28.8440267962247   ,0.305021879061388  ,159.570887351086   ,2.67304055439544   ,3.31216099360069   ,39.4441627444467   ,30.6185172362168   ,90.0259833157123   ,278.727468689645   ,296.051857861922   ,189.939594573356   ,0.00587723625539835,2.73214757344643   ,14.6167903154213   ,14.221539174363    ,53063              ,sep                ,1993               
39.2096979726209   ,0.0966193572272521 ,181.713983812771   ,2.90709451609163   ,3.73075249130809   ,54.666884038043    ,24.7813623911865   ,79.8171483679707   ,281.149321104767   ,298.760844679884   ,203.273505871649   ,0.00545488230859671,2.52803872914702   ,11.2686665121191   ,11.4729759865603   ,53025              ,sep                ,1993               
32.8164732373191   ,0.203748895347714  ,154.360477427189   ,2.79372575791373   ,3.4649745246391    ,44.8799826287427   ,27.0231191799768   ,86.9916185225773   ,279.365468301826   ,297.110355480986   ,192.513733416355   ,0.00555124827145688,2.60616274055452   ,13.4512865165917   ,13.2337101434846   ,53043              ,sep                ,1993               
34.6757040263623   ,0.0851313257551687 ,169.066698138454   ,2.5878606802413    ,3.50142738844171   ,49.2556333332371   ,25.3164733171235   ,83.9003188937532   ,280.203775311518   ,298.592380990773   ,199.361380469059   ,0.00554106366093899,2.29480936530953   ,12.5242016548641   ,12.3978304388416   ,53001              ,sep                ,1993               
34.1582517301105   ,0.0813022273935231 ,176.719347232302   ,2.11359243619676   ,3.57701019939254   ,45.6424505158967   ,26.517791809456    ,86.7917273124246   ,279.347068871592   ,297.649879130046   ,195.648152754241   ,0.00564870943242282,2.71848282052489   ,13.3940810775383   ,13.124312006539    ,53075              ,sep                ,1993               
38.2613453088157   ,0.0396746393225084 ,163.710580077683   ,2.75925216231591   ,3.63659033420758   ,53.8645816362821   ,25.8047278273411   ,79.654086810381    ,281.93779396644    ,299.464132185716   ,207.166598347395   ,0.00578018075225349,2.3160287771011    ,11.5798395963816   ,11.4968056704448   ,53021              ,sep                ,1993               
40.3923974718192   ,0.0415169913492109 ,164.600655786855   ,2.44481670597836   ,3.74699919527099   ,56.1942733016005   ,25.1347314773932   ,77.8534370775994   ,282.02708906817    ,299.386439374213   ,213.086407885279   ,0.00562194742134238,2.42666709185293   ,11.1184751650285   ,11.138325986801    ,53005              ,sep                ,1993               
40.761814159379    ,0.0599273408639706 ,209.945588571844   ,2.06255906092207   ,3.73873076596862   ,54.9494326494742   ,25.7314257696795   ,74.3063910458646   ,280.971071414671   ,296.636593362559   ,202.981224180897   ,0.00529752050675394,2.86941334180704   ,11.4503961335058   ,10.6840677381796   ,53023              ,sep                ,1993               
39.9448481245979   ,0.0593471027744924 ,180.198636505804   ,2.62919541033567   ,3.67210384365984   ,55.002594078024    ,26.8632110038145   ,73.8484587448014   ,281.120653447389   ,296.659314380266   ,205.550529998593   ,0.00539661859268612,2.80544992050783   ,11.3794555911219   ,10.6958763321033   ,53013              ,sep                ,1993               
41.2521354617214   ,0.031284501737231  ,171.249943003591   ,3.44886085706028   ,3.85476106773547   ,55.3259362595514   ,25.0862025011523   ,77.1979843641038   ,282.059300670262   ,299.360920301815   ,204.301608178157   ,0.00567138876029616,2.68005677854546   ,11.3887524810264   ,11.0289350634345   ,53071              ,sep                ,1993               
44.8005907123068   ,0.0503103462484078 ,241.449690979637   ,1.98811325713666   ,4.00878193912135   ,58.4155948903439   ,22.9656843953469   ,69.5191697508169   ,280.897696037942   ,296.702734185657   ,204.007085246065   ,0.00484296393585267,3.19138402252157   ,10.9715957149682   ,9.62942755953239   ,53003              ,sep                ,1993               
31.2984062782737   ,0.0606749900129221 ,198.710700129221   ,1.96458250700571   ,1.83432537782152   ,40.8884795134756   ,34.0793510405833   ,90.4629292618699   ,276.517726958228   ,289.85598490597    ,117.13099744442    ,0.00490922367083607,2.75489346447348   ,13.6016262883404   ,15.2350086277749   ,53017              ,oct                ,1993               
18.0874669312724   ,0.601521566366105  ,166.865772317444   ,2.15636414392137   ,1.61002518248472   ,26.6679792360227   ,40.1605477408342   ,96.7818697493548   ,275.228971578383   ,289.22241679518    ,113.022268851653   ,0.00534609957527015,2.71550041502019   ,17.050076025282    ,17.9290700038749   ,53063              ,oct                ,1993               
31.0597095735037   ,0.0657569949584421 ,182.218583584313   ,2.24553294834896   ,1.96371804570128   ,41.0324621626304   ,32.1738186956204   ,91.7723332143177   ,276.446284879088   ,291.283487390022   ,122.465908768619   ,0.00488636120175248,2.69945137067147   ,13.573464854818    ,15.3908675916705   ,53025              ,oct                ,1993               
24.7128091919522   ,0.219437254627551  ,172.966794408095   ,2.21837049504548   ,1.79271630875939   ,33.0930751906558   ,34.3461839093082   ,95.7283575363564   ,275.025173407227   ,290.171301561338   ,115.857018488606   ,0.00498508104921636,2.71785051617632   ,15.5684758975697   ,16.8428275739544   ,53043              ,oct                ,1993               
25.3462810620381   ,0.222952629633088  ,163.430743607513   ,1.946584481963     ,1.85100073355306   ,36.6211907888078   ,33.1934473158659   ,93.0918746209208   ,276.180352415943   ,291.344839898393   ,122.252633949736   ,0.0050268151264678 ,2.43245546925375   ,14.5556428441941   ,16.010947889294    ,53001              ,oct                ,1993               
20.7898008204536   ,0.555720177490505  ,178.071119979658   ,1.53438312501884   ,1.81762069513947   ,31.6473407962517   ,36.2735280032221   ,94.0392363022401   ,276.137115250358   ,290.651917752405   ,118.253667219332   ,0.00530543845315664,2.71212226913369   ,15.7093531336413   ,16.8421673852171   ,53075              ,oct                ,1993               
27.6149599869292   ,0.146834875606162  ,162.836545590549   ,2.02755517806762   ,1.88376814996634   ,39.6434233296302   ,35.0097845042018   ,91.102062849608    ,277.835631794137   ,291.830993076826   ,125.772002127389   ,0.00531353800333389,2.46187978604295   ,13.7035183616667   ,15.5044631070594   ,53021              ,oct                ,1993               
30.1573098526657   ,0.0982100890946169 ,168.229293779933   ,1.69972425375935   ,1.90308489596589   ,40.8929903328385   ,35.2221066721934   ,91.6049528822778   ,277.835639528383   ,291.64575392637    ,128.728426296535   ,0.00529584795647052,2.55061886995593   ,13.4790634691181   ,15.5601740125983   ,53005              ,oct                ,1993               
22.0973255305735   ,0.669621085215904  ,195.82745111102    ,1.44509238751285   ,1.89826674932852   ,38.732563678785    ,35.8418131220486   ,85.0035767678483   ,277.643932668892   ,289.662172492151   ,122.637077515743   ,0.00504800124827043,2.74672877827954   ,13.5883838510829   ,14.7080777637277   ,53023              ,oct                ,1993               
22.5123483858457   ,0.687818188147284  ,183.227786824563   ,1.93774308989809   ,1.88684304697029   ,38.7141091840087   ,36.2863158786685   ,85.2842958289573   ,277.618173074489   ,289.689232270715   ,125.608657365956   ,0.00505354068133246,2.76696062281292   ,13.6324624321868   ,14.8181848676598   ,53013              ,oct                ,1993               
25.463817628718    ,0.394315977092957  ,175.796242878157   ,2.6220603303373    ,1.94938115206973   ,38.9539224425545   ,35.3182049597964   ,90.1560421115046   ,278.170308370963   ,291.763986639047   ,121.8880929054     ,0.00535954058348865,2.68676391675377   ,13.7022816513956   ,15.5037388821584   ,53071              ,oct                ,1993               
23.1395129633888   ,0.80464339134855   ,222.12527891714    ,1.39592358314063   ,1.96783052932551   ,40.1670175078113   ,35.1548086278209   ,83.4838892009529   ,277.591154062133   ,289.241586737726   ,125.991323880204   ,0.00486032076687965,3.01135099268195   ,13.1946082045562   ,14.4234414083244   ,53003              ,oct                ,1993               
27.4019239137987   ,0.329723720724367  ,203.480049441396   ,0.487902829026919  ,0.900493752841251  ,34.3741294421704   ,39.5512947432971   ,85.1698716373564   ,267.405938955137   ,277.705863564655   ,65.6893901946624   ,0.0025435908377691 ,2.94704938610984   ,15.2543942797216   ,15.7050897596553   ,53017              ,nov                ,1993               
15.8167248127333   ,1.14887566407359   ,189.831377069771   ,0.855725739321085  ,0.71077684689098   ,20.2605828493041   ,51.5430898513717   ,93.9523938674695   ,266.64058866955    ,276.65626073217    ,63.5361224132951   ,0.00282285932571558,3.19840615050529   ,18.8549349065972   ,19.5918866208742   ,53063              ,nov                ,1993               
26.0973158485475   ,0.242053461234306  ,197.749456777052   ,0.926596248952591  ,0.97687965813913   ,32.7362451211917   ,39.2872279961613   ,87.9227090037065   ,267.424710142983   ,279.101302292549   ,68.0264923525757   ,0.00261687716795642,2.92004027693538   ,15.6448265403745   ,16.4315210587945   ,53025              ,nov                ,1993               
21.0952755828417   ,0.57397746632621   ,192.49429120979    ,0.746983440650676  ,0.804683996945643  ,24.987883598214    ,45.9577377695647   ,93.1641577706227   ,266.140439240934   ,277.378260156211   ,65.2406069783626   ,0.00268654425675901,3.06036787721593   ,17.6424343129616   ,18.6981737371276   ,53043              ,nov                ,1993               
20.8730524845017   ,0.44525233975673   ,194.044050702785   ,0.37516438909793   ,0.844474881192902  ,27.9015146052541   ,42.9940416222202   ,91.210484129606    ,267.113861099287   ,278.771694101008   ,68.013837763687    ,0.00275121777713808,2.59699324170748   ,16.812511085758    ,17.7748078185485   ,53001              ,nov                ,1993               
17.3317131436143   ,1.04414627284984   ,202.990326643401   ,-0.0455482551747677,0.851095526788749  ,24.4244213473624   ,44.5003114547729   ,91.1824026646334   ,267.639464876063   ,278.478779817469   ,67.3156695265676   ,0.00285039218149477,3.03916802630939   ,17.7784109530355   ,18.2754338932785   ,53075              ,nov                ,1993               
23.1915959854737   ,0.34301086269725   ,206.901533661749   ,0.59601424909555   ,0.948571030604534  ,31.55475506862     ,41.9685363053053   ,87.4715794705122   ,268.70319533128    ,279.844899045504   ,67.8641442039685   ,0.00287676465576694,2.69311003735432   ,15.8225838908171   ,16.5140305813765   ,53021              ,nov                ,1993               
23.4341491504311   ,0.278008510142793  ,196.239036868075   ,0.0537849216183732 ,0.944658748942925  ,31.4949249912296   ,41.4059419270803   ,88.4216051015158   ,268.616231651983   ,279.917271259315   ,73.0428299407282   ,0.00286569058915432,2.63672219030486   ,15.9189603072887   ,16.6794372708134   ,53005              ,nov                ,1993               
17.9279529713184   ,1.51146372379154   ,226.563078300133   ,-0.0852732260404907,0.965033094166907  ,29.3871393609985   ,41.2894180528866   ,84.238067269967    ,268.649034917922   ,278.656737643098   ,68.2017035794307   ,0.00278071847988445,3.22461807128065   ,16.1418875016041   ,16.4184522861773   ,53023              ,nov                ,1993               
17.0243904622751   ,1.80122213060666   ,207.28343713788    ,0.403180859735915  ,0.956242140780413  ,28.3335023754762   ,41.1015347572313   ,84.7815165511393   ,268.3691411283     ,278.534845375474   ,72.6675092154564   ,0.00275612645291879,3.31320391320225   ,16.4944884353491   ,16.684900625838    ,53013              ,nov                ,1993               
21.2989213831931   ,0.804797545596604  ,204.976310413728   ,1.32492988082128   ,1.03099261289084   ,30.2922489600776   ,41.2342859524052   ,86.9710859557154   ,269.034952381827   ,279.98502063286    ,67.4611050311143   ,0.00291858023531176,3.22379130913313   ,16.1143942675293   ,16.5806501671551   ,53071              ,nov                ,1993               
21.3349787149201   ,0.978303255990302  ,248.381998753606   ,0.232372031340924  ,1.09669331158092   ,33.4757441756209   ,41.3694575915371   ,79.4980878625763   ,269.243746092488   ,278.579828088765   ,69.9129778451293   ,0.00271053699428276,3.81919125056035   ,14.9911500689467   ,14.8507642306261   ,53003              ,nov                ,1993               
9.39746382916614   ,1.71612756424078   ,175.493974950359   ,-0.502785302276881 ,0.263747938380043  ,11.1927192343039   ,73.2912566484038   ,93.1919643503208   ,268.972437407707   ,273.743810216693   ,53.057876840199    ,0.00305869965821376,2.51272962179306   ,21.433703438698    ,22.1505376623861   ,53017              ,dec                ,1993               
5.75707735269894   ,1.63645475707314   ,170.00885146773    ,-1.00405101147466  ,0.284062920611058  ,4.70902020719465   ,77.7876364100185   ,96.1128376196462   ,270.133976972864   ,274.69693629488    ,49.5346911582058   ,0.00349579528733718,2.78014793490204   ,24.6529251003942   ,23.7541761564508   ,53063              ,dec                ,1993               
11.23552222911     ,1.20771096455626   ,156.401374671375   ,-0.425802796687701 ,0.355125248241594  ,14.3253373331448   ,71.5084135317643   ,91.0833565425466   ,270.779604283344   ,275.476880439791   ,54.0798191084504   ,0.0033111154323269 ,2.44155270485054   ,20.4402784312084   ,20.881681398616    ,53025              ,dec                ,1993               
8.00468043158944   ,1.39411325207719   ,165.438800263153   ,-0.853458229354572 ,0.308908183704796  ,8.15544866227923   ,75.9542129125117   ,94.3422615910108   ,270.108144316146   ,274.575309045711   ,51.2798332745439   ,0.00337985088232262,2.69943209798353   ,22.937260096663    ,22.8131033394388   ,53043              ,dec                ,1993               
10.0384247466165   ,1.08649765730426   ,143.81922109316    ,-1.65913416637391  ,0.368788301491841  ,12.1841537039681   ,72.9916051469309   ,92.8124614092545   ,271.231777664083   ,275.874054446216   ,50.9373061540817   ,0.00349377606868203,2.16821603121764   ,21.4058442678697   ,21.6018693400204   ,53001              ,dec                ,1993               
10.2837701461242   ,1.35088117737904   ,178.587409002151   ,-1.58883420944214  ,0.522311297011452  ,11.1660999964458   ,70.4714363149007   ,92.1889591719683   ,271.374740523993   ,276.353442947687   ,49.3872970589282   ,0.00351523016089135,2.92963757145639   ,22.1621559091456   ,21.4198307669023   ,53075              ,dec                ,1993               
13.4071983006262   ,0.932795437464896  ,157.890361242767   ,-1.1240704484857   ,0.51911465406585   ,17.960481826961    ,69.0696371039366   ,87.7487435086568   ,272.532125322391   ,277.109052382249   ,49.5710514931801   ,0.00354333691930291,2.30498373898558   ,19.4195806938563   ,19.3839153832656   ,53021              ,dec                ,1993               
12.2453711377696   ,0.810322615658888  ,140.669772536914   ,-1.18673581105365  ,0.51261920439827   ,17.2484255566304   ,66.7777495117112   ,90.049968149535    ,272.08081270026    ,277.080628205851   ,50.9119394841279   ,0.00347604727951389,2.16446742119756   ,19.5700011509175   ,19.8891550713037   ,53005              ,dec                ,1993               
14.9825899651781   ,1.40549365080899   ,202.76138976494    ,-1.04359345027008  ,0.716981234458539  ,17.9542268265532   ,60.4783202749849   ,87.0824536088584   ,271.2149238697     ,277.076382370469   ,51.4693320177603   ,0.00327998468607537,3.25398073776415   ,20.1322256092206   ,18.8553047815959   ,53023              ,dec                ,1993               
12.0335975415732   ,1.80934451539437   ,186.168943205907   ,-1.40244298752066  ,0.656906482761801  ,15.850585372666    ,60.8291219245285   ,88.1278784900019   ,271.110002080308   ,276.795185923951   ,54.5088222834868   ,0.00330188729673101,3.21366343648022   ,20.8336600338601   ,19.3116057800373   ,53013              ,dec                ,1993               
13.3552269182093   ,1.23058914143244   ,168.020343660412   ,-0.177096940637604 ,0.676539253671641  ,17.2724746044261   ,64.1722228905696   ,88.5706319002601   ,272.540497868235   ,277.756605806842   ,49.5278307976761   ,0.00354241842290747,3.04193994449325   ,19.9350888451264   ,19.3974427476485   ,53071              ,dec                ,1993               
20.1058427502733   ,0.788954387713845  ,227.434932329402   ,-1.12844175056819  ,0.866512550160724  ,24.7010614866758   ,56.785429640814    ,83.5425649415548   ,271.150274175565   ,277.20206588411    ,53.8905087538299   ,0.0030953623833409 ,3.94324337336124   ,17.648323009542    ,17.1296094228461   ,53003              ,dec                ,1993               
