bi,pr,th,pdsi,pet,erc,rmin,rmax,tmmn,tmmx,srad,sph,vs,fm1000,fm100,countyfips,month,year
6.42280596076025   ,0.846776578394104  ,155.899598059561   ,3.6272635070033    ,0.375692529078619  ,5.30982563640211   ,62.6584163803752   ,94.2434965570992   ,265.243617188567   ,273.292160153586   ,62.5000361411968   ,0.00252819592615133,2.32004390815405   ,26.3184379206648   ,21.232784712297    ,53017              ,jan                ,1997               
5.87896551160467   ,2.08792300485957   ,148.031833884143   ,6.84312810917152   ,0.469203093637145  ,3.98546806403288   ,66.0707995948376   ,90.1400709147546   ,267.592448478704   ,274.224096309252   ,51.6975480917564   ,0.00292481644768427,2.91739622496871   ,28.2106250183572   ,20.8276298980945   ,53063              ,jan                ,1997               
7.2723211311335    ,1.0514844851838    ,138.50059617958    ,4.83497502489979   ,0.403761297300921  ,5.84934533905019   ,64.1966222598951   ,95.2977067902733   ,266.463825538754   ,274.355956358161   ,59.134682099001    ,0.00272069338623519,2.38044980544365   ,25.7533787962836   ,21.5770479613559   ,53025              ,jan                ,1997               
6.79798806735592   ,1.33510308731693   ,141.425290825222   ,6.08851054820544   ,0.416481584188927  ,5.13555150816888   ,66.2627216139111   ,92.2507311778179   ,266.721560891207   ,273.532033203839   ,54.2852177033662   ,0.0027656340051667 ,2.7237435269644    ,26.6606041620965   ,21.0382597235538   ,53043              ,jan                ,1997               
7.06010339003472   ,1.44609718556796   ,140.803405384087   ,6.31339158141966   ,0.420719268777138  ,5.52088910071402   ,65.8521693192917   ,93.599914980944    ,268.04211277904    ,275.062837305412   ,55.5184783870317   ,0.00299257102198237,2.22077175548567   ,26.2198362108057   ,21.2535119840779   ,53001              ,jan                ,1997               
6.68739159606436   ,2.02605929412107   ,164.906211990632   ,7.26999682127261   ,0.574225671899839  ,5.9137476953396    ,61.8884310455612   ,89.5688816975371   ,268.987290905368   ,275.880841159422   ,53.5358615294715   ,0.00308678239566739,2.88912216545282   ,26.7735812153536   ,20.0565794264343   ,53075              ,jan                ,1997               
8.83106777293286   ,1.31797857603807   ,177.670326518736   ,5.90323032171298   ,0.548415386907886  ,9.52925430627304   ,62.7601267722345   ,89.2824021947591   ,269.656151614887   ,276.957519898521   ,56.3863805893929   ,0.00313739498569364,2.34408141587198   ,24.4160638986687   ,19.3774600938887   ,53021              ,jan                ,1997               
9.6448052048321    ,1.19088325863243   ,179.866070552826   ,5.1306074683718    ,0.556051870452115  ,10.0108994081325   ,60.4287983620752   ,90.9885659859503   ,269.225565259933   ,277.173280381365   ,59.3638785455627   ,0.0030860160717223 ,2.2054380460945    ,24.3843432584094   ,19.6654592983867   ,53005              ,jan                ,1997               
6.22009567512459   ,2.41763378606222   ,198.170700069516   ,6.87364573310868   ,0.671407640095262  ,7.1327497743273    ,57.5615933822788   ,87.9457789065484   ,269.002114418441   ,276.429010992369   ,56.7078470066921   ,0.00309512048379615,3.09293173261597   ,26.1408206880081   ,19.3894642043797   ,53023              ,jan                ,1997               
5.33018667854407   ,3.35754207876614   ,185.884132367124   ,6.41904334289657   ,0.648795262430844  ,5.28657602516298   ,58.6415413687548   ,89.8958165278771   ,268.88055377658    ,276.180347441983   ,60.2115664706804   ,0.00311890032168039,3.38025244084429   ,27.7171553526551   ,20.2837552720682   ,53013              ,jan                ,1997               
6.86608295979852   ,1.95189790478281   ,186.080686886185   ,6.14968163889598   ,0.694054115425874  ,7.47809587259508   ,59.8567392312727   ,89.2492619516216   ,270.0982689326     ,277.452757908671   ,55.7118807861944   ,0.00321410588148655,3.19986047327456   ,25.5081820034024   ,19.5663506743979   ,53071              ,jan                ,1997               
9.36754911812121   ,1.59423453230988   ,221.411733718488   ,5.82139829359495   ,0.76573244749812   ,11.4028420015148   ,57.0324865336246   ,86.0416647087189   ,269.119266942049   ,276.299133688808   ,58.6155576777789   ,0.00303069790216445,3.79452537117718   ,23.7469865456732   ,18.3678212534099   ,53003              ,jan                ,1997               
9.65556057325771   ,0.792104568444725  ,201.048109766937   ,3.74625967615698   ,0.711804940775869  ,9.64164470817322   ,60.6465692057442   ,97.8207643484674   ,267.189083648729   ,276.663536449281   ,111.779986856165   ,0.00302712908398597,2.41007251874858   ,23.833710121475    ,21.2511056677672   ,53017              ,feb                ,1997               
7.30555356029442   ,1.70942124415531   ,165.651556157957   ,6.90763465708392   ,0.679881255858575  ,6.20313826534751   ,65.960186428678    ,96.6489734103045   ,268.588379114957   ,277.050131363399   ,86.0622201748532   ,0.00339474553080618,2.84786278539334   ,25.3342691606612   ,21.7486102693867   ,53063              ,feb                ,1997               
9.93382562491247   ,0.726785731439307  ,172.597415710956   ,5.14653268992211   ,0.77858213990631   ,9.40297569225523   ,62.1228011185583   ,97.2224327051537   ,269.215745516937   ,278.069941297777   ,103.522687854328   ,0.00332608053448677,2.43778707028665   ,24.1092677034825   ,21.2101221507696   ,53025              ,feb                ,1997               
7.88020363657137   ,1.1012502994781    ,166.22099067518    ,6.2784821196217    ,0.652404438608992  ,6.61683592597234   ,66.9398671308557   ,98.2665963854108   ,268.314353188516   ,276.529535781959   ,95.3176530999939   ,0.00331574751036715,2.66655318614793   ,24.8923591632628   ,22.1539111244691   ,53043              ,feb                ,1997               
8.4076233052659    ,0.925883360892087  ,168.79216318063    ,6.64028516016125   ,0.802076743408653  ,8.28288006302307   ,63.1660747100621   ,96.394398191548    ,270.646803921088   ,278.921220666212   ,93.4874581810494   ,0.00361553227022954,2.30499724981558   ,24.555564758478    ,21.1292785937504   ,53001              ,feb                ,1997               
8.84261913843739   ,1.60997301496483   ,184.276008070287   ,7.44725815324222   ,0.880403580341269  ,8.8963568051865    ,62.1239079109961   ,93.0452638949867   ,270.952222463143   ,278.813445347377   ,88.1408186750652   ,0.00363870721121569,2.94649233155391   ,24.429282574293    ,20.3484419096217   ,53075              ,feb                ,1997               
12.3861404357072   ,0.759723195576257  ,189.752838319283   ,6.10553027483133   ,1.05367417840676   ,14.7446077600695   ,58.1064388479505   ,90.652127962846    ,272.49218049521    ,281.305158338442   ,96.5194814828726   ,0.00378937783374727,2.62322173391233   ,22.27447346069     ,18.7397371868511   ,53021              ,feb                ,1997               
13.2432901578205   ,0.737799054011653  ,177.588219369697   ,5.2962153841993    ,1.08401534458211   ,15.2361653638745   ,55.4972100802024   ,91.6867657783973   ,272.220131405712   ,281.485400881086   ,99.9399232094508   ,0.00374667806823595,2.60180253562591   ,22.2359127383663   ,18.7941475839607   ,53005              ,feb                ,1997               
9.85963437059027   ,2.14950400893597   ,209.495248694703   ,6.98104859040144   ,0.957824776159019  ,10.6707849748796   ,58.5287361750057   ,91.3873410872262   ,270.597802927987   ,278.474936064726   ,90.9690372099788   ,0.00350209824154575,3.25804452280107   ,23.9218129618779   ,19.6609056787144   ,53023              ,feb                ,1997               
7.94745936218744   ,2.69029667779539   ,197.553022397471   ,6.58116532620335   ,0.953177832535112  ,8.47955949964619   ,59.5451901035694   ,92.7270350145955   ,270.701299651666   ,278.705529300687   ,98.7690526353127   ,0.00361136859006397,3.48767896644665   ,25.2022555639428   ,20.2952759865067   ,53013              ,feb                ,1997               
9.83163438404399   ,1.38969469873254   ,182.957900336243   ,6.28720814619607   ,1.13964849741617   ,12.5132166989366   ,57.1231067903366   ,89.3637783435994   ,272.912006484507   ,281.296099845541   ,92.4744690752196   ,0.00385887799475588,3.31887031664139   ,23.1786752453249   ,18.7414512141379   ,53071              ,feb                ,1997               
13.8443174614466   ,1.16436310017596   ,225.729771953181   ,5.94653102081187   ,1.04734893184353   ,15.0868192808824   ,55.6997395963937   ,90.9656706622047   ,270.470032605439   ,278.358825472771   ,91.0568333512426   ,0.00336877849594325,3.90782668927881   ,21.9659879821682   ,18.8382812645189   ,53003              ,feb                ,1997               
16.5026472106058   ,0.848669361446487  ,203.100093969952   ,3.67881752367182   ,1.76017468673293   ,17.777872262745    ,46.3961641333868   ,91.6643102339232   ,271.637956981959   ,281.41001101886    ,149.472127315407   ,0.00352862097614096,3.84698147352815   ,21.2601483033829   ,17.6837029692588   ,53017              ,mar                ,1997               
10.5154509209262   ,2.18340731873642   ,202.124310886723   ,6.90265092806251   ,1.73085761802525   ,9.90089990420435   ,49.0395075968871   ,93.8714056126287   ,272.239339851494   ,282.07098064316    ,131.012696570725   ,0.00387280919250871,4.39208578701077   ,24.5560686457612   ,19.3826242172551   ,53063              ,mar                ,1997               
19.5836827615192   ,0.676223437171868  ,208.18148107507    ,5.17182762589417   ,2.06129248366713   ,20.9471321790618   ,41.8708758515317   ,90.7178531369349   ,273.480006683236   ,284.262060224008   ,148.089997086792   ,0.00381073507087434,3.93439588495011   ,20.5316723295559   ,16.7646195352967   ,53025              ,mar                ,1997               
15.665603204858    ,1.19791073793769   ,205.916151096239   ,6.19913412468151   ,1.84358518609495   ,15.9571164354779   ,45.3074713212181   ,93.0023338904657   ,272.53411648611    ,282.583037157681   ,142.39583958661    ,0.00381189779208112,4.23408423503319   ,22.2268282141198   ,17.9980029064216   ,53043              ,mar                ,1997               
16.7993579242936   ,0.959896493569054  ,198.418910813812   ,6.50472616124631   ,2.01485107669009   ,18.9218564061495   ,42.556464175947    ,91.8762688175324   ,273.802632810052   ,284.695711061996   ,144.934807587975   ,0.00399491990810249,3.66377502512894   ,21.1972485887926   ,17.1945533915075   ,53001              ,mar                ,1997               
10.866277075255    ,1.69721868691602   ,207.959095725072   ,7.43777132183898   ,1.95857281102627   ,13.3017526236168   ,47.0512995430007   ,90.4739394568311   ,273.911497656806   ,283.705225926206   ,135.572891062062   ,0.00404143158246567,4.25658955968082   ,22.8750328154446   ,18.0061742758344   ,53075              ,mar                ,1997               
18.9710734386688   ,0.802021669440674  ,195.50037681964    ,5.91657868409768   ,2.2657933885569    ,23.7847415314715   ,40.853486235266    ,87.7149277168823   ,275.548725118708   ,286.514355328657   ,146.059127798151   ,0.00415956130030013,3.71223914062711   ,19.2733104159163   ,15.8548020342739   ,53021              ,mar                ,1997               
21.0018002159903   ,0.685990405660944  ,195.348412235159   ,5.2303036787571    ,2.24890884886741   ,24.6060514711292   ,40.7779323560952   ,88.461862326715    ,275.375278598868   ,286.542111097708   ,148.785456420766   ,0.00417473007361599,3.63107301257544   ,19.1794470431446   ,15.8966271086808   ,53005              ,mar                ,1997               
9.26909796783064   ,2.51984848841361   ,218.270715642037   ,7.05072452562936   ,1.97174275938315   ,12.4401921027976   ,47.9843672448756   ,87.6032255398585   ,273.521865028438   ,282.743796001382   ,137.824632604527   ,0.00387169955536873,4.40049862917763   ,23.416434312483    ,18.0033955594099   ,53023              ,mar                ,1997               
7.98639958812864   ,3.73269597101028   ,213.639429966998   ,6.74856338617481   ,1.98393646661262   ,10.3728856700776   ,48.9500805787633   ,88.8208504096819   ,273.711197097848   ,283.02906918119    ,140.539665657692   ,0.00400114718554398,4.69938755795433   ,25.0912753622026   ,18.9208640532807   ,53013              ,mar                ,1997               
12.2729735467324   ,1.97247828576331   ,207.306191528309   ,6.21653675063839   ,2.29633188658801   ,17.7720471533907   ,43.2105752273147   ,86.451296092768    ,275.947182784142   ,286.309472512986   ,135.085646163876   ,0.00426822171987145,4.43125506707949   ,21.3611727331118   ,16.6985204756932   ,53071              ,mar                ,1997               
11.5397489714097   ,1.6842461554441    ,232.25831462418    ,5.96427191841051   ,2.08206474442804   ,17.2005224723903   ,46.2028890189379   ,86.5401620880587   ,273.281862198282   ,282.765496868567   ,137.710264357281   ,0.0037530991798929 ,4.9375728323989    ,20.976028012028    ,16.9258557082289   ,53003              ,mar                ,1997               
27.2448637359731   ,0.611621673861962  ,207.421679086013   ,3.94376894716518   ,2.98556244527555   ,38.6562826110346   ,33.1439330594559   ,76.3768597310658   ,274.579628188141   ,286.6616898433     ,214.54596171212    ,0.00379527211394801,3.51922143193804   ,15.0791444619497   ,11.7933141393267   ,53017              ,apr                ,1997               
14.3001160125995   ,1.97966635230893   ,198.433845521747   ,6.57757319795324   ,2.65673759826652   ,24.2539515130063   ,38.8643628805483   ,85.386547985676    ,273.667567476313   ,285.862530999923   ,195.189907329834   ,0.00409833681321464,3.65272651822613   ,18.8008144769021   ,14.8674337888561   ,53063              ,apr                ,1997               
28.9862158182486   ,0.465651450427629  ,201.951477686709   ,5.5998901045228    ,3.23956854616557   ,41.0625418903623   ,30.3669681164929   ,77.8085731927103   ,275.697036290329   ,288.799635645037   ,217.155058420148   ,0.00397551193919049,3.44006645976952   ,14.5390114726416   ,11.569507665085    ,53025              ,apr                ,1997               
19.5700559838244   ,1.09692585900953   ,201.961228891887   ,6.2164793746663    ,2.82990192814108   ,30.9468318962728   ,34.9661338217408   ,85.0304847286349   ,273.676466091645   ,286.641786352869   ,208.242884779925   ,0.00401002200018072,3.56066551715871   ,16.8323295616781   ,13.7643153853329   ,53043              ,apr                ,1997               
20.8721434401949   ,0.863383770202131  ,193.680681766952   ,6.67636795986689   ,3.04598469137576   ,34.1264924115871   ,32.7528286051272   ,83.3476599331685   ,274.910858249027   ,288.364015479029   ,215.555004535956   ,0.00409750063757305,3.19141067840308   ,15.9538088953825   ,13.1210987301019   ,53001              ,apr                ,1997               
14.5561037953387   ,1.93493708274593   ,200.149686584365   ,7.17632012797337   ,2.81788739171683   ,26.1670992132823   ,39.0973268930024   ,84.4832368723551   ,274.857405488856   ,286.869739279354   ,201.485396418852   ,0.00427947629535315,3.6181515250393    ,17.9430715572507   ,14.6743416608923   ,53075              ,apr                ,1997               
21.9947709949441   ,0.723550312795843  ,197.302976118288   ,6.13684219152499   ,3.29470315086536   ,37.4349695626283   ,32.1434473240681   ,80.4480924376463   ,276.874810505402   ,289.835110113682   ,220.464831125308   ,0.00431219827022571,3.25013900922659   ,14.8438631627499   ,12.4002597053234   ,53021              ,apr                ,1997               
24.7376463381933   ,0.674285488672273  ,199.891223464398   ,5.45100565046013   ,3.35488761207291   ,38.6364376257157   ,31.8841575470196   ,81.3179752549241   ,276.927846800975   ,289.975521323902   ,225.418986898719   ,0.00435702643402911,3.31407444989364   ,14.7130079296214   ,12.483192850617    ,53005              ,apr                ,1997               
11.9861558498732   ,2.45933134922927   ,211.634449619635   ,6.82063012488387   ,2.73023981049688   ,23.2614347041517   ,41.8638406806851   ,82.8299124695993   ,274.946527848333   ,285.583388688303   ,198.469013076687   ,0.00425908360939992,3.79557614384477   ,18.8242544150501   ,15.0177214015345   ,53023              ,apr                ,1997               
11.4424809111576   ,2.96976552428897   ,206.211009217723   ,6.613253221878     ,2.72377824391162   ,20.5044420585069   ,43.0229097233185   ,83.687089567534    ,275.042165013924   ,285.75619332678    ,201.08882304353    ,0.00436061539189048,3.88429170966564   ,20.2792605278588   ,15.6032787511902   ,53013              ,apr                ,1997               
13.8941259525451   ,1.74804492074817   ,203.551569495679   ,6.19593499217253   ,3.17850739550461   ,28.3148068716936   ,36.7827979214469   ,81.3553367516536   ,277.03687286377    ,289.234397606992   ,209.218078663937   ,0.00453799339569726,3.71532795385617   ,17.2211614913734   ,13.9236633705253   ,53071              ,apr                ,1997               
13.188523718712    ,2.19835485272606   ,223.040862058491   ,6.01367008599052   ,2.82141382344738   ,25.7912498504286   ,40.0022730734517   ,81.7040958961431   ,275.027651164479   ,285.533056993322   ,192.909913465402   ,0.00412144424711578,4.25127574042972   ,17.670431137201    ,14.6069577733386   ,53003              ,apr                ,1997               
30.5881033656387   ,0.942012621905098  ,208.092000275194   ,4.27540010208497   ,4.49247577186046   ,45.1482921417418   ,33.3627572340319   ,79.8312206269969   ,280.670833304057   ,294.321753230326   ,273.335457090937   ,0.00585188819220198,2.99656352588129   ,13.1134768679975   ,11.6514667513142   ,53017              ,may                ,1997               
18.6873609483029   ,1.79757656660966   ,187.038482800881   ,6.56478771612637   ,4.07953366700055   ,30.8027291833706   ,38.4940177099484   ,84.1846542986763   ,280.033928150125   ,293.989105407134   ,252.003273825632   ,0.00643889275865275,2.92223047644429   ,17.0882427823556   ,13.5848966377461   ,53063              ,may                ,1997               
34.0494049634059   ,0.885755647354627  ,207.327480455643   ,5.96461733138685   ,4.87850358867628   ,50.0186428808059   ,29.664092020486    ,77.2449102319059   ,282.165384934084   ,296.592929464625   ,280.846026696679   ,0.00596571557519747,2.92112986906636   ,12.2209995137835   ,10.7657294360971   ,53025              ,may                ,1997               
24.3574666086268   ,1.32996812606388   ,195.824413372505   ,6.62736500570863   ,4.29793637722504   ,37.1975860387186   ,35.5636083329923   ,85.2821686694983   ,280.272128841216   ,294.575980292557   ,266.607008783433   ,0.00632595868921886,2.88081409595003   ,15.2103943598262   ,12.9585435760701   ,53043              ,may                ,1997               
25.4574698152153   ,1.01079175698692   ,195.615195247975   ,7.26008600241361   ,4.5863681980781    ,41.3069363022062   ,32.1873318702768   ,83.0987388640105   ,281.10977624734    ,296.163384027584   ,280.068509867787   ,0.00627391573857908,2.63533709517567   ,14.2031355448049   ,12.0913603213041   ,53001              ,may                ,1997               
20.4449698560503   ,1.31300460189262   ,202.262476325189   ,7.48478966507257   ,4.34025557527506   ,33.6215595319194   ,37.6519744794147   ,82.8955917238239   ,280.728656681068   ,295.044881210761   ,268.63966656969    ,0.00658862471935716,2.84735592106714   ,16.3442031069182   ,12.9335275493311   ,53075              ,may                ,1997               
27.8597514618446   ,0.709845636109879  ,196.207206645515   ,6.64499430778699   ,4.86040808591003   ,46.4336945910016   ,30.6688045596366   ,78.951737238219    ,282.788988405895   ,297.479251204649   ,285.751957620285   ,0.00634736746373972,2.62529844341444   ,12.9232950737104   ,10.9833263403725   ,53021              ,may                ,1997               
32.8850541029432   ,0.496606555341383  ,202.770387929083   ,5.83632472539559   ,4.94821554905905   ,50.025996300391    ,29.0303390554445   ,78.4200857049251   ,282.786586073387   ,297.793542364258   ,284.912860003881   ,0.00621274251249157,2.69482450741271   ,12.4465385945068   ,10.4426531257873   ,53005              ,may                ,1997               
19.4066092132478   ,1.2437308507385    ,219.395952720868   ,7.00966338341281   ,4.250300792529     ,33.2020427142659   ,40.110590148082    ,77.6839255369443   ,280.809877585562   ,293.595250356892   ,267.834101689743   ,0.00635754405188241,2.8498677847811    ,16.4733388428219   ,12.433948809674    ,53023              ,may                ,1997               
18.6692402990757   ,1.09683159459697   ,203.386675504107   ,6.7266562122325    ,4.21173090474506   ,31.8969877359332   ,40.9657038319979   ,78.8631623462535   ,281.054388627714   ,293.763439222921   ,264.758692539256   ,0.00651000111590013,2.90212921230722   ,17.0671753659479   ,12.5725410502015   ,53013              ,may                ,1997               
21.6650434379996   ,0.775520026644239  ,201.102104184871   ,6.46358370845557   ,4.67929019163263   ,38.7370508412442   ,34.901747404169    ,79.480965540536    ,282.665176327573   ,297.064716854341   ,272.536505746429   ,0.00669080549500562,2.81582288003612   ,14.8559114689781   ,11.6892480079252   ,53071              ,may                ,1997               
20.5983112065253   ,1.19554794347681   ,239.434875125502   ,6.40142617376471   ,4.43437610928356   ,35.3472523667938   ,37.8624277898556   ,74.6820868358967   ,281.042624800296   ,294.084048859282   ,266.791719456855   ,0.00616375880882983,3.07527143257153   ,15.8038209518152   ,11.8604381458322   ,53003              ,may                ,1997               
19.7687928873111   ,1.41685558355854   ,247.355075670681   ,4.81887354094599   ,4.91668883226845   ,34.7241053813444   ,35.6872465414714   ,82.1599014211965   ,282.148334283135   ,295.873641031407   ,292.523340544996   ,0.00678038993142863,3.09027409357523   ,15.5567788759867   ,12.7780176077892   ,53017              ,jun                ,1997               
18.6366801536908   ,1.17250001847653   ,217.234299401128   ,6.54866647865272   ,4.47196728671092   ,28.6441870375366   ,42.2142298003702   ,88.8596546447506   ,281.394257392613   ,295.295439702955   ,277.115816977828   ,0.00756094689587586,3.18138097529474   ,17.5503879285269   ,14.0501822682258   ,53063              ,jun                ,1997               
30.0941946932082   ,0.662445487059899  ,237.975046653562   ,6.43996211699347   ,5.27647546606046   ,44.3840957608476   ,32.179674668344    ,79.5217472157778   ,283.359289037506   ,297.740033618246   ,299.235887251999   ,0.00679946152642619,3.01055096129431   ,13.5933482375834   ,11.3046021063105   ,53025              ,jun                ,1997               
23.1234936303007   ,0.848211433346603  ,224.164106099835   ,7.21331013510316   ,4.6489513739576    ,32.3254143714905   ,39.2664915485428   ,91.8137359698044   ,281.237125410688   ,295.814039933501   ,290.058505772217   ,0.00747792404882207,3.07597854977671   ,16.6177385126871   ,13.9908137332094   ,53043              ,jun                ,1997               
26.7624073649807   ,0.629776714340123  ,224.998794973272   ,7.92899192893858   ,4.95488245078463   ,37.8826644404684   ,35.1741839763201   ,89.3061110440958   ,281.942966934102   ,297.10998103334    ,297.671676111085   ,0.00716547896229834,2.87326564363843   ,15.2028843221145   ,12.9760364686862   ,53001              ,jun                ,1997               
22.1149155407628   ,0.888015438308136  ,237.368611785448   ,7.66129687010073   ,4.62581529301288   ,31.7974522321364   ,42.0732930770575   ,89.4782898996391   ,281.860310180664   ,295.84531387748    ,283.408776237338   ,0.00759963964837074,3.21791674678933   ,16.569838582469    ,13.919239105449    ,53075              ,jun                ,1997               
30.7663158754369   ,0.456148566997204  ,221.409614651616   ,6.94628917070535   ,5.34206770384923   ,45.075103421089    ,32.4142732561552   ,82.5735640124786   ,283.718600115654   ,298.34294532189    ,304.328250706012   ,0.00700863601974188,2.97091537641409   ,13.2746873430105   ,11.4863657279504   ,53021              ,jun                ,1997               
35.1562199729589   ,0.414686805841879  ,221.713873619488   ,6.00314374459095   ,5.60303261940766   ,49.1407312601041   ,30.1199938603877   ,79.3843670903343   ,284.244902279344   ,298.937175383558   ,308.813219980846   ,0.00680143542785686,3.10015592995362   ,12.5734015826878   ,10.806728856145    ,53005              ,jun                ,1997               
21.3461210846719   ,1.11616193657224   ,259.723452781804   ,6.88416382071888   ,4.54829815016523   ,32.3843384586753   ,45.3156776906047   ,82.3341382123422   ,282.128094921546   ,294.292651869495   ,283.749230705877   ,0.00733713683017624,3.27592894708888   ,16.2471477976497   ,13.3759028121798   ,53023              ,jun                ,1997               
21.8056906636273   ,1.02051873590308   ,235.021279876831   ,6.41703572031923   ,4.60965931207514   ,32.7793238105574   ,44.0383045264772   ,82.799604741441    ,282.179195125773   ,294.627939769485   ,283.462905184761   ,0.00728460214845186,3.36392800366899   ,16.2468220870532   ,13.3000819115531   ,53013              ,jun                ,1997               
24.3912777634185   ,0.726250404926638  ,226.722246771267   ,6.40053127257805   ,5.19415497033577   ,39.7534383936626   ,35.3709726382723   ,80.8905003850053   ,283.893655697375   ,298.025047934928   ,290.14753993068    ,0.00725431981121712,3.1962845519387    ,14.3113155396004   ,11.8633789207877   ,53071              ,jun                ,1997               
23.2709704441436   ,1.26550309003609   ,270.139043871794   ,6.16585938657867   ,4.58863718811323   ,35.2503574582492   ,44.403966919001    ,79.1569833272855   ,282.344160179268   ,294.272937453518   ,277.049603774542   ,0.00716545116824807,3.47472665292503   ,15.3159224622731   ,12.7479369923436   ,53003              ,jun                ,1997               
34.2667699823559   ,0.66243087168994   ,216.066967621036   ,5.20136681507004   ,5.85743676276945   ,50.0464635371706   ,28.8146609941593   ,78.0240243968627   ,285.401125752089   ,301.165625929511   ,306.968550139516   ,0.00753049782821717,3.05324279201641   ,12.4587008003027   ,10.2839883937907   ,53017              ,jul                ,1997               
23.7943904458879   ,0.75742159532678   ,189.458048398874   ,6.5702552039331    ,5.52398718713674   ,38.6784149533289   ,32.606589496013    ,85.4135123667197   ,284.457124849408   ,301.023532849852   ,298.873024355607   ,0.00840061978645296,2.97499685580736   ,15.0373996533019   ,12.1701235478036   ,53063              ,jul                ,1997               
37.9290369246408   ,0.502732095241404  ,212.771193084851   ,6.32754822898972   ,6.08025642691155   ,55.020380936922    ,27.2257906047144   ,78.5508811769813   ,286.325792607211   ,302.789751619201   ,310.207248137935   ,0.00777225842667389,2.97762812982227   ,11.2453652161883   ,10.0775353983198   ,53025              ,jul                ,1997               
29.0428768992196   ,0.621742395483719  ,201.742223275305   ,7.35387704632258   ,5.62509911683867   ,42.7557908612574   ,29.9402180618167   ,88.4977861131731   ,284.159085707738   ,301.425315157372   ,301.694633110317   ,0.00805022084071087,2.95262873982693   ,14.0476296276774   ,12.1071714332522   ,53043              ,jul                ,1997               
31.6541729959002   ,0.491930112198194  ,207.025294310268   ,8.05898973046879   ,5.75623015748539   ,46.9378176730666   ,28.5002420742572   ,87.0357458730074   ,284.973156997507   ,302.662517860357   ,303.988396575925   ,0.0080818464862759 ,2.75578523646861   ,13.0399505462033   ,11.6077003652656   ,53001              ,jul                ,1997               
26.5100508521444   ,0.7572662630439    ,206.268245717235   ,7.9055979831546    ,5.59320223121534   ,40.1827865249518   ,32.6269519898561   ,87.4117752571757   ,284.930431030968   ,301.712943602821   ,299.194967537867   ,0.00858585243526867,2.97363250579056   ,14.625421004793    ,12.4331219758933   ,53075              ,jul                ,1997               
32.8395623462911   ,0.443556728412769  ,205.824354825126   ,6.94758311418387   ,5.99533577790627   ,52.1168413391776   ,27.9599179464298   ,79.5284874956306   ,287.022863928556   ,303.437732384163   ,305.92474520094    ,0.00814262803368936,2.80233192462335   ,11.607980381703    ,10.4083084686223   ,53021              ,jul                ,1997               
38.8093295228956   ,0.347156361382503  ,206.529459550991   ,6.02289793876971   ,6.14796176413403   ,56.76909261133     ,27.3625109131542   ,76.3122606495906   ,287.549597340974   ,303.688185222733   ,307.703150647086   ,0.00802915252148387,2.89011993617428   ,10.9066095491884   ,9.80777201836381   ,53005              ,jul                ,1997               
26.7521543785081   ,0.966114992007316  ,220.051399574899   ,7.10925480075504   ,5.53708626984642   ,42.9765696874293   ,34.2051661649416   ,76.455850656227    ,285.735492713178   ,300.260002367054   ,298.333730642219   ,0.00824160968244413,2.9644902520131    ,13.9125889861448   ,11.1377546445709   ,53023              ,jul                ,1997               
28.962040427719    ,0.779321408707345  ,213.186692895267   ,6.42609066197593   ,5.60671904918169   ,44.7331273741385   ,33.8874719062783   ,75.5422968262858   ,285.764233453071   ,300.441544751665   ,297.636405041564   ,0.00814296772586818,3.12347814133191   ,13.6015450878333   ,10.8981295563727   ,53013              ,jul                ,1997               
29.2507454563344   ,0.526666697747556  ,204.178881774151   ,6.5262354444359    ,6.01047249494373   ,49.8998684454177   ,28.6647804696948   ,75.908595467064    ,287.13506021207    ,303.437007780998   ,297.937015250321   ,0.0081425647067144 ,2.97543666581922   ,11.9915620098269   ,10.1811200490062   ,53071              ,jul                ,1997               
25.0922599607551   ,1.33909212731205   ,224.946970771896   ,6.24352721112198   ,5.61348159554034   ,42.0945050021972   ,33.2780062529742   ,74.8450760775127   ,285.47373453297    ,300.313378276785   ,298.273635312757   ,0.00804871197856571,3.05962819725535   ,13.9505568719455   ,11.1523662512236   ,53003              ,jul                ,1997               
39.7351183165042   ,0.337288207982897  ,193.898502080578   ,5.20914075466715   ,5.27686367270408   ,55.240980383811    ,28.0767056701722   ,76.2057563155519   ,286.751103581537   ,302.36809119286    ,254.060978244589   ,0.00799152306711831,3.03051836476535   ,11.1832538230265   ,10.3467977112474   ,53017              ,aug                ,1997               
37.3710156943295   ,0.287517344091204  ,147.120333889475   ,6.34723693669869   ,5.20904257468399   ,51.2902566436833   ,27.6448606505489   ,82.5589818392493   ,285.278227730444   ,302.597303399293   ,251.951176810655   ,0.00804278454726432,3.0093879234979    ,12.0304342957732   ,11.1004150777088   ,53063              ,aug                ,1997               
44.7229998838614   ,0.184306506131829  ,199.838298523912   ,6.12182756373971   ,5.53073321942726   ,58.9280432321879   ,26.3140342217709   ,77.1623278698452   ,287.391557355475   ,303.927631881866   ,260.036306413283   ,0.0081333276453388 ,3.01314172648368   ,10.5743374744943   ,10.1791202422196   ,53025              ,aug                ,1997               
39.4474288553123   ,0.31434837807875   ,174.263499092276   ,7.14169590342301   ,5.27051155884167   ,52.4244149352196   ,26.17488255869     ,81.9237625009882   ,285.481835229832   ,303.020054994513   ,251.300052592602   ,0.0078427014793991 ,2.96841547150325   ,12.0204537889682   ,11.0393061544266   ,53043              ,aug                ,1997               
40.8909054072185   ,0.123934535155155  ,190.040427400524   ,7.79446796519253   ,5.39234543276402   ,56.2278499391716   ,24.8070728014815   ,79.4571760004666   ,286.444100487573   ,304.324142650686   ,255.595225059762   ,0.00790257467233641,2.7519459284402    ,11.2477880073394   ,10.3704574653981   ,53001              ,aug                ,1997               
41.5667743501596   ,0.132160713544338  ,181.007121809266   ,7.8206093045777    ,5.46873959581133   ,54.7330151299869   ,25.0217860754979   ,80.7465267032283   ,285.852510978221   ,303.836249303944   ,252.56486790087    ,0.00784932614049646,3.04146010209759   ,11.644306557744    ,10.5853660837568   ,53075              ,aug                ,1997               
44.177973862333    ,0.067762746399837  ,214.292019713525   ,6.73845110428639   ,5.48625323266604   ,60.5357221229496   ,26.0433795192993   ,76.2002732056838   ,288.313325587573   ,304.736030215128   ,260.931279034295   ,0.00831323844055985,2.70354228272627   ,10.3089536817139   ,9.8629183030306    ,53021              ,aug                ,1997               
46.2521343898028   ,0.0960692122566088 ,229.099804759629   ,5.82589347639968   ,5.58907806785718   ,62.9740740597123   ,25.8021998564736   ,75.1216332442343   ,288.524950126856   ,304.753837563605   ,264.647450016937   ,0.00824647350378987,2.76658403295771   ,9.77907944121509   ,9.6658283998821    ,53005              ,aug                ,1997               
46.0784437046885   ,0.243868277002887  ,185.908184685508   ,7.00540466288849   ,5.56486054122197   ,62.2286602968779   ,23.7759662193278   ,66.9383592832975   ,286.702309383942   ,302.45375065621    ,260.002044936073   ,0.00701863885195853,3.06968944181638   ,10.2906941517253   ,8.64273201356405   ,53023              ,aug                ,1997               
44.3291902933817   ,0.203415516302432  ,182.481195548321   ,6.21641327490149   ,5.5080785353106    ,61.8976258105713   ,24.3614687540305   ,66.7931647446485   ,286.724832131158   ,302.346743474959   ,260.797783589246   ,0.00704760822496448,3.00829457981001   ,10.1805174601599   ,8.7109073032662    ,53013              ,aug                ,1997               
46.2782250475295   ,0.0644438649741662 ,196.553807833275   ,6.41422256900043   ,5.61708735831916   ,62.5888266474626   ,24.9301167194718   ,73.4365298753644   ,288.212955441839   ,304.898495921994   ,257.511406053873   ,0.00803840437293621,2.8425555884713    ,9.97720922543375   ,9.38224980270272   ,53071              ,aug                ,1997               
45.4561130038507   ,0.421091231408288  ,196.168474865099   ,5.91260215081728   ,5.74612809013473   ,60.6128345998787   ,23.4299266848644   ,66.8461809802791   ,286.490982465248   ,302.654713162933   ,263.512283765318   ,0.00697663740366996,3.28005732825034   ,10.6174819345387   ,8.72546075298165   ,53003              ,aug                ,1997               
24.8006536953682   ,0.617873184321371  ,162.704191299005   ,5.19281999570019   ,3.20683916621881   ,37.3616668235045   ,36.7086031046625   ,90.871445600813    ,282.196314832442   ,295.959450783948   ,176.996881233243   ,0.0072533773676294 ,3.41239681764969   ,14.1533912197278   ,14.9072548227919   ,53017              ,sep                ,1997               
20.087716836621    ,1.20258780837657   ,149.460039448376   ,5.96425207431797   ,3.25359719004916   ,31.5280929492962   ,37.1626935336607   ,93.9865435827346   ,281.486751441221   ,296.374910308621   ,173.983048052725   ,0.00757467314127263,3.7384999754581    ,15.4695131706733   ,16.1940449104      ,53063              ,sep                ,1997               
28.4054721168803   ,0.513858180053618  ,158.307400470481   ,5.90319398116368   ,3.51922983340124   ,40.4188370027025   ,33.7587029720355   ,90.3885450897821   ,282.915206188548   ,297.637282238204   ,181.289256480843   ,0.00730543199774516,3.61958541505443   ,13.493056617867    ,14.46505673122     ,53025              ,sep                ,1997               
23.342272706803    ,0.81812963390711   ,149.551950527698   ,6.95156921236498   ,3.32507093508943   ,34.7865685094987   ,34.6818497160833   ,92.4811314226999   ,281.702356058999   ,296.807542503193   ,173.495653705703   ,0.00732747003144911,3.62740295655972   ,14.8771419538803   ,15.3973577088938   ,53043              ,sep                ,1997               
25.6256940580283   ,0.641102566457253  ,152.493208223347   ,7.3232633275084    ,3.44862567033786   ,38.2972346363232   ,33.0580254901788   ,92.1784490896842   ,282.482747397291   ,298.086036740424   ,178.477327190862   ,0.00739053296113837,3.3634756632441    ,13.9860468776087   ,14.9613560573647   ,53001              ,sep                ,1997               
25.4653169512319   ,0.826656937952208  ,162.209326875967   ,7.31788935810912   ,3.52165340855542   ,37.2516368572011   ,33.3826757492365   ,91.6474756330602   ,282.087528317919   ,297.741115753772   ,177.113195559932   ,0.00736342397293843,3.61975024436969   ,14.3011831493752   ,15.0894781515084   ,53075              ,sep                ,1997               
27.2726283661253   ,0.527714147899085  ,168.655939357082   ,6.27563152557764   ,3.54738759037776   ,40.5327012372628   ,33.7149745432536   ,90.8445882107661   ,283.8925096952     ,298.72884765625    ,182.905223411169   ,0.0076208020404626 ,3.31928826223581   ,13.3469461631775   ,14.567991505036    ,53021              ,sep                ,1997               
28.5237143655571   ,0.531395706538657  ,173.355733536828   ,5.49754005376639   ,3.58579923929077   ,41.9173026861759   ,33.9774393490786   ,88.8139955881785   ,283.978675878401   ,298.381128788935   ,185.66268262882    ,0.00747773873721226,3.37589538318401   ,13.1091488670786   ,14.1983605238108   ,53005              ,sep                ,1997               
28.8743980006717   ,0.958113085286206  ,172.990463126323   ,6.53580889938781   ,3.64093039476353   ,43.2649042404957   ,32.7138275045786   ,81.4244297904257   ,283.160227410295   ,296.457149785202   ,184.629587014714   ,0.0067863059865492 ,3.57748319859584   ,12.9061910176129   ,13.1969201626985   ,53023              ,sep                ,1997               
23.5733654289121   ,1.38476313425213   ,164.195673782039   ,5.82357352441518   ,3.51886145849086   ,38.5218550803566   ,34.5266588347537   ,84.4222797893105   ,282.949853968329   ,296.348336813296   ,183.798911329339   ,0.00706742646214902,3.73505926201897   ,13.8968271902094   ,14.2721621257888   ,53013              ,sep                ,1997               
23.6730122579476   ,0.892599765813422  ,167.951706060824   ,5.93708979760405   ,3.63223201254519   ,38.8148557682348   ,33.564272163877    ,89.3560547598655   ,283.807024505533   ,298.750085618761   ,180.25262931679    ,0.00760870006870539,3.59594023437681   ,13.5378358206452   ,14.6290579379736   ,53071              ,sep                ,1997               
29.208660297782    ,0.877226256705037  ,175.715996274316   ,5.3892557737021    ,3.80376498681785   ,43.1834824401967   ,31.9523894235746   ,81.5829350970377   ,282.896881712382   ,296.669850158691   ,187.224076938861   ,0.00667422190965708,3.82999095203233   ,12.9079252839378   ,13.0240433132561   ,53003              ,sep                ,1997               
17.1800212302199   ,1.29228941275137   ,218.117643393666   ,5.32034346538948   ,1.47781082918209   ,23.043261886835    ,44.6031249661351   ,95.9576764894085   ,275.055853093171   ,286.207558096808   ,106.619620364061   ,0.00487371142278079,3.69614420204243   ,18.1161950363635   ,18.684108223379    ,53017              ,oct                ,1997               
13.1268227305381   ,1.70240105692225   ,198.30514211099    ,5.78340570204405   ,1.34278262895525   ,18.7522987854391   ,47.8214218122069   ,99.1437498889889   ,274.671560222208   ,286.31490947934    ,101.503046772038   ,0.00530029379608661,3.85701055629123   ,19.3630629074855   ,19.7848773453794   ,53063              ,oct                ,1997               
22.1899144378739   ,0.891150401835317  ,203.361908820162   ,5.76414120378907   ,1.72279358616241   ,27.5859389846994   ,39.29934899405     ,95.621921215135    ,275.820752803845   ,288.281994818235   ,111.56727347273    ,0.00489725794912916,3.74291734017874   ,16.9811462742432   ,17.8115413504867   ,53025              ,oct                ,1997               
18.1577643379887   ,1.03268944391131   ,205.921153814465   ,6.69826046360231   ,1.50380385337548   ,22.9925456953816   ,43.0479516700359   ,98.5126879955882   ,274.446805091275   ,287.025429936734   ,104.015620465476   ,0.00500514664107802,3.83864846367402   ,18.2213328559236   ,18.9896564048252   ,53043              ,oct                ,1997               
18.824741642391    ,1.02383257805126   ,198.054382613014   ,6.94830024117157   ,1.631796075668     ,25.549884355975    ,39.4269585922803   ,97.6389297145452   ,275.276836187587   ,288.480296670801   ,109.771396449913   ,0.00501998447169544,3.46483339651509   ,17.4387568806046   ,18.390125746515    ,53001              ,oct                ,1997               
16.9074391733724   ,1.72792737286679   ,213.541143957252   ,6.89099717196296   ,1.61919667276983   ,23.8326467598095   ,41.9775399600034   ,97.0612127051453   ,275.482012025663   ,287.821877505105   ,104.84861441538    ,0.00521499530870849,3.8734362908129    ,17.8594667047432   ,18.5785392776793   ,53075              ,oct                ,1997               
19.353990069933    ,0.947809264567281  ,202.65645068948    ,5.96056732581212   ,1.77635477015162   ,27.8276884014494   ,38.7766193113019   ,95.355013779671    ,276.981354358001   ,289.491688015088   ,115.025513594085   ,0.00517085025265522,3.50434220399587   ,16.6479510099065   ,17.5758449815935   ,53021              ,oct                ,1997               
21.8991470885294   ,0.928348302698262  ,195.235604820554   ,5.29756640071229   ,1.82193352917174   ,29.1158325066433   ,38.7505158164797   ,94.9446115481032   ,277.135322397505   ,289.618163656201   ,119.788178621391   ,0.00517728489479304,3.48046169643765   ,16.4102433404979   ,17.4337999687825   ,53005              ,oct                ,1997               
18.8176951180361   ,2.24088697627943   ,225.855767965185   ,6.15184459084063   ,1.74173852567251   ,28.654994249726    ,41.6361598385716   ,91.2221291755488   ,276.597755965621   ,286.892114069485   ,109.204344750024   ,0.00496871603069335,4.02172095970624   ,16.2950711324826   ,16.9165179815925   ,53023              ,oct                ,1997               
16.5624090090041   ,2.91847781349273   ,210.581105819386   ,5.64910468589157   ,1.6737416352579    ,24.6214399082013   ,43.5009053883732   ,92.5704990638871   ,276.417188121588   ,286.863955974015   ,112.976202119345   ,0.00508667479774584,4.27063456253715   ,17.8133029641382   ,17.7667684915037   ,53013              ,oct                ,1997               
15.081486424144    ,1.67467983061235   ,201.969495777765   ,5.71001075147613   ,1.86664902545275   ,24.9146904958154   ,39.4789463761532   ,94.3694490352203   ,277.241448203066   ,289.419322804457   ,112.186838428648   ,0.00525088945945684,4.08405329879894   ,17.3377722008098   ,17.722073789472    ,53071              ,oct                ,1997               
20.2309828742386   ,1.71719275331855   ,237.842864354246   ,5.0287223352423    ,1.82496614869634   ,30.0397811417639   ,40.9661217748571   ,91.0894206051325   ,276.385816034722   ,286.552335968628   ,110.912546423258   ,0.00482412044381364,4.49232952631106   ,15.7626141492468   ,16.6562693894316   ,53003              ,oct                ,1997               
11.9829456507287   ,0.884846568249312  ,127.200320526305   ,5.02485466988796   ,0.563326898788546  ,14.3331811840418   ,59.3027502683723   ,96.1476675047279   ,271.762828122916   ,279.943102373396   ,62.0685603879533   ,0.0041233599389069 ,2.76021308294311   ,21.041229608181    ,20.8784531813962   ,53017              ,nov                ,1997               
9.83547356217428   ,1.929442160123     ,135.241422865045   ,5.31274804566527   ,0.607416713930734  ,9.60102746724787   ,60.5532728486994   ,97.2004652121871   ,272.141506073709   ,281.036775088479   ,63.6056790557676   ,0.00447723033522815,3.23583081960678   ,23.2702420529382   ,21.9999889783463   ,53063              ,nov                ,1997               
13.8452550105048   ,0.80845244369154   ,122.79468997368    ,5.38387066877738   ,0.632029998335604  ,15.3723942215925   ,56.5023750399323   ,97.9440048122464   ,272.620344013444   ,281.58329992765    ,63.0171280208846   ,0.00437565147132561,2.856961957768     ,20.7794974633356   ,21.1109650393945   ,53025              ,nov                ,1997               
12.5152575889885   ,1.31236583994051   ,134.511790986993   ,6.03806799351458   ,0.57535141665776   ,12.6824653008799   ,59.4131354721179   ,97.9036663349792   ,271.94937760407    ,280.890439182667   ,62.7070124306751   ,0.0044195735142118 ,3.05077986556002   ,21.9243213686947   ,21.6297047211428   ,53043              ,nov                ,1997               
12.0786328525663   ,1.1006132255975    ,133.598137868895   ,6.50214884638672   ,0.577277613405597  ,13.0786317051197   ,57.9063235261948   ,98.6371713487102   ,272.95087273861    ,281.906373807512   ,64.7246121417486   ,0.00458496577720627,2.56144981210644   ,21.8502457756254   ,21.6260429579982   ,53001              ,nov                ,1997               
11.2641289101248   ,1.78583944561398   ,158.503692831444   ,6.61416945438759   ,0.720366355041663  ,12.5517821122904   ,56.0158110324635   ,96.8981678754021   ,273.520075234806   ,282.398443836885   ,67.4886945918962   ,0.00459543967271662,3.06828700334886   ,22.1683353605083   ,21.2273312480777   ,53075              ,nov                ,1997               
11.1649755819186   ,0.92822726546524   ,163.616813551134   ,5.73418882443355   ,0.613304490278929  ,13.3452829488883   ,59.1193309930655   ,98.1240375567705   ,274.331453653971   ,282.526393323067   ,64.1091057865436   ,0.00476293382124426,2.51490627958224   ,21.4800174209399   ,21.462809638977    ,53021              ,nov                ,1997               
12.374879258955    ,0.941535870618732  ,148.489454871376   ,5.2455636502723    ,0.642116155338711  ,14.0190518794651   ,58.1896401807872   ,98.2245903365005   ,274.297784237231   ,282.720034130932   ,68.2319709235159   ,0.00476107401710189,2.47489001305381   ,21.3905129523907   ,21.3622867872964   ,53005              ,nov                ,1997               
11.8308722230732   ,1.74569594406795   ,177.410140037142   ,5.90884547722266   ,0.812702282198838  ,15.4661374620521   ,55.3915826355202   ,94.0121644875031   ,274.115309424232   ,282.212845028705   ,68.6854853663632   ,0.00458522294970966,3.15771362928377   ,20.7928464129351   ,20.2113565391635   ,53023              ,nov                ,1997               
9.95301625737051   ,1.98346858423457   ,168.906421540212   ,5.40866694275621   ,0.730457835338919  ,12.4612116918233   ,57.2112084446985   ,95.1752386595774   ,273.975110150881   ,281.892974781616   ,71.3408899114186   ,0.00461846301234595,3.15911598345996   ,22.1143606194235   ,21.0339447728834   ,53013              ,nov                ,1997               
9.70827335069627   ,1.23131345879478   ,162.158802585938   ,5.45086957348718   ,0.678552623608006  ,11.7465065084728   ,59.8950046213662   ,97.3978255481255   ,274.689098281654   ,282.703727945467   ,65.2766533497549   ,0.0048507798090514 ,2.94355937064017   ,22.1051291217649   ,21.4993515110274   ,53071              ,nov                ,1997               
13.2744492064633   ,1.29799469200568   ,195.467135729639   ,4.97318412642699   ,0.936669223387601  ,18.197808014897    ,53.8609570087888   ,91.1374731179861   ,274.1625511485     ,282.201793598259   ,71.0787839272306   ,0.00443459560756442,3.62355317563326   ,19.7492871108136   ,18.9883126756571   ,53003              ,nov                ,1997               
9.45278596291787   ,0.401378355086643  ,169.787222698576   ,4.38232098837104   ,0.204496757540394  ,8.70097043615414   ,72.1602623782711   ,97.8919951076456   ,268.292878496936   ,274.424901035854   ,53.1409024230018   ,0.00315143118192202,2.44417148180513   ,23.0620808194376   ,22.744328266891    ,53017              ,dec                ,1997               
6.37108138055874   ,1.30606225204617   ,169.876853664595   ,4.5816152440016    ,0.169966456539157  ,4.11743539668249   ,77.4533919140198   ,99.4461139396814   ,268.171070161489   ,274.883795481395   ,50.6386631249657   ,0.00346420402032358,2.85569110477104   ,25.2801253599961   ,24.3323527014364   ,53063              ,dec                ,1997               
10.2335879606464   ,0.350977045543053  ,160.366395998046   ,4.82727422945242   ,0.215531489181521  ,9.16726030391683   ,72.0674979829992   ,98.8331190126688   ,269.177687085772   ,275.931198378615   ,54.4213685944631   ,0.00339659276769691,2.32741084425352   ,23.0220939129464   ,22.9124293843397   ,53025              ,dec                ,1997               
8.12035619931699   ,0.729043277493895  ,167.08507560906    ,5.39169921397025   ,0.162717517063095  ,5.80581643534331   ,75.9039498234326   ,99.7703388605596   ,267.955180556753   ,274.748140542357   ,50.892638003608    ,0.00337786516358049,2.71576118587784   ,24.334835055525    ,23.9875558108115   ,53043              ,dec                ,1997               
8.2042580473959    ,0.587912241655332  ,154.72992574526    ,5.85807772488854   ,0.178309497329426  ,6.64308568413995   ,75.6161461038599   ,99.5756221027975   ,268.938136615043   ,275.703500424506   ,51.1359090675711   ,0.00351358515119497,2.13185821770483   ,23.9250698933059   ,23.6985285705231   ,53001              ,dec                ,1997               
7.69608217313243   ,1.19467310435201   ,175.08813413074    ,5.92997309656704   ,0.255082573471563  ,6.18954314400451   ,71.8497697305118   ,98.9102521652521   ,268.974097324745   ,276.028614797555   ,51.317416648416    ,0.00352057917757581,2.94983410294851   ,24.1526666603088   ,23.3516285526799   ,53075              ,dec                ,1997               
9.42046439441422   ,0.499292801188854  ,185.07009536306    ,5.17738841267732   ,0.268725185263245  ,8.77912187666892   ,73.5517627212329   ,98.2145669340476   ,270.840821130215   ,276.967356027456   ,50.7918926217006   ,0.00365260868181045,2.23618842515426   ,23.073374590996    ,22.764891753808    ,53021              ,dec                ,1997               
10.5564543596368   ,0.424883191462118  ,182.596923226731   ,4.75853883056246   ,0.299916908303409  ,10.4127725336041   ,68.5190925605669   ,98.352970041655    ,270.878629913932   ,277.679087518094   ,53.3873716649689   ,0.0037004575906326 ,2.11510023708057   ,22.7388119289391   ,22.2413571160221   ,53005              ,dec                ,1997               
8.8138619586673    ,1.4045014100856    ,196.48744696702    ,5.10934110791046   ,0.443685784532957  ,9.76132042036662   ,63.7146693018406   ,95.0789909481262   ,269.379790052963   ,276.445738627748   ,53.1756482825269   ,0.00332151912521536,3.21858774925858   ,22.8000014640776   ,21.6556444145384   ,53023              ,dec                ,1997               
8.27754678343403   ,1.70786218461028   ,188.412621135612   ,4.70971531830533   ,0.417938263724391  ,8.48740995830503   ,64.2822929538773   ,94.6380424512827   ,269.666567905286   ,276.345963701445   ,56.1911912064278   ,0.00334359984302464,3.23675871976175   ,23.7244698955543   ,21.6260913587573   ,53013              ,dec                ,1997               
9.81564822217808   ,0.91815671152675   ,187.902123687487   ,4.77738960196332   ,0.392392677792063  ,9.28065380422089   ,69.0337173167283   ,96.4554738698613   ,271.417634090434   ,277.562858449217   ,51.1314478763074   ,0.00369210511204335,2.96132984035383   ,23.2114822364435   ,21.9414310680172   ,53071              ,dec                ,1997               
12.8078310249841   ,0.865900292894021  ,222.148897717701   ,4.32959795302718   ,0.555130703573244  ,14.5915313957575   ,62.234676231607    ,91.9398885745492   ,269.60884369342    ,276.525086158326   ,56.3773025960528   ,0.00320816696094635,3.92116665741533   ,20.9111014215325   ,20.3667179296777   ,53003              ,dec                ,1997               
