bi,pr,th,pdsi,pet,erc,rmin,rmax,tmmn,tmmx,srad,sph,vs,fm1000,fm100,countyfips,month,year
10.3335490376003   ,1.46670793259859   ,118.420701218035   ,-3.60226281773155  ,0.45673158783302   ,12.4608477222903   ,69.6640487749176   ,88.7680148599086   ,271.442336386032   ,276.488831724647   ,57.5271615761486   ,0.0034806224567457 ,2.38599220976271   ,21.6394602930885   ,20.2523272786075   ,53017              ,jan                ,2010               
11.4524203436154   ,1.46208646501807   ,115.903521153488   ,-1.71480400689709  ,0.589421700991939  ,10.2302626953589   ,68.7434191235796   ,91.8703710139178   ,271.897784715868   ,278.211128636568   ,48.0786752004181   ,0.00381965950847418,2.84918620632213   ,23.0396010564091   ,20.7980080487763   ,53063              ,jan                ,2010               
12.7993557678611   ,0.967427050586026  ,104.630002376609   ,-2.77980888732536  ,0.511402506535276  ,12.5292718430523   ,68.5314190369588   ,91.7180526215084   ,272.371086027471   ,278.366265072592   ,53.7338086222888   ,0.00385902242338775,2.48500253924919   ,21.9687549825363   ,20.7481469013025   ,53025              ,jan                ,2010               
12.9855930843202   ,1.10779978224305   ,116.982371598879   ,-1.98242895007608  ,0.558294902664128  ,12.5507841992525   ,68.0924794318008   ,90.4165471692459   ,271.778553784073   ,277.693617513911   ,50.512855536026    ,0.00366900090435924,2.72770885797486   ,22.1725493115451   ,20.188510692205    ,53043              ,jan                ,2010               
10.7160838072528   ,1.03413597488873   ,118.962948939604   ,-1.61648207914294  ,0.564813884656402  ,11.0238323568951   ,66.8423674472633   ,91.8272702495386   ,273.092549130903   ,279.41549205066    ,49.8777324307349   ,0.00404893981322391,2.25189122004786   ,22.853659861475    ,20.6513666103944   ,53001              ,jan                ,2010               
11.6034622762778   ,1.24281533434945   ,141.568531644096   ,-0.785401805148405 ,0.772106261010188  ,12.7563054584634   ,62.5405261799416   ,89.7842106020383   ,273.177055113935   ,280.010854211912   ,48.6723094244926   ,0.00399447189888297,3.03660564404964   ,22.1827129641249   ,19.6594016485196   ,53075              ,jan                ,2010               
9.18177053564535   ,1.03979241592818   ,160.365338401391   ,-1.17258058886091  ,0.569528266739461  ,9.80878041601532   ,69.1098165327503   ,92.8257322505449   ,274.046516967471   ,280.402181431318   ,50.0808448817535   ,0.00438700605753784,2.21595007709179   ,22.9169357011099   ,21.2207843679944   ,53021              ,jan                ,2010               
8.94194267391248   ,1.09720675699526   ,147.351237919832   ,-1.50115518157299  ,0.497050994574472  ,8.65071469872442   ,71.0592246790109   ,94.0317721021928   ,273.463949958931   ,279.702244519232   ,52.6169699181762   ,0.00434602979235047,2.09674034788024   ,23.3081176464374   ,21.91199596148     ,53005              ,jan                ,2010               
12.9116073786866   ,1.59354794940099   ,159.570754140012   ,0.351628870944305  ,0.830557906014188  ,13.8063902747679   ,60.9744194613934   ,88.302342107028    ,272.935594412349   ,279.662807271228   ,53.9415815258236   ,0.00390738920873396,3.29548376891781   ,22.0159342006652   ,19.2066367074259   ,53023              ,jan                ,2010               
10.6692178289626   ,2.34292973839269   ,158.438825638325   ,0.0348203435481687 ,0.754903944701855  ,10.6385223450193   ,62.3303421434771   ,89.8060580097206   ,272.857398091287   ,279.502577642677   ,58.4479701343853   ,0.00394752314543105,3.13993351296625   ,23.430447556203    ,20.1654089183708   ,53013              ,jan                ,2010               
9.18906354191358   ,1.56372995764665   ,153.067094703187   ,-0.700466166040608 ,0.751291167527367  ,10.169607783315    ,65.3952110784747   ,91.0616355748931   ,274.13036012487    ,280.681449800097   ,52.4880962034176   ,0.00425066476827744,2.84861231577106   ,22.9904163769778   ,20.6588937820427   ,53071              ,jan                ,2010               
18.7584785160413   ,1.19067044201067   ,182.227489837119   ,-0.760087664827133 ,0.956100947886516  ,21.1859702613685   ,58.5751192107716   ,83.4889835373834   ,273.319854815371   ,279.621873062022   ,57.97320271706     ,0.00370797091335837,3.68083699254224   ,19.2173979359288   ,17.2537913285398   ,53003              ,jan                ,2010               
15.0984203200823   ,1.2482069133492    ,126.368861129842   ,-3.1753707803913   ,0.966221216301483  ,18.905753935551    ,55.7508280105576   ,86.7833982835974   ,272.464422727577   ,280.096350426393   ,102.765070227416   ,0.00365829229236336,2.44703904135116   ,20.6451702285924   ,17.8020480591194   ,53017              ,feb                ,2010               
12.4299120569664   ,1.41129331846131   ,136.537419828083   ,-2.06447425771508  ,0.976853304306839  ,14.0897792373505   ,56.4294462117018   ,91.0112958196656   ,271.976660055541   ,280.742666296684   ,88.419313762895    ,0.00386618129909342,2.70277721977368   ,22.2541000639103   ,19.2383149128813   ,53063              ,feb                ,2010               
17.2904387632777   ,0.808958196689639  ,123.591572615077   ,-2.4958667787045   ,1.10204634484663   ,20.2366518210449   ,52.3866247731047   ,89.0509704172409   ,273.272723026829   ,282.279300327057   ,98.4649111536534   ,0.00391193803744167,2.57082263807009   ,20.3684965254713   ,17.8045603142422   ,53025              ,feb                ,2010               
14.1501793443567   ,1.03766895846083   ,132.385979881556   ,-2.07925606086886  ,0.991056711733991  ,17.1773244766382   ,55.6964080619032   ,89.8016954347862   ,272.395687702854   ,280.812174279739   ,92.8668464012939   ,0.00383672092369581,2.65107973044414   ,20.9954527491723   ,18.5753495118499   ,53043              ,feb                ,2010               
13.8881881948968   ,0.730633443313406  ,124.759545130633   ,-1.6482985711371   ,1.07478021763073   ,17.8584870818546   ,52.0736370846916   ,90.07952757073     ,273.490203067313   ,282.755568947404   ,94.1073375113226   ,0.004058694253578  ,2.32930440118676   ,21.0329287235629   ,18.2925618027157   ,53001              ,feb                ,2010               
15.7279148696451   ,0.705000255030087  ,141.158376002512   ,-1.72745065500631  ,1.15847879635687   ,19.1507310005196   ,50.1744397807722   ,89.0550145094735   ,273.054009217334   ,282.589446382923   ,93.0533236542069   ,0.00397926636297498,2.76099209188413   ,20.6679402606227   ,17.9150770503132   ,53075              ,feb                ,2010               
14.1378420829773   ,0.544441819906541  ,132.299676469244   ,-0.964878727271645 ,1.13300404367702   ,17.3610946361344   ,51.7795729854605   ,91.2195121047261   ,274.273402421553   ,284.020075028807   ,97.742738032079    ,0.00427456377720163,2.2765483548353    ,21.418280180994    ,18.4168223991499   ,53021              ,feb                ,2010               
14.6848592657914   ,0.487619753076413  ,130.254680543707   ,-1.05780392047236  ,1.09015399586986   ,16.488996537983    ,53.0419911673184   ,92.4829615720328   ,273.89867894325    ,283.53739531284    ,99.1408904668948   ,0.00425662687999664,2.23295701155321   ,21.9521071290123   ,18.7452397729417   ,53005              ,feb                ,2010               
18.7197396634634   ,0.563386026817186  ,152.971396889428   ,-1.11993599073734  ,1.16284859546368   ,20.9335486712901   ,50.7640696625426   ,87.2820974073266   ,272.613177302038   ,281.306488629454   ,98.5722404152499   ,0.00379310323135605,2.86192929982716   ,20.4370855206182   ,17.4169006438623   ,53023              ,feb                ,2010               
15.1706230890064   ,0.759709270535457  ,148.976649857093   ,-1.07572094428095  ,1.13003094213762   ,16.6192273431407   ,51.9830538812821   ,89.8250352728251   ,272.531247420728   ,281.539182764252   ,104.637247273881   ,0.0038949930928954 ,2.80004756330953   ,22.011318525273    ,18.3422007665941   ,53013              ,feb                ,2010               
13.6647511018693   ,0.557285741257939  ,147.751041480681   ,-0.891507260161919 ,1.19347706673781   ,16.2849329438068   ,51.6798700779573   ,91.3252713145833   ,274.03220452055    ,283.728955351933   ,96.1753164871783   ,0.00422324241091604,2.62340491237368   ,21.8499217581666   ,18.4896846172009   ,53071              ,feb                ,2010               
25.2591098742142   ,0.284527434577789  ,174.979027870425   ,-1.41529146920427  ,1.29867914156664   ,28.3509618681278   ,48.8144209156196   ,81.9330679403231   ,273.204738505565   ,281.183700979191   ,100.890723280663   ,0.00361170633844118,3.17137614270134   ,17.9737413234084   ,15.4522993294862   ,53003              ,feb                ,2010               
29.1561889932027   ,0.319937867036594  ,191.172889237196   ,-2.91852470228293  ,2.29520941217011   ,34.8489557549742   ,34.4953577562619   ,80.8496123298066   ,273.104791310712   ,284.673423922981   ,177.254305154694   ,0.00337007579975569,3.63474302012634   ,16.7516953709042   ,13.4480047624802   ,53017              ,mar                ,2010               
21.9108590639296   ,1.30488322251459   ,186.990800895765   ,-2.38426520251938  ,1.93633850931198   ,22.8746786670879   ,41.4306074851797   ,92.0309508583898   ,271.722708305526   ,284.035689333652   ,153.768687428043   ,0.00375196393753656,3.90034068694406   ,19.852067472935    ,17.1677885188321   ,53063              ,mar                ,2010               
28.8203260402969   ,0.329088961924147  ,189.863957270872   ,-2.38384072315731  ,2.45937621832498   ,33.7047295175845   ,31.5250888166615   ,85.5106161328682   ,273.251919877271   ,286.616358116381   ,177.233295517836   ,0.00350322388393337,3.66141716634397   ,17.0644053815284   ,14.197490569112    ,53025              ,mar                ,2010               
25.4984150653862   ,0.715154708174899  ,186.093266220844   ,-2.22895280548572  ,2.1403241364948    ,28.0491007406852   ,37.0798962418555   ,89.1079110008931   ,272.117019271528   ,284.708445675957   ,168.232577995942   ,0.00358850231248762,3.82150801394239   ,18.4071898111268   ,15.780263644662    ,53043              ,mar                ,2010               
27.1943157173832   ,0.599779970461868  ,186.407374205591   ,-1.90384002315964  ,2.30968333890537   ,31.5639331767647   ,33.6874024157758   ,87.1286715993997   ,273.037232494628   ,286.346392364178   ,173.153151155939   ,0.00360595780074075,3.41857943177631   ,17.5234792631163   ,14.8963601824779   ,53001              ,mar                ,2010               
25.521335110601    ,0.866149426531098  ,200.799223364101   ,-2.61947470181129  ,2.25073138416605   ,29.7374351967625   ,37.347333022304    ,86.6757298814459   ,272.831051509502   ,285.529532140627   ,163.090645329513   ,0.00369143744337724,3.92217715041235   ,17.5623723498422   ,15.2708900717676   ,53075              ,mar                ,2010               
30.1095164078933   ,0.386052616187     ,190.398132099577   ,-1.27354433372235  ,2.51692816674266   ,33.913218029912    ,31.6610203012935   ,86.0576358298214   ,274.162819067716   ,287.957682902523   ,175.215924670501   ,0.0037391817655932 ,3.45149620613153   ,17.0566877511831   ,14.293002511609    ,53021              ,mar                ,2010               
31.0812199372876   ,0.18054110916193   ,190.775410813875   ,-1.27238292153374  ,2.47189134359929   ,33.3544823199107   ,32.1529806639134   ,87.9202668884825   ,273.95484471271    ,287.654244227955   ,176.840596323729   ,0.00376814631297246,3.42946276506706   ,17.3206743519141   ,14.6372684781664   ,53005              ,mar                ,2010               
23.7769849790979   ,1.21435237542537   ,215.872422484496   ,-2.41642848712317  ,2.18908451393357   ,29.8223290289602   ,40.4698941684204   ,83.2792091935222   ,273.046589696414   ,284.0465971011     ,163.770061810111   ,0.00362329099632324,4.02906173669463   ,17.2932329164481   ,14.9426186481714   ,53023              ,mar                ,2010               
20.7858398838878   ,1.6270483426036    ,208.066887987564   ,-2.14865238631687  ,2.18153015388123   ,25.7069834672686   ,41.4980428840961   ,86.0880805751476   ,272.931170888294   ,284.315477878575   ,169.099755707715   ,0.00373069257661826,4.13473768901471   ,18.6549732795822   ,15.9162814251134   ,53013              ,mar                ,2010               
25.3723568119716   ,0.790704632555069  ,201.065677067347   ,-1.55663451057705  ,2.46388205880416   ,29.5952142538625   ,35.943314981248    ,86.5603441317939   ,274.28286751968    ,287.391613815952   ,165.139195446952   ,0.00390066024455919,3.9282024977653    ,17.866271897998    ,15.106289302962    ,53071              ,mar                ,2010               
26.5449358747234   ,0.845130987740151  ,229.008932021581   ,-2.19762413778372  ,2.30714521463938   ,35.0851167614162   ,39.6725531819009   ,79.9300154804313   ,273.624617660806   ,283.974877630763   ,164.700860365941   ,0.00355145293230918,4.37938581613027   ,15.4340441623856   ,13.7644518509118   ,53003              ,mar                ,2010               
35.2887054349106   ,0.809797000759411  ,193.098549559453   ,-2.87089840560375  ,3.48075826087195   ,42.7525590565862   ,33.1829825458287   ,73.1896134408229   ,276.368384811799   ,287.529342844673   ,223.168711072951   ,0.00385008264460198,4.60630470613371   ,14.0850260636449   ,11.5758383501572   ,53017              ,apr                ,2010               
19.7771048736186   ,1.86395082800503   ,184.346759636134   ,-2.41858555408234  ,3.06693837820215   ,28.0540989402821   ,39.3613378459076   ,82.1236637730004   ,275.102580182386   ,286.936920676188   ,202.764851656897   ,0.00421391358678564,4.8034192515724    ,17.8199533702151   ,14.2161921347528   ,53063              ,apr                ,2010               
36.4597968789007   ,0.560036503436819  ,188.735372822853   ,-2.52481935683599  ,3.78453893175145   ,43.7598384036007   ,29.3548193882763   ,75.8792045210862   ,276.969588867039   ,289.839333502045   ,226.684733641286   ,0.00397751292559   ,4.46789797648361   ,14.0626223139905   ,11.4765397056728   ,53025              ,apr                ,2010               
30.0919236708939   ,0.989765522734528  ,186.204252223923   ,-2.42290903707298  ,3.31959049419078   ,35.5913973542747   ,34.1520614444972   ,80.4838479881924   ,275.341205108327   ,287.867950857037   ,213.410987602119   ,0.00403573965435579,4.6177573103514    ,16.04846060699     ,13.0498908646826   ,53043              ,apr                ,2010               
27.6143557208771   ,0.985623710475499  ,182.72751456498    ,-2.1496451369557   ,3.51213795067929   ,37.2643445777347   ,31.3774531134903   ,79.984381155617    ,275.942079789272   ,289.33519894109    ,222.32805230178    ,0.00404302541669342,4.17914860867953   ,15.4363307226922   ,12.6579452931369   ,53001              ,apr                ,2010               
22.0296329350191   ,1.79554378384062   ,194.800455658068   ,-3.10438023903791  ,3.25109370942677   ,32.1090063264136   ,38.120794833763    ,79.9337287066591   ,275.723558660769   ,287.854917586981   ,209.316266801124   ,0.00424113144804997,4.84309350859885   ,16.3329549040327   ,13.5420373220631   ,53075              ,apr                ,2010               
34.1784403556432   ,0.64845341087306   ,197.41938643083    ,-1.7354671636453   ,3.7505270700577    ,41.9922611092298   ,30.5145642466423   ,79.2320862144079   ,277.273404822716   ,290.658959479699   ,227.742716724689   ,0.00423291682752255,4.2744250982847    ,14.2694818973541   ,11.9818742571122   ,53021              ,apr                ,2010               
40.0012191264587   ,0.450611064839804  ,200.377215387496   ,-1.78308081095159  ,3.79299728899783   ,44.319812023381    ,30.5746993010331   ,78.9369446272916   ,277.732172429914   ,290.496539106501   ,233.35631702092    ,0.00427208953731991,4.30747301043608   ,14.0489638564149   ,11.777630232636    ,53005              ,apr                ,2010               
24.4219031318127   ,1.92955908933549   ,208.510392848811   ,-2.89376985286334  ,3.1448855389596    ,32.1593073649436   ,41.3612852248593   ,77.5758541648186   ,275.743220153556   ,286.534177046434   ,210.361256048546   ,0.00424973464601791,5.08918280507714   ,16.487402932639    ,13.539588259071    ,53023              ,apr                ,2010               
19.7109874660432   ,2.30195729266121   ,196.267544185085   ,-2.49515027733581  ,3.11115124192329   ,27.1572124999023   ,42.3700057577296   ,79.3926273306003   ,275.735141196259   ,286.591251473152   ,211.507433024168   ,0.00431591325448046,5.18023157968571   ,18.1070785978494   ,14.3188843279401   ,53013              ,apr                ,2010               
29.0390852563749   ,1.17560421718631   ,200.700851513203   ,-2.16241998069978  ,3.56660140680104   ,35.9476305096453   ,36.0963513488046   ,80.0226607588895   ,277.272411774426   ,289.863396141652   ,216.92818869614    ,0.00448657548248132,4.85257788906253   ,15.6292407944273   ,12.9157337930467   ,53071              ,apr                ,2010               
31.2328562369892   ,1.31835022359688   ,222.764019182815   ,-2.77240618845842  ,3.29550640029049   ,38.5053262564388   ,39.3290101652308   ,75.3624527441614   ,276.002524308625   ,286.777766325642   ,207.426890062764   ,0.00416771971947489,5.51771677465624   ,14.4924843397164   ,12.4976761048728   ,53003              ,apr                ,2010               
31.2969504524631   ,1.65219038288924   ,227.729083643287   ,-2.87033464559433  ,4.10309566431342   ,47.7654105111751   ,33.6521393877767   ,74.9828973464495   ,278.452630192536   ,290.622319318265   ,265.798365483584   ,0.00466625553741185,3.60186075049995   ,12.2973647451372   ,11.3020918806701   ,53017              ,may                ,2010               
20.5994768102492   ,2.04862302422494   ,196.444978415231   ,-2.35438163484151  ,3.78519124499208   ,33.677315978095    ,37.7732213792035   ,82.1329561131224   ,276.736111315246   ,290.097125084356   ,252.57477101598    ,0.00489252759821725,3.90333218120549   ,16.0225429173041   ,13.1367156963534   ,53063              ,may                ,2010               
35.4392857988846   ,1.33266262346687   ,220.533090408676   ,-2.6007705518498   ,4.42474708060382   ,50.5344181032671   ,30.0801539963242   ,77.6088564494185   ,278.648986934287   ,292.631252458215   ,272.483153086574   ,0.00471693915867906,3.68866676359291   ,11.8896190267679   ,11.006303161989    ,53025              ,may                ,2010               
29.930230250892    ,1.79160522396158   ,209.171572750994   ,-2.64907199044785  ,3.96246488018706   ,41.8139880317878   ,34.5738362554535   ,85.4512856915399   ,276.699285428641   ,290.936767871812   ,266.381642894259   ,0.00487582099164949,3.71382675012858   ,13.8889018296002   ,12.5898196475685   ,53043              ,may                ,2010               
30.1315549391565   ,1.4449556224653    ,213.150243826247   ,-2.17062357139223  ,4.18896791559015   ,43.8181910465909   ,32.0605323514983   ,83.3223907984783   ,277.426314685644   ,292.124936517852   ,275.045302382854   ,0.00481385667485546,3.49898214771695   ,13.5617800157341   ,12.0512806250412   ,53001              ,may                ,2010               
22.5031885026212   ,1.55168744127625   ,214.584894590242   ,-3.07276621734395  ,3.95648549317861   ,36.2666512842196   ,37.7714125923866   ,80.118479870646    ,277.527605317494   ,290.647540219504   ,264.254041812035   ,0.00494478583686669,3.86460156259772   ,15.2172549960373   ,12.6900243721696   ,53075              ,may                ,2010               
31.2800509907176   ,1.18559309792161   ,217.301656309369   ,-1.7826051004422   ,4.42907898899343   ,46.3415098535807   ,31.4314198602814   ,78.5679414886399   ,279.330172907448   ,293.260885949525   ,277.211306617869   ,0.00495834326349596,3.54733492737964   ,12.8047410699925   ,11.4116969510284   ,53021              ,may                ,2010               
32.954562934443    ,1.0902811546686    ,223.30727348466    ,-1.8435215758641   ,4.4607580468545    ,48.0023295085242   ,31.3081865667455   ,77.2952926826514   ,279.96245994648    ,293.261391548147   ,273.621962380377   ,0.00498456836178428,3.60475886940364   ,12.4332870200609   ,11.2201747306546   ,53005              ,may                ,2010               
19.8844538524141   ,1.68423803105313   ,226.575238138849   ,-2.81786801800224  ,3.76799065884978   ,33.4133110657839   ,41.7157732524654   ,74.2091660905615   ,277.820584538131   ,288.712392970188   ,258.094827759364   ,0.00482117640916493,3.95839737895208   ,15.9522506331327   ,12.9029123728176   ,53023              ,may                ,2010               
18.6464112729081   ,2.08497123307413   ,223.125160597402   ,-2.31218776122438  ,3.68273889422517   ,29.88492508936     ,42.8789114914237   ,76.6805831678533   ,277.869987239106   ,288.873940028284   ,254.416269002462   ,0.00495577073811191,4.03804289155102   ,17.2025231552414   ,13.666065309483    ,53013              ,may                ,2010               
26.0283767476096   ,1.75516067687044   ,222.119689179067   ,-2.28100236014622  ,4.20150201226231   ,39.2830288932294   ,36.7028718283568   ,76.8482455802095   ,279.715028652268   ,292.319714617986   ,262.72395571917    ,0.00519898631163611,3.88459758968169   ,14.5317295334829   ,12.333346512197    ,53071              ,may                ,2010               
21.503864281369    ,1.57099350295502   ,237.474966561679   ,-2.86837860412551  ,3.96141843400564   ,37.8348657833932   ,39.1916013672292   ,70.2318636496993   ,278.182780819779   ,288.930805142526   ,254.146333491912   ,0.00463826526237631,4.37453947657834   ,14.4156120267508   ,11.9167895672993   ,53003              ,may                ,2010               
27.3632657698008   ,1.08637390010944   ,238.534463776368   ,-1.8601920714222   ,4.91656539711669   ,39.2523539253536   ,34.6895931094805   ,77.6443905137191   ,282.420433425561   ,295.26678518345    ,281.901911410103   ,0.00623753790459985,3.25401764154863   ,15.1664538343212   ,11.9794399547663   ,53017              ,jun                ,2010               
17.0860020025885   ,2.93496100360862   ,215.222288806919   ,-1.29097280383352  ,4.34914955761899   ,24.074667606576    ,43.4945986074276   ,84.3305779570142   ,281.179700473836   ,293.701217317436   ,265.33948510198    ,0.00680997425981862,3.56856475729107   ,19.362155791788    ,15.1147204193301   ,53063              ,jun                ,2010               
30.4441834881566   ,0.891904167787904  ,225.475129573727   ,-1.12798902722011  ,5.18933833421257   ,42.1608140699606   ,32.1544873138232   ,79.6452986588789   ,283.128897822797   ,297.187430254967   ,285.79234038056    ,0.00644051038988143,3.22269935582121   ,14.5658100483259   ,11.7637261043882   ,53025              ,jun                ,2010               
21.240344606398    ,1.49827778582449   ,220.674105804376   ,-1.54409585382223  ,4.48290061281139   ,29.6883670246592   ,39.7356805711866   ,89.2615022897531   ,281.035148357188   ,294.778466097666   ,273.209392952445   ,0.00687079656778041,3.31581721961166   ,17.6063068223739   ,14.5456974914174   ,53043              ,jun                ,2010               
25.1385855536292   ,1.03935117380034   ,210.472166851052   ,-0.717227902046361 ,4.85664612094106   ,35.4380180410806   ,35.1206902946647   ,87.4262442349249   ,281.833981419429   ,296.654514666159   ,281.683991088794   ,0.00675408730998105,3.11298880933463   ,16.1814349563894   ,13.3225880831224   ,53001              ,jun                ,2010               
19.2590156560412   ,1.84139745697025   ,220.495909984598   ,-2.46872875657736  ,4.55090912170036   ,29.0654694913602   ,41.8581000776852   ,85.7328347531487   ,281.630398731905   ,294.987383698108   ,271.049719978482   ,0.00695816290588575,3.46573278515479   ,17.5615379934872   ,14.335085344539    ,53075              ,jun                ,2010               
30.0035763033842   ,0.874765279279914  ,211.42702615002    ,-0.416573923940842 ,5.31399541448324   ,40.0548327769989   ,33.2559750885841   ,82.8888278359633   ,283.633215155968   ,297.972499225323   ,295.673565456684   ,0.00686121501303158,3.37006138570798   ,15.0834639730209   ,12.2473147564668   ,53021              ,jun                ,2010               
32.899019730867    ,0.775655967275044  ,222.121022306062   ,-0.506080357251318 ,5.53015187251027   ,42.7907235598893   ,32.1792727971218   ,80.8930798758181   ,284.124007504555   ,298.156060604419   ,303.056840530561   ,0.00677709341594762,3.56100430566178   ,14.4896819607041   ,11.7415335898098   ,53005              ,jun                ,2010               
19.8361842167303   ,2.19456697701876   ,231.512925160499   ,-2.24573038657259  ,4.5170938333616    ,30.7593325647508   ,43.5446144236294   ,76.7283472779868   ,282.151506364716   ,293.617321306628   ,271.647128267466   ,0.00666262481422366,3.46110147615397   ,17.1819034454985   ,13.3456654154736   ,53023              ,jun                ,2010               
20.0465759558619   ,2.36426549459227   ,217.347257670266   ,-1.39106528546798  ,4.50418328587713   ,27.8488653274393   ,44.3905925171538   ,79.7084081376826   ,282.108482355514   ,293.668732568232   ,272.336190256648   ,0.006812320299037  ,3.73160885956275   ,18.4701671538761   ,13.9212898133729   ,53013              ,jun                ,2010               
24.7432798688005   ,1.49485439898391   ,217.523168655915   ,-1.3144505660991   ,5.11524696858918   ,33.8667221795717   ,37.8656501974194   ,81.7244409555988   ,283.877378621916   ,297.113988046207   ,286.278481160399   ,0.00714662706922376,3.68506656302023   ,16.7271304735323   ,12.9580543307431   ,53071              ,jun                ,2010               
21.5923901091527   ,2.17046214967019   ,243.702670147287   ,-2.24845826814354  ,4.66603943791123   ,34.0557168115955   ,42.3251088095988   ,72.4482147834017   ,282.597373576292   ,293.724460076474   ,271.833421718291   ,0.00651963348511761,3.67903579751941   ,16.0908062786371   ,12.6486682875603   ,53003              ,jun                ,2010               
52.5994924517592   ,0.250402976445719  ,250.079832829363   ,-1.58916504631574  ,6.63131608978353   ,68.5528727686412   ,20.4345216334835   ,59.1085311117488   ,286.741183310879   ,302.854323191867   ,327.174277375008   ,0.00602383617493187,3.29465116445277   ,9.67624408186503   ,6.9850624305001    ,53017              ,jul                ,2010               
38.9308693842136   ,0.267812258346651  ,209.828978371779   ,-0.0711951010616113,5.95415514793475   ,50.1944058032372   ,26.1031994348835   ,75.5043515948668   ,283.311010697903   ,301.136591718599   ,312.633796230346   ,0.00670690025735388,3.33619907963847   ,13.5203470179048   ,9.46135663948803   ,53063              ,jul                ,2010               
52.3583459882809   ,0.16754691033521   ,234.757227874263   ,-0.644204786933827 ,6.78519995175858   ,69.3837520559772   ,19.6846625037918   ,62.4941794357259   ,286.754633089194   ,304.302876562402   ,329.57222484641    ,0.00615392133630412,3.17080819161425   ,9.4202148965938    ,7.08473623747279   ,53025              ,jul                ,2010               
44.1794730980958   ,0.150048991921801  ,225.191327884007   ,-1.07942398208991  ,6.24551056042418   ,57.5344911837139   ,22.3876332633168   ,74.1638019364116   ,284.02362199167    ,302.48388625355    ,319.599858621076   ,0.00641948167177729,3.20976543366859   ,11.839048734263    ,8.72437858038222   ,53043              ,jul                ,2010               
45.7847124503979   ,0.226287730964315  ,225.289438105344   ,-0.177228748421216 ,6.42481331680253   ,62.0483238871806   ,20.8930262224832   ,70.2180811180977   ,285.092348935986   ,303.894920832173   ,321.216010212424   ,0.00631593329185825,3.04763241474604   ,10.7846030038632   ,8.16649735173343   ,53001              ,jul                ,2010               
44.3569518019443   ,0.116667619026151  ,221.30511029842    ,-2.33583535521492  ,6.27877286322881   ,56.4765751646501   ,23.8236558628263   ,71.8269872841301   ,284.116870729855   ,302.351137965164   ,315.398976570723   ,0.00645596978506444,3.44054920778781   ,12.0326444373592   ,8.79084809386527   ,53075              ,jul                ,2010               
48.177751633902    ,0.157017990129378  ,227.280319503659   ,0.054939834935925  ,6.6801760222125    ,65.6276116498942   ,21.0307582644612   ,64.4881065155673   ,287.185328564514   ,304.617066539073   ,324.479895360298   ,0.00642828985155507,3.16902478195302   ,9.98152075831411   ,7.56480992710028   ,53021              ,jul                ,2010               
51.9936089392813   ,0.080435132570131  ,224.910634908626   ,-0.253891836271366 ,6.78063332297279   ,68.3098195922991   ,20.8580343780638   ,63.3604935460201   ,287.645241808905   ,304.757379000686   ,326.75836652234    ,0.00646571115162035,3.20252970895494   ,9.6194382215825    ,7.33051684981745   ,53005              ,jul                ,2010               
48.9061675485402   ,0.119468524032447  ,224.747437302996   ,-1.99206897758302  ,6.29217061805859   ,62.334844687639    ,24.3299662219907   ,56.3554565777069   ,286.017279736338   ,300.772836589259   ,314.486090696591   ,0.00597537667913192,3.53484321770317   ,10.9311675868706   ,7.38757254102382   ,53023              ,jul                ,2010               
47.9637427044124   ,0.164235491662169  ,218.855580259428   ,-0.846723179695364 ,6.2494351234494    ,59.6161619227312   ,25.8245976321139   ,59.5067818149927   ,285.927462456215   ,300.923578276181   ,313.913866026018   ,0.00627992876017807,3.59644978048632   ,11.5860522032146   ,7.8400588592068    ,53013              ,jul                ,2010               
47.1076824624426   ,0.116963867524552  ,215.853017551066   ,-1.06690615860791  ,6.64987940394969   ,62.6731138929682   ,22.6557255067633   ,62.9975258061619   ,287.365889630542   ,304.139242432857   ,316.187918470189   ,0.00656890001212956,3.42004415965787   ,10.6422681048133   ,7.63856137133382   ,53071              ,jul                ,2010               
51.7302391608238   ,0.119899211466542  ,231.405210674749   ,-2.04971276263541  ,6.52336547850215   ,65.0654722772432   ,23.2986705291403   ,52.0834631554963   ,286.634136626601   ,301.092470830599   ,314.010670691792   ,0.00581849958360141,3.73183684388918   ,10.3708145550512   ,6.96446066574122   ,53003              ,jul                ,2010               
53.4140552616609   ,0.202307060610643  ,212.546190970604   ,-1.49271575623231  ,5.52577054139874   ,69.1027844666751   ,23.7802462049199   ,65.759758085326    ,285.747725310051   ,300.839130321675   ,267.633595852279   ,0.00638677001790358,3.32594923305673   ,8.80678812800962   ,8.2838163350149    ,53017              ,aug                ,2010               
48.8868604230465   ,0.316849941059807  ,186.590176036538   ,-0.13792711520509  ,5.36734660556123   ,61.3800840298327   ,23.9047193270078   ,74.6022515359118   ,282.881522685736   ,300.220281531196   ,263.348649314553   ,0.00629206833944926,3.56339735306411   ,10.238939253299    ,9.46967994331063   ,53063              ,aug                ,2010               
55.6651938311818   ,0.0473922129684279 ,210.73903471743    ,-0.811704222124245 ,5.76128481155283   ,71.7044126774164   ,22.5055842488739   ,67.2872621636701   ,285.952557166441   ,302.374721036905   ,273.730380477676   ,0.00647818442573191,3.26912707813071   ,8.31169323764573   ,8.14463821417488   ,53025              ,aug                ,2010               
50.3434236278177   ,0.125787094817371  ,189.660320911892   ,-1.34526807677324  ,5.36708670842179   ,64.3937417081069   ,23.2249415866295   ,74.7463763127821   ,283.462112324555   ,300.908930302804   ,263.880227416903   ,0.00631375842033226,3.30720411178302   ,9.63888927926385   ,9.25546051064745   ,53043              ,aug                ,2010               
51.0466670203709   ,0.110059883245136  ,210.402963532181   ,-0.37094006549172  ,5.48336703411058   ,67.3754704910237   ,22.2627114647142   ,71.3141792946839   ,284.578775042185   ,302.236358969784   ,265.899759879845   ,0.00636340202304429,3.08696094211231   ,9.12892871608641   ,8.71238772923541   ,53001              ,aug                ,2010               
51.7276719884131   ,0.225891493335508  ,212.422410438409   ,-2.73751887026371  ,5.45489260721478   ,65.7901683795791   ,22.7476323437736   ,72.1629853729596   ,283.832616822679   ,301.337041585441   ,259.3248138891     ,0.00627078776325557,3.42359700972939   ,9.3970528193624    ,8.97089165461357   ,53075              ,aug                ,2010               
52.0930196856742   ,0.139379818087892  ,227.946170391279   ,-0.142793841891659 ,5.66112596074642   ,70.0131308406517   ,23.0890918473748   ,67.4307535072118   ,286.663520127668   ,302.984726414077   ,269.531130600922   ,0.00674073035116989,3.14294419081572   ,8.49953412784832   ,8.27824119776118   ,53021              ,aug                ,2010               
54.9480467494332   ,0.0989882067774135 ,232.570897769418   ,-0.492512751506601 ,5.74311355044765   ,71.9895938111298   ,23.0989371328596   ,66.7581438105351   ,287.034571276841   ,302.965558999548   ,270.989278958986   ,0.00675189199539744,3.223301552411     ,8.17427538460187   ,8.11288377148296   ,53005              ,aug                ,2010               
54.3218182884985   ,0.332734680860903  ,227.495285303326   ,-2.16466958351881  ,5.45600555249288   ,72.0927005743746   ,23.1130417291828   ,59.9700570462868   ,285.459835079241   ,299.784492861076   ,263.071338573311   ,0.00586651463359292,3.42069875094103   ,8.14618102927601   ,7.62476047220843   ,53023              ,aug                ,2010               
53.1062842499382   ,0.52554920136037   ,222.313722701426   ,-0.919697741693435 ,5.42146106350967   ,69.5932066453065   ,24.4453412882079   ,62.1017255810462   ,285.206363875768   ,299.551023689763   ,265.895352919427   ,0.00601772077596628,3.55749418420015   ,8.59355591729049   ,7.9956106048765    ,53013              ,aug                ,2010               
51.512428192901    ,0.26541663868533   ,223.227913449685   ,-1.30594540575171  ,5.69711098672835   ,69.6633119803228   ,23.4644690243991   ,65.7000730843673   ,286.73951421458    ,302.54831633329    ,265.023384318338   ,0.0066754110482036 ,3.3797677207534    ,8.43482519146529   ,8.13828587825924   ,53071              ,aug                ,2010               
53.7331861447019   ,0.343482990463665  ,234.783845814924   ,-2.35962342460008  ,5.63980496221636   ,72.7167818129189   ,22.5450840113667   ,58.3943456472833   ,285.84107130467    ,300.165092861678   ,264.287851035862   ,0.0058345499913975 ,3.54719978631287   ,7.88684770127367   ,7.441663904473     ,53003              ,aug                ,2010               
30.7528026587665   ,0.979266200221469  ,198.29094163339    ,-0.670309226896349 ,3.14885561871614   ,42.8257365813688   ,38.3348968094143   ,88.0354041172381   ,282.291348729986   ,295.164275293616   ,175.201032704013   ,0.00707349346514276,3.21734017671386   ,12.7784875466603   ,14.8730669593126   ,53017              ,sep                ,2010               
31.2378150124439   ,0.829549509800215  ,187.336155306202   ,-0.22452138417156  ,3.03952507346476   ,38.5307126529311   ,39.3402378120925   ,93.539049019857    ,279.896689238543   ,294.627966051962   ,173.191309560758   ,0.00700861676775387,3.62438053820271   ,13.8937893662651   ,16.0360545020215   ,53063              ,sep                ,2010               
33.3279778154502   ,0.633563495706419  ,189.694095229372   ,-0.554344026490664 ,3.37836628552619   ,46.3580067131303   ,36.0763070665577   ,88.8672570761495   ,282.704211104054   ,296.948698890216   ,182.954922332624   ,0.00725322457921159,3.25000315545754   ,11.9329820310684   ,14.4847675804101   ,53025              ,sep                ,2010               
31.8836005193427   ,0.655496401987916  ,187.987678808396   ,-1.22331799296907  ,3.13784078676357   ,40.9190623399466   ,37.5018354197391   ,92.3374609274246   ,280.540085688601   ,295.368979821399   ,175.997790022966   ,0.00696865214526138,3.43106758304314   ,13.3109382426065   ,15.5592337436873   ,53043              ,sep                ,2010               
30.3578988467839   ,0.65234370823129   ,182.823446467539   ,-0.294342386229417 ,3.24695843167269   ,43.1954150736389   ,35.9100493539484   ,90.834529837724    ,281.882724363369   ,296.917294789545   ,182.024626240188   ,0.00720003745992292,3.0226742581572    ,12.7057210162581   ,15.0591058871352   ,53001              ,sep                ,2010               
31.8551936549018   ,0.716063073388199  ,205.073610762306   ,-2.7246206500951   ,3.24335054960905   ,41.7513780129751   ,36.0919435093824   ,91.4579513676961   ,281.021392314836   ,296.372697484633   ,179.467967833874   ,0.00714456023330636,3.28333847831277   ,13.2060302075031   ,15.3337197614184   ,53075              ,sep                ,2010               
29.2329748046092   ,0.936430807780379  ,198.06677622293    ,0.351688833819189  ,3.29707042700205   ,42.7755038399574   ,38.3381009172782   ,89.3347824815603   ,283.798350873116   ,297.703809974866   ,187.108042706221   ,0.00787511131063534,2.94399395891489   ,12.7879510455254   ,15.0702426632857   ,53021              ,sep                ,2010               
31.9318364560016   ,0.954385095394769  ,195.060033608447   ,-0.117384821799133 ,3.3472770429986    ,44.9138942120814   ,38.3565104237205   ,88.1964933414196   ,284.083940053786   ,297.490113171459   ,191.486650831083   ,0.00783407588822756,2.98230649308105   ,12.4197936714989   ,14.6999014201719   ,53005              ,sep                ,2010               
33.2627847618198   ,0.578824851521354  ,230.193382044288   ,-2.17133125256531  ,3.34757663049806   ,47.6450859364022   ,35.7293842786588   ,81.9830616672587   ,282.81333196099    ,295.328567988236   ,186.827537565843   ,0.00683075298594241,3.17730623119613   ,11.7147596707749   ,13.3874951170098   ,53023              ,sep                ,2010               
30.2722284794686   ,0.804822235761421  ,211.982710888769   ,-0.882917858517191 ,3.24010687188536   ,43.0934448303769   ,37.8574176247415   ,85.0130577167291   ,282.481755393463   ,295.060980168687   ,185.875547152747   ,0.00702833486005768,3.3296604782603    ,12.774171999487    ,14.3865396933198   ,53013              ,sep                ,2010               
28.1423265963712   ,1.05435127872257   ,206.072813853678   ,-0.913529650200926 ,3.35240248664608   ,41.2648674152085   ,38.4512227931966   ,88.8242863828251   ,283.742048963428   ,297.527828193809   ,183.47985503344    ,0.00787052056634784,3.21295359092676   ,13.0804446335407   ,15.0874995466816   ,53071              ,sep                ,2010               
37.9437449067759   ,0.46890670910211   ,243.795929186304   ,-2.41554993420042  ,3.61493120789528   ,52.5449871777908   ,33.5813647783006   ,76.6427827598405   ,283.493219610432   ,295.601296703775   ,190.665843100443   ,0.00655933713535903,3.45096162541649   ,10.8025667748022   ,12.0733169242413   ,53003              ,sep                ,2010               
24.7017877895659   ,0.771232467253978  ,185.36847925324    ,0.304940633591254  ,1.66765540970656   ,33.4366424394871   ,42.2768781309739   ,87.6104711284327   ,277.269595949601   ,288.263564239574   ,112.25659851986    ,0.00508734939561635,2.89679697262454   ,15.7043317531609   ,15.8960460234638   ,53017              ,oct                ,2010               
15.5280771226506   ,2.24890375999217   ,183.46021518582    ,0.203310889210443  ,1.3743464766542    ,20.8583654415248   ,49.0512728402633   ,95.7286495968388   ,276.044859744694   ,287.614128737417   ,103.208385207207   ,0.00564156577485278,3.06825540797221   ,19.1116119897743   ,19.3659307292097   ,53063              ,oct                ,2010               
22.6127575987204   ,0.770621300704498  ,177.643256264584   ,0.24716219794979   ,1.7425196220246    ,32.1787611799166   ,40.2295768459907   ,89.9167609792094   ,277.521547355636   ,289.723026625452   ,113.048594992039   ,0.00523109894737201,2.90122146488199   ,15.918516072953    ,16.4084277083558   ,53025              ,oct                ,2010               
17.9952810739606   ,1.51195241274499   ,180.885781676713   ,-0.506900193765682 ,1.54907350969357   ,26.0668767980766   ,43.8339475021139   ,92.9209324243998   ,276.414815844119   ,288.374788211908   ,107.156384142894   ,0.00530483514618736,3.03291093821301   ,17.6416021884933   ,17.8921294663518   ,53043              ,oct                ,2010               
18.1681631734206   ,1.20124881411108   ,169.396783929973   ,0.539584777674192  ,1.62653759361272   ,28.0340690912056   ,41.3662216444092   ,91.137981623177    ,277.483108469734   ,289.719097798562   ,111.344764387556   ,0.00539085329722464,2.70744772019487   ,17.131644115991    ,17.1571400173712   ,53001              ,oct                ,2010               
16.16752635992     ,1.51445154230545   ,189.219015189068   ,-2.14832791423973  ,1.64492805418412   ,24.7898025464559   ,43.4616036461065   ,92.8164367458626   ,276.990943124036   ,289.388203949612   ,107.570768382092   ,0.00559118680914853,3.12405222109418   ,17.9376450179605   ,17.9461262093459   ,53075              ,oct                ,2010               
20.2794082878245   ,0.943314989209036  ,169.145141850844   ,1.58613443517078   ,1.71946668155658   ,28.4491953349291   ,42.4082241027586   ,90.0805531248561   ,278.988322497952   ,290.411245280756   ,114.181764811854   ,0.0057180314606735 ,2.81883667360612   ,17.1672553574773   ,16.8034799510729   ,53021              ,oct                ,2010               
21.1159153513427   ,0.829272512234102  ,168.68414821731    ,1.07272658897178   ,1.71775740739026   ,29.4796798952801   ,43.1785102071687   ,89.660422734892    ,278.93893831635    ,290.060102937148   ,117.56424095531    ,0.00566438071164723,2.77497668065718   ,16.8032786902591   ,16.6588723599899   ,53005              ,oct                ,2010               
18.1045027316106   ,1.63816169884946   ,202.929354743832   ,-1.79926412501691  ,1.77500103551695   ,30.6068281779617   ,42.5641359447884   ,84.3062282165576   ,278.419652175674   ,288.705122320763   ,112.723213982281   ,0.00540998773362903,3.1933589039788    ,16.0951896906138   ,15.9008457294281   ,53023              ,oct                ,2010               
17.186050703509    ,2.28526914424756   ,188.698767748219   ,-0.499308916943288 ,1.74620961585755   ,27.7100335553054   ,43.385110625905    ,84.7066066962927   ,278.349253925877   ,288.615845953244   ,114.980994150941   ,0.00542675650080396,3.38420110650007   ,17.2250310163042   ,16.3750715369289   ,53013              ,oct                ,2010               
18.1173340021829   ,1.60669862159005   ,178.585622925982   ,0.313273763491048  ,1.83597667342154   ,26.4630912189061   ,42.5087475752912   ,88.5114368250637   ,279.187562663881   ,290.41142996071    ,111.616212254086   ,0.00577069578818472,3.28287746873922   ,17.7501970515487   ,16.8677575455042   ,53071              ,oct                ,2010               
22.2156838750963   ,1.09214091453407   ,219.107037272317   ,-2.17697781933485  ,1.93816742596414   ,36.3208604996306   ,41.5543034649861   ,81.2498438718152   ,278.827385198433   ,288.446831020771   ,116.446903381905   ,0.00525545142651304,3.57594815020789   ,14.3131288379564   ,14.6274470265736   ,53003              ,oct                ,2010               
14.5883799556559   ,0.831888423212945  ,172.72479736113    ,0.304187583158032  ,0.631722008924838  ,16.174209903404    ,60.6839491767061   ,95.8781506441567   ,269.211198343035   ,277.024039779348   ,60.9202317568598   ,0.00349195068377854,3.01906314705635   ,19.980628755129    ,20.9401657000385   ,53017              ,nov                ,2010               
7.76851210939606   ,3.19290002346373   ,175.123306758305   ,0.801138522101542  ,0.513543352834775  ,5.72380995402574   ,67.6024752515428   ,98.3129938027054   ,269.640384636196   ,277.077316964409   ,56.3265732487888   ,0.00389710640677005,3.37239102811195   ,25.0756821739637   ,23.7099585822046   ,53063              ,nov                ,2010               
14.5376812004883   ,0.799586212569019  ,165.41814609768    ,0.514055088296928  ,0.646685729401628  ,15.2343771373339   ,63.3762574559664   ,97.4526732103625   ,269.591420109369   ,278.053962664747   ,62.3602420522119   ,0.00376495816181587,2.94117824025702   ,20.2243946113796   ,21.4640737098866   ,53025              ,nov                ,2010               
11.5746331143588   ,1.75448896543598   ,171.889963603959   ,0.373734770134512  ,0.523292504781327  ,10.1926054907788   ,65.6764356285405   ,98.3727552409388   ,269.163409435967   ,277.028898874312   ,60.9147469310412   ,0.00378982052293124,3.23040441133337   ,22.7261938699011   ,22.6813867971076   ,53043              ,nov                ,2010               
11.5987358629533   ,1.20982945913756   ,166.881756215143   ,0.910589541078197  ,0.587754922304053  ,12.5530838647677   ,64.1378473659869   ,98.1220813248424   ,270.13267475263    ,278.416502043716   ,61.9013577340098   ,0.0039470944167564 ,2.71918312387457   ,21.3728291373084   ,21.9757694067677   ,53001              ,nov                ,2010               
9.12403558281824   ,1.99342035195654   ,186.656791743891   ,-1.86011824237365  ,0.651609957532775  ,10.0205871972945   ,61.5871446038788   ,98.0108798606723   ,270.485119728836   ,279.038297752231   ,58.9886818721996   ,0.00403192680828529,3.37621048479454   ,22.6151114731583   ,22.2847133467805   ,53075              ,nov                ,2010               
11.5324267023114   ,1.04751738644205   ,178.710902453549   ,1.56072044685865   ,0.690299642604704  ,13.7089637622112   ,66.2028081972171   ,97.0053014207498   ,271.56079070458    ,279.48178993812    ,60.3312563490256   ,0.00419736601095885,2.90428189639862   ,20.4810841599489   ,21.6404947750385   ,53021              ,nov                ,2010               
12.6515861399486   ,0.978964053009416  ,176.226139262432   ,1.08482870721181   ,0.706557814294153  ,14.0360248569734   ,67.5607515970866   ,97.058544191289    ,271.510828697611   ,279.425750604513   ,63.8663162934004   ,0.00425786674318305,2.86869699746312   ,20.4365776176754   ,21.8776149147831   ,53005              ,nov                ,2010               
10.5661470382604   ,1.94243071220283   ,205.57514197624    ,-1.781144389713    ,0.750626640971249  ,13.9744160974157   ,59.4597175841006   ,95.0441590350607   ,271.074659105068   ,279.290521830999   ,59.8517740067982   ,0.00403681436709541,3.62714687721576   ,20.8264286550676   ,21.0535869053432   ,53023              ,nov                ,2010               
9.82139577141607   ,2.62126520841982   ,201.720405733398   ,-0.508670080604315 ,0.724833866055359  ,11.3235183508344   ,61.179154944295    ,95.8243109904451   ,270.821438936829   ,279.106473017987   ,62.5952810319098   ,0.00406624137961922,3.96428382437267   ,22.1221569254344   ,21.7517944044676   ,53013              ,nov                ,2010               
10.4904898818108   ,1.73160119957914   ,194.983588217332   ,0.537309153535502  ,0.776106669990533  ,11.8543282494256   ,64.3714513106721   ,96.4665091279399   ,271.879169397949   ,280.126680670844   ,58.2176010524677   ,0.00431513742478766,3.79326836121922   ,21.4906875615521   ,21.7321150447618   ,53071              ,nov                ,2010               
17.2617639205172   ,1.18258813880396   ,224.514134643258   ,-2.26039443650892  ,0.927757223093669  ,20.8184196571799   ,57.5443139839636   ,91.7667920258794   ,271.990174164041   ,279.440399819627   ,61.2788987449776   ,0.00393206624570104,4.20382245713777   ,18.3861196514464   ,19.3263611605568   ,53003              ,nov                ,2010               
7.90395880944003   ,1.54959519933423   ,152.832720827746   ,0.0290416761544957 ,0.298785151892419  ,7.16953263382771   ,70.4287656041168   ,92.6848698224447   ,268.274524614003   ,273.481870969651   ,50.2511231166226   ,0.00295987561356501,2.91379653086881   ,23.8381398781933   ,22.241592031412    ,53017              ,dec                ,2010               
5.19719042385482   ,2.63960158436662   ,149.373105497418   ,1.32943379871072   ,0.348647907804207  ,2.08803161832948   ,70.1591613035192   ,95.583523712622    ,268.313067854212   ,274.794084002061   ,50.3366074300223   ,0.00319409396874708,3.55633511508248   ,27.8874582874256   ,23.62769702865     ,53063              ,dec                ,2010               
8.41997033555939   ,1.35632721925587   ,140.02297350944    ,0.361499167075534  ,0.295197674139053  ,6.19224701642694   ,69.9145261465232   ,95.8755737045493   ,268.543471760956   ,274.72488842487    ,51.5900458690381   ,0.00316348878597165,3.0577133983864    ,24.5335313085664   ,23.1318565651965   ,53025              ,dec                ,2010               
6.76414052742098   ,1.62374474989956   ,144.100848745019   ,0.719429832948194  ,0.27417456121892   ,3.53207833042032   ,71.5821955235496   ,96.7980332780472   ,267.887637071754   ,274.143524512243   ,50.1751049624423   ,0.00314391334264227,3.34909599733049   ,26.3519530442753   ,23.7052606260957   ,53043              ,dec                ,2010               
7.87358682674801   ,1.65341537096284   ,149.240063052385   ,0.919191275580511  ,0.361909111358075  ,5.80122442835024   ,67.7834306879053   ,95.1045215675915   ,269.376330390063   ,275.620045491595   ,49.5505854794266   ,0.00326701691704415,2.82767392154409   ,25.0910678085648   ,22.690883881588    ,53001              ,dec                ,2010               
8.32420708346834   ,2.38839048486751   ,164.512073719576   ,-1.64738041771685  ,0.573804293365601  ,6.37673595954019   ,62.6481305407356   ,92.1458690248377   ,269.797879751168   ,276.699888083065   ,49.1852552857492   ,0.00328669101891437,3.70810200496281   ,25.3994107011533   ,21.6037915918687   ,53075              ,dec                ,2010               
7.90990127933331   ,1.74753496641413   ,189.02316855655    ,1.4879025763044    ,0.441767644199471  ,6.21776989064842   ,68.8810527424935   ,94.4727835171039   ,270.632560100066   ,276.598172376584   ,48.1048590153914   ,0.00346815451913967,2.87571499279676   ,24.7210903003888   ,22.6629483577533   ,53021              ,dec                ,2010               
8.66075621930335   ,1.85398364333891   ,173.29112090622    ,1.0784862436266    ,0.4168918547035    ,6.43637200126917   ,68.5372000470434   ,94.7371404378842   ,270.699597018992   ,276.670104199472   ,49.4432086980319   ,0.00353625088275035,2.65503634321384   ,24.8560388154062   ,22.8108481649816   ,53005              ,dec                ,2010               
9.63626624831995   ,3.17568195025026   ,183.629068859369   ,-1.90862066700175  ,0.762896313495919  ,9.09038554274187   ,58.4494559392672   ,87.0990595855081   ,270.788160130598   ,277.391104366073   ,51.2096897733384   ,0.00329144795646498,4.01163215747038   ,24.4758291388644   ,20.3067831556743   ,53023              ,dec                ,2010               
7.50702849139718   ,3.89701702688523   ,182.249774596246   ,-0.616034339835467 ,0.708881420599228  ,6.12264811048297   ,59.6892920066341   ,89.1832114434367   ,270.560920686039   ,277.044915148351   ,54.250253515593    ,0.00331230853653974,4.12097279339457   ,26.1932260135498   ,21.3612009174953   ,53013              ,dec                ,2010               
7.39078350285204   ,2.5671535373731    ,178.734873419028   ,0.546951163749445  ,0.625090236947708  ,5.49143150308196   ,65.1359131014444   ,92.7845360742998   ,271.039482997491   ,277.319954621436   ,48.9979301597368   ,0.0035037767857428 ,3.68320241336254   ,25.5668582285646   ,22.2631376722641   ,53071              ,dec                ,2010               
13.0616470079352   ,2.15431836187755   ,204.308464577482   ,-2.23368956551065  ,0.872414307354285  ,14.6834235220234   ,57.5457293587009   ,83.6919153983866   ,270.979326193408   ,277.282742506338   ,53.1144238495189   ,0.00318742518273857,4.65577471688426   ,21.8087855533962   ,18.7039407194096   ,53003              ,dec                ,2010               
