bi,pr,th,pdsi,pet,erc,rmin,rmax,tmmn,tmmx,srad,sph,vs,fm1000,fm100,countyfips,month,year
13.0580050504823   ,0.546303587547256  ,188.785280351588   ,-3.05751297715968  ,0.388877548121901  ,13.711017449944    ,63.7337036772963   ,90.6011586318212   ,266.236891705143   ,273.255174440981   ,73.9792549960686   ,0.00249085622670002,2.62572080151132   ,22.2197085973356   ,20.0210108048045   ,53017              ,jan                ,2009               
7.47013775900014   ,1.20787956776958   ,140.698663422986   ,-1.17046782685861  ,0.341972254734975  ,4.57844685085479   ,72.7106699920633   ,95.5565208601874   ,266.22471250311    ,273.208465058519   ,59.6184581605485   ,0.00279246386380196,3.14147732999234   ,27.5412834809684   ,22.7843331570648   ,53063              ,jan                ,2009               
12.4327573060171   ,0.498808166679478  ,166.891857847927   ,-3.07943762042477  ,0.40296552544212   ,11.8023194565654   ,66.573637388517    ,93.1685224655573   ,266.900276443689   ,273.933722655588   ,67.0245685977827   ,0.00265941727567071,2.61273863674539   ,22.8094629855301   ,20.9692600544889   ,53025              ,jan                ,2009               
8.98707169991433   ,0.664815554720983  ,134.447884840084   ,-2.48128533235313  ,0.317056356240699  ,6.23264553602462   ,71.9699346148965   ,96.4109055952806   ,265.613129013359   ,272.375305760805   ,62.0384062758879   ,0.00262582185756159,2.92961483380657   ,25.5354451828479   ,22.7416687221705   ,53043              ,jan                ,2009               
10.2838456191512   ,0.652688557887592  ,176.992416717922   ,-3.04821849660637  ,0.406617906025503  ,8.71461347619327   ,67.6193541792913   ,94.7813713464403   ,267.693797451322   ,274.668654844053   ,60.4430908033352   ,0.00289399694587213,2.45517153568702   ,24.4332439399865   ,21.6326395864793   ,53001              ,jan                ,2009               
8.15366506958744   ,1.55379200877823   ,175.240688493211   ,-0.469957998827392 ,0.516997251991303  ,6.30686785800503   ,64.7684195322692   ,92.7393524216248   ,268.367892712009   ,275.440868068167   ,58.5060587590198   ,0.00300140342852755,3.15137008244444   ,26.6568628720857   ,21.3060452613975   ,53075              ,jan                ,2009               
12.4915870750524   ,0.743263734443571  ,204.834775376936   ,-2.5769904251282   ,0.550910555221898  ,12.042333818344    ,66.4362159927785   ,90.0985670170181   ,269.601860955099   ,276.561644727835   ,58.8053114060433   ,0.00314568121037642,2.73653292834167   ,23.1396443172957   ,19.8475177490386   ,53021              ,jan                ,2009               
13.1128015581867   ,0.797774728493899  ,188.837673286188   ,-1.86387330446488  ,0.587136782316474  ,13.1847061946882   ,64.0090047381584   ,89.1219032762341   ,269.641431917328   ,276.756822267501   ,63.5575951252031   ,0.0031183319159792 ,2.63083556400248   ,22.8317218683312   ,19.5096479936692   ,53005              ,jan                ,2009               
8.94302242541243   ,2.16473080832276   ,200.974372732212   ,0.445758342804622  ,0.673056335835019  ,7.88735046004862   ,57.9281172405572   ,88.7702566638687   ,269.299971522226   ,276.960645305348   ,60.6771011409863   ,0.00308839418547992,3.46633575052662   ,26.842076459788    ,20.1034173952079   ,53023              ,jan                ,2009               
8.24160807663812   ,2.74379863164938   ,202.873180767306   ,-0.220810480454829 ,0.668434750252862  ,6.75072771299963   ,58.9575753923083   ,90.2050463169576   ,269.290589133986   ,276.80786628124    ,63.7803137561313   ,0.0031221013222269 ,3.84602288321212   ,27.6186845576797   ,20.6514554105887   ,53013              ,jan                ,2009               
10.9460223307745   ,1.37085998631133   ,203.456205437588   ,-1.7780854361369   ,0.681789371968801  ,9.25504833770373   ,63.2720497400467   ,90.9378275847516   ,270.157028634436   ,277.328252532743   ,58.3404191107441   ,0.00327832056290047,3.68553864249338   ,25.1403484567081   ,20.2818418230687   ,53071              ,jan                ,2009               
12.6607384162972   ,1.55689001344592   ,222.248510556078   ,0.116861366696311  ,0.785596244691511  ,11.8542784617421   ,55.9162706314942   ,87.0344414141758   ,269.57354147821    ,277.40920543738    ,64.1891094254471   ,0.00306754902792774,4.32333286394645   ,24.2864407361298   ,19.0948992693932   ,53003              ,jan                ,2009               
12.5444864584891   ,0.696098296798     ,134.768433703556   ,-3.32150926390748  ,0.672513760277742  ,15.5220000730784   ,61.0167639888063   ,97.1118220717438   ,268.632420470451   ,276.2593533542     ,105.99698105288    ,0.00310963952457678,2.34690954337097   ,20.7363194328664   ,20.4228898665058   ,53017              ,feb                ,2009               
9.2650037866237    ,1.48162499073969   ,143.464274227127   ,-1.42078462711525  ,0.686546032202539  ,9.85535550153241   ,63.1758151213811   ,97.1224401816046   ,268.864095773171   ,276.767302817487   ,92.8030994372217   ,0.0032976980226228 ,2.70944979132723   ,23.355897093254    ,21.2591350591033   ,53063              ,feb                ,2009               
12.68089187306     ,0.746353645788564  ,113.811284496995   ,-3.08193719612252  ,0.772635364280875  ,14.3158455923974   ,60.0607207677607   ,97.7498238444733   ,269.718656366069   ,277.966291435084   ,100.562022881522   ,0.00331534383906282,2.54178524405527   ,21.3924392167567   ,20.6954619456409   ,53025              ,feb                ,2009               
9.52212458043691   ,1.12540325832017   ,139.633586984414   ,-2.46932434333917  ,0.611162108031     ,9.2805815494202    ,66.0337397701863   ,99.2123862070473   ,268.225053575882   ,276.058153131006   ,96.0523786463511   ,0.00325366612582935,2.55755885640916   ,23.329159409204    ,21.9831998609171   ,53043              ,feb                ,2009               
10.8696556646736   ,1.09609448354206   ,115.796054638964   ,-3.00840859802541  ,0.792422382105363  ,12.5927947402318   ,59.0495485416261   ,97.8904316367744   ,270.279189701213   ,278.920121589939   ,94.4959439747264   ,0.00350008773508036,2.27112288168901   ,22.2093874361981   ,20.9415548775853   ,53001              ,feb                ,2009               
10.6084362400086   ,1.40417205670363   ,159.824312257847   ,-0.337726665761541 ,0.956423996217361  ,13.2759260964794   ,54.8838994827591   ,95.4975178357934   ,270.780172894903   ,279.891501214805   ,94.8366519948815   ,0.00356527664058865,2.82834997323882   ,22.1001459462302   ,19.9943402753557   ,53075              ,feb                ,2009               
11.9929841931999   ,0.923234053672506  ,151.291403750849   ,-2.47839732536903  ,0.85714535600209   ,14.3014278081092   ,59.5508645398276   ,97.8066172809391   ,271.369771663959   ,280.012434441703   ,97.9699609468271   ,0.00367692275437178,2.29892475118676   ,21.3835463861843   ,20.7384256554174   ,53021              ,feb                ,2009               
11.3928886733615   ,0.847983094002337  ,129.144093499022   ,-1.78517914535496  ,0.826708767698512  ,14.1881881340962   ,60.4825539417622   ,97.7904559507878   ,270.904027861452   ,279.525931147933   ,100.798512233483   ,0.0036548439222941 ,2.32908228824477   ,21.2215185553364   ,20.721611807433    ,53005              ,feb                ,2009               
11.3721766007561   ,1.62030394465316   ,179.681585222192   ,0.737418922578326  ,1.07593927181391   ,15.3621656035785   ,53.6583687461575   ,92.3730125867273   ,271.057219237063   ,280.048092775252   ,100.618398836892   ,0.00356060130398835,3.06364668122994   ,21.3026515089947   ,19.0831682144696   ,53023              ,feb                ,2009               
10.1701489870921   ,2.24969092973006   ,170.819427789818   ,-0.0661851716135185,0.995945707476219  ,13.5198993188264   ,55.6615924828072   ,93.4041824797329   ,270.862064421489   ,279.677215684593   ,106.606377150822   ,0.00357264395711439,2.92255123899156   ,22.0305887541846   ,19.6898504105092   ,53013              ,feb                ,2009               
10.7607668078887   ,1.33972826378439   ,155.384174704525   ,-1.72696307590257  ,0.897339605218996  ,13.0355530619755   ,59.9614082335318   ,96.8934707004711   ,271.43508536752    ,280.017951362778   ,97.1545679079116   ,0.0037411992510407 ,2.75823585940882   ,21.907500871521    ,20.6198562045823   ,53071              ,feb                ,2009               
16.5710279204911   ,0.82280320084311   ,201.888105489912   ,0.660973150419058  ,1.26143704904039   ,21.1677506909753   ,50.686497423522    ,89.255648539387    ,271.491977643917   ,280.533940793575   ,104.104188005171   ,0.00347536274350207,3.63852662575257   ,19.373914186599    ,17.4512971531487   ,53003              ,feb                ,2009               
20.591951390387    ,0.563985791727194  ,218.522382172198   ,-3.06797548402887  ,1.87145130430478   ,25.4020827752426   ,40.8736663020162   ,82.6724305382999   ,270.872341692339   ,280.11952471105    ,161.495176168537   ,0.00287835865268303,3.83487526812395   ,19.0948263652096   ,14.9402748289839   ,53017              ,mar                ,2009               
7.61737364158253   ,2.49543081917521   ,210.515529770315   ,-0.822131036560682 ,1.45159961591341   ,9.8754669471912    ,49.8191466235638   ,91.9597395635      ,269.849708593784   ,278.603430382842   ,138.622204109294   ,0.00318914108115636,4.02017080011245   ,23.8550861505261   ,19.1069363028246   ,53063              ,mar                ,2009               
20.7463407530111   ,0.668838565190751  ,211.735499001691   ,-2.58997340826346  ,2.06499184481855   ,24.7886895045164   ,37.8831317090282   ,85.1792408629971   ,271.750000151175   ,282.238708557284   ,159.552796687496   ,0.00304752651542247,3.90233142785308   ,19.3756994686789   ,15.1740401399552   ,53025              ,mar                ,2009               
13.3835216861762   ,1.20039935664131   ,212.23765171134    ,-1.90743202992916  ,1.67362309575531   ,16.4969729089627   ,45.3670867472343   ,89.4858804297912   ,270.333497837075   ,279.621536171476   ,153.553762065427   ,0.00307897432728653,3.91839545454914   ,21.7783668854191   ,17.2991701719052   ,53043              ,mar                ,2009               
15.4434846928392   ,1.47031731264445   ,203.566779598967   ,-2.18494123510782  ,1.8788810254124    ,19.2191946739969   ,40.8111595523502   ,87.8056139369055   ,271.552508313903   ,281.792218752099   ,153.918928346106   ,0.00321353288942721,3.69054448086714   ,21.0666524030462   ,16.5069580643595   ,53001              ,mar                ,2009               
8.5668739515502    ,2.98032132329903   ,214.885838239777   ,0.446528240882189  ,1.6880293022885    ,11.8528761423267   ,47.0774125823396   ,90.2014052687469   ,271.339656500626   ,280.543368114493   ,140.31453194316    ,0.00336768449173244,4.22553741643732   ,23.1232371806917   ,18.568414334907    ,53075              ,mar                ,2009               
16.8040487068772   ,1.4618353677456    ,207.391866075514   ,-1.73363128923453  ,2.08985978100199   ,20.6255186390344   ,38.9886390721532   ,87.5062091169523   ,273.017976511915   ,283.570540772242   ,153.520980276955   ,0.0034357338505202 ,3.93424943391945   ,20.5613266634882   ,16.3006206888715   ,53021              ,mar                ,2009               
17.7275893908141   ,1.0028965679026    ,208.923935195176   ,-1.03389048194274  ,2.09375499059485   ,20.5512183795954   ,39.8720949683214   ,90.2612848005169   ,272.887686599641   ,283.801200051188   ,154.82632401436    ,0.00352674594433554,4.00267013946399   ,20.5150562120908   ,16.7613587546927   ,53005              ,mar                ,2009               
5.99359685570644   ,4.73592369059936   ,230.960595948929   ,1.32745073313052   ,1.59180211601695   ,8.66562401869054   ,51.7416853903769   ,92.762940059227    ,271.017760505898   ,279.773091197945   ,143.209060813401   ,0.00349087576387274,4.50526628365762   ,24.1519790201143   ,20.019551324166    ,53023              ,mar                ,2009               
6.57578408422338   ,5.49144168430082   ,224.730286781016   ,0.884241695348401  ,1.65051639252187   ,7.78701973838137   ,51.3021147192743   ,92.9479384287812   ,271.11203861607    ,280.102165772371   ,149.724201411779   ,0.00352985920536352,4.89755196704029   ,25.0287481160447   ,20.2500507848888   ,53013              ,mar                ,2009               
11.7411159621139   ,2.79167178509048   ,218.794458195508   ,-0.990050506008269 ,2.00438729177114   ,14.7782695219663   ,43.3118264278089   ,89.2347075294517   ,273.052813054006   ,283.087195159568   ,143.673216913055   ,0.00361433237551819,4.716266583027     ,22.4929427900497   ,17.8424213763581   ,53071              ,mar                ,2009               
10.0405354377532   ,3.31671126173778   ,242.637030933615   ,1.10519714673433   ,1.67192391125994   ,14.2157833223171   ,50.6676588581679   ,91.8645017815669   ,271.166955195625   ,279.979931642062   ,142.588891727492   ,0.00347160750518487,4.9776615777211    ,21.5334818855521   ,18.9634459978108   ,53003              ,mar                ,2009               
34.9343535060946   ,0.218254675694406  ,200.28629330085    ,-3.23904721477711  ,3.49568976732063   ,46.8838384142462   ,29.747216626576    ,71.476508173467    ,275.585870697213   ,288.427263857284   ,228.921733097375   ,0.00352364725213429,3.5506741721086    ,13.3324464644597   ,10.4958226108808   ,53017              ,apr                ,2009               
21.0605994389743   ,1.15592447987851   ,172.898404138928   ,0.543896173959241  ,2.99313014504757   ,26.853626744709    ,37.6908575716956   ,80.2389829046217   ,273.95087165562    ,287.074987619819   ,207.430493336439   ,0.00387285346143597,3.55565589961068   ,19.4116950109495   ,13.6547159136972   ,53063              ,apr                ,2009               
33.8860035200652   ,0.234819713012655  ,196.762579835334   ,-2.55387542565228  ,3.61309711367963   ,45.1849324887152   ,28.2215004601325   ,75.8110191118565   ,275.981409340439   ,290.220661562699   ,229.096974347409   ,0.00368972382088102,3.3906352083869    ,13.9008032616285   ,11.0496016110246   ,53025              ,apr                ,2009               
25.3520101109365   ,0.609165752632877  ,183.750465580409   ,-1.35634384906051  ,3.1728584913242    ,33.9514439100677   ,33.4475374842411   ,81.3762220344756   ,274.031519268464   ,288.003994039628   ,217.950697414668   ,0.00374562493881082,3.3827510156419    ,16.9161997476455   ,12.9416946482829   ,53043              ,apr                ,2009               
24.8265267879966   ,0.654089393171392  ,197.683389207234   ,-1.21629437277629  ,3.34092533670956   ,35.3021597484235   ,31.0785980398584   ,81.6373725186105   ,274.867223389488   ,289.637487169209   ,228.254973396804   ,0.00382112812996044,3.02823606574091   ,16.5198828162983   ,12.7863254991621   ,53001              ,apr                ,2009               
19.4816103708207   ,1.337055154872     ,205.044141736666   ,2.21693023562431   ,3.16612538179229   ,25.9941122812594   ,36.8470697983386   ,81.2400010479198   ,274.828016115675   ,288.330169842888   ,216.482861831665   ,0.0040460493147428 ,3.44925375904289   ,19.6553817827935   ,13.8012158867705   ,53075              ,apr                ,2009               
26.6664541379346   ,0.486943470421128  ,211.663526958589   ,-0.60567949620577  ,3.54842402412341   ,37.383179731369    ,30.6984376766743   ,79.9140652871743   ,276.52539162269    ,291.00019924066    ,232.245357347146   ,0.00405639584874734,3.14787624800817   ,15.9645211477769   ,12.2226267144008   ,53021              ,apr                ,2009               
28.400351226001    ,0.292969999166621  ,209.441491207919   ,-0.248198665399403 ,3.61014846305875   ,38.778352635852    ,30.0932333420484   ,81.2241526528458   ,276.494402946758   ,291.104610652284   ,235.866202789698   ,0.00407697539848893,3.3104870453036    ,15.5426438587892   ,12.1598739146481   ,53005              ,apr                ,2009               
16.9275422969646   ,1.85891887002835   ,231.484050946206   ,2.99338481909987   ,3.03307293816383   ,22.3632721214603   ,41.5323822203137   ,79.2208435876029   ,275.196411840466   ,286.984690904321   ,212.669801566714   ,0.00418520177869747,3.7085022015848    ,20.9531478453374   ,14.1222987825579   ,53023              ,apr                ,2009               
16.8512620636454   ,2.12654671578377   ,226.376853112026   ,2.62798295158366   ,3.06628183312649   ,21.7873929651197   ,41.3899508889017   ,78.8601812332712   ,275.227595144541   ,287.228038277884   ,214.39395851548    ,0.00417967046008414,3.76981619766037   ,21.5016451633413   ,14.1792096287792   ,53013              ,apr                ,2009               
24.1305626857198   ,1.07335051778997   ,220.08841120826    ,0.749542164770245  ,3.49358145478295   ,31.188195036389    ,35.1705880299493   ,78.772515042106    ,276.745091086287   ,290.447430779682   ,221.359874407967   ,0.0042830803180757 ,3.66674276787414   ,18.1984099005619   ,12.837268175213    ,53071              ,apr                ,2009               
21.5532607309856   ,1.30489950455689   ,237.442793762365   ,2.46630084978693   ,3.14898510024205   ,27.0340292488082   ,40.6902808558332   ,77.5871894650796   ,275.584828598134   ,287.153731152611   ,207.685633212458   ,0.0041773207422228 ,4.15948593464211   ,19.1046789849182   ,13.4439283577485   ,53003              ,apr                ,2009               
39.8172729805582   ,0.608101106915808  ,219.607401988319   ,-3.45812395223067  ,5.244346187401     ,53.8324277870511   ,25.4851907758379   ,66.5756306540872   ,280.158960646064   ,294.556544256214   ,304.386595355605   ,0.00447286629696124,3.83621354667366   ,11.7839458151886   ,9.65780827680076   ,53017              ,may                ,2009               
27.1189048989896   ,1.05803725721848   ,197.103520580104   ,0.71056418383745   ,4.70494617931001   ,39.8511425718301   ,31.1289477396484   ,74.8044117631042   ,278.302325617789   ,293.612655228219   ,290.39982359619    ,0.00497026177339514,3.89807598996903   ,15.0462483194648   ,11.4946979828378   ,53063              ,may                ,2009               
40.9486582728164   ,0.392511409071528  ,209.751848768075   ,-2.64098554531806  ,5.48868846645148   ,54.0997448207115   ,23.8127132230065   ,69.3760936429086   ,280.664828712215   ,296.571271992309   ,312.528478283755   ,0.00465660382190111,3.66919754866392   ,11.9203984227152   ,9.77737672178364   ,53025              ,may                ,2009               
32.1700218170385   ,0.770015228873258  ,199.782488328832   ,-1.06596094602228  ,4.9437015289724    ,43.6926814534573   ,27.4754864106563   ,76.2940256766501   ,278.369043513363   ,294.550743253982   ,301.669912257346   ,0.00478998712632257,3.75263203271992   ,14.2802077319167   ,11.3103516956282   ,53043              ,may                ,2009               
30.8547210493007   ,0.667716783398494  ,200.889060513272   ,-0.656860867111366 ,5.15330870717431   ,44.214848313868    ,26.295618965529    ,75.0530443640202   ,279.459183946534   ,296.101546760275   ,312.800458383952   ,0.00488950802872464,3.30478553940997   ,14.2815641164229   ,11.1075405142137   ,53001              ,may                ,2009               
22.6538937307201   ,1.28139552037195   ,199.709110263172   ,2.80483616319357   ,4.91688263485961   ,36.3943330463648   ,31.6603644293581   ,74.1089677349576   ,279.358811897987   ,294.791609897795   ,302.729769859821   ,0.00521107822425126,3.6316321698538    ,16.1423188339103   ,11.8492661025719   ,53075              ,may                ,2009               
31.3135067811467   ,0.558176313593947  ,199.061284954122   ,-0.0804848383634518,5.40942930746315   ,45.8039987166525   ,26.7176918693571   ,73.305553959262    ,281.347814028908   ,297.385454599082   ,318.108721073804   ,0.00519080087577199,3.29145825452012   ,13.7963754823131   ,10.8724346503431   ,53021              ,may                ,2009               
33.9514456851005   ,0.546589867914237  ,197.389077370321   ,-0.133476767345484 ,5.46015159559059   ,46.7703814348161   ,26.5134526156906   ,74.4877229613369   ,281.638552529367   ,297.538887236541   ,319.990237894803   ,0.00526356269465644,3.33836117170653   ,13.6444647491467   ,10.9881526472278   ,53005              ,may                ,2009               
21.1128698518598   ,1.39011411512604   ,214.756326139248   ,3.48370514128272   ,4.6894384176166    ,33.4531583966102   ,37.0954950631107   ,71.1645210088792   ,280.069529342881   ,293.055932441089   ,297.412184377253   ,0.00540526533082122,3.68022804639068   ,17.0599094231127   ,12.2536019926868   ,53023              ,may                ,2009               
20.9180317898953   ,1.65207380359828   ,205.338452136571   ,2.98233335492499   ,4.672391461714     ,31.6657601931453   ,37.5958027048019   ,72.7473283058041   ,280.111003226957   ,293.270136416512   ,296.072267184123   ,0.00546229454829346,3.80288418435885   ,17.7426163362221   ,12.7188032623321   ,53013              ,may                ,2009               
25.6478358197272   ,1.03170146456649   ,198.116521271824   ,1.41181285368395   ,5.20696877420277   ,38.9832977029929   ,31.5334172106277   ,72.8477287567603   ,281.626504229274   ,296.68619684419    ,305.011693144607   ,0.00555748641422546,3.64640315573046   ,15.509066093759    ,11.7142899433459   ,53071              ,may                ,2009               
26.0757899991567   ,1.11705751012996   ,223.070043852533   ,2.76559959884978   ,4.86122459284075   ,38.4023919693857   ,34.9542189991724   ,68.2409735127901   ,280.43354757842    ,293.38307479165    ,292.660950928597   ,0.00532060320841507,4.06266358203542   ,15.5760779275259   ,11.3616991543843   ,53003              ,may                ,2009               
46.4920856705048   ,0.336691760557628  ,214.975916100942   ,-4.03257648289364  ,6.17121185236757   ,65.8292036712866   ,24.8637189801277   ,62.7232337590069   ,284.066184834414   ,298.441196099596   ,337.497529909146   ,0.0056112189868194 ,3.2887356079412    ,9.11949336350982   ,7.96474949426728   ,53017              ,jun                ,2009               
30.9194350965782   ,0.982936154019084  ,179.979376409354   ,-0.0538715603700042,5.21735998919911   ,47.8149969284537   ,33.5679605659864   ,74.1836091773005   ,281.510079937503   ,296.787861495709   ,299.847354330045   ,0.00624151429101983,3.21794338954618   ,12.346886182242    ,10.8386834891492   ,53063              ,jun                ,2009               
46.5592330532265   ,0.256497182679124  ,203.38129490227    ,-3.05562935171037  ,6.44069799672242   ,65.6982229719795   ,24.7676166775312   ,65.0110482007247   ,284.938966897782   ,299.993841430924   ,346.767706442489   ,0.00595088578606822,3.22573618429198   ,9.18047877598797   ,8.09067612606748   ,53025              ,jun                ,2009               
33.2932489907523   ,0.542528742885509  ,182.257907975583   ,-1.48929999110807  ,5.62319112755329   ,51.7983301531443   ,29.3241730545851   ,76.9526894744655   ,281.995380874427   ,297.901392587254   ,322.718489563911   ,0.00617515479998742,3.12477608035743   ,11.5285441388758   ,10.351312647268    ,53043              ,jun                ,2009               
37.0555389297575   ,0.380026100854164  ,186.962463497626   ,-0.960912080639982 ,5.92109637443748   ,55.109954188182    ,27.7864170918834   ,75.4273795573281   ,283.042914539763   ,299.326363699985   ,336.030849576292   ,0.00630629773774525,2.98736096407361   ,11.1047179133298   ,9.81340602068186   ,53001              ,jun                ,2009               
27.9699614270091   ,0.867682417254238  ,189.144320837307   ,2.61222715679921   ,5.4039097347914    ,45.5295155698739   ,33.9346398057377   ,76.4927606362735   ,282.398766313141   ,297.714689214968   ,311.897907056621   ,0.00662850344974511,3.15054805169386   ,12.8915914669785   ,11.1188774544772   ,53075              ,jun                ,2009               
41.2749092389617   ,0.308827712997221  ,188.411161752038   ,-0.528234979281059 ,6.26638136707819   ,59.5095092519124   ,27.3196606178773   ,70.3217372397887   ,285.184683806591   ,300.342588422726   ,345.099074345124   ,0.00651085550314747,3.09186182507338   ,10.3793608385477   ,9.047849079829     ,53021              ,jun                ,2009               
43.8139202213867   ,0.253094912440511  ,207.170960203607   ,-0.876758745583087 ,6.48226019061764   ,61.3934197134285   ,26.2746597072312   ,69.2207815542729   ,285.845665321124   ,300.774520208897   ,349.044367026154   ,0.00653948292449159,3.27357960849177   ,10.0832038716687   ,8.73966067975324   ,53005              ,jun                ,2009               
25.5236641179282   ,1.11270452418112   ,210.846131741285   ,3.27262444315983   ,5.10802083082081   ,42.7366294801605   ,38.8325259668733   ,70.7772711653147   ,283.062438042366   ,295.706391233835   ,305.227089097238   ,0.00665147549479498,3.08243519669981   ,13.490015209585    ,11.2758060619698   ,53023              ,jun                ,2009               
24.8105915862726   ,1.20850913467806   ,198.083405469496   ,2.6699144644679    ,5.16604011075451   ,41.0426169224018   ,38.70564159856     ,72.1504625739852   ,283.151318314105   ,295.871402084058   ,307.090284577881   ,0.00670324248273127,3.25821185473476   ,14.053374597373    ,11.5653690207483   ,53013              ,jun                ,2009               
32.4785778751226   ,0.766338553040372  ,198.253997063233   ,1.01122019090627   ,5.91788239139852   ,49.8985290608755   ,31.5251458365743   ,71.379019750683    ,285.141666005039   ,299.48540348787    ,325.195442896484   ,0.00683804936684936,3.26034221300265   ,12.1855814436264   ,10.2615303060873   ,53071              ,jun                ,2009               
27.5401037825358   ,1.14692960840507   ,236.094380241705   ,2.25619976310436   ,5.14093229692348   ,44.9953474555282   ,38.2174166361491   ,69.0836340976168   ,283.288957322021   ,295.933277128271   ,297.90860278647    ,0.00668435663063025,3.23130814520112   ,12.8280221333469   ,10.9912403573085   ,53003              ,jun                ,2009               
52.7007214979383   ,0.209455249488869  ,201.995380098167   ,-4.26631613872336  ,6.79547256074276   ,75.973326357082    ,19.4981029928586   ,55.9106346224403   ,288.556611476613   ,304.458819457753   ,321.431317214561   ,0.00644281562526255,2.99797123408859   ,7.68758629697394   ,6.76252255472097   ,53017              ,jul                ,2009               
38.8370650649399   ,0.658225822364282  ,157.563009809245   ,-0.833888826103927 ,6.23525281901079   ,57.8639698266071   ,23.8171765583381   ,68.8415250833367   ,285.924830782588   ,303.295585808117   ,305.217775594885   ,0.00718099795504148,3.01064351671221   ,11.0180032383941   ,8.86700242598251   ,53063              ,jul                ,2009               
56.9835848803259   ,0.112564964855163  ,194.685560535823   ,-3.28989397774812  ,7.10135988030026   ,77.0609859249013   ,19.363161437416    ,57.790534806447    ,288.927168634496   ,306.111386737755   ,326.741709216105   ,0.00671588288429231,3.08686482090148   ,7.64794689065029   ,6.87424772310322   ,53025              ,jul                ,2009               
43.6945802241114   ,0.387659157626976  ,172.560967118405   ,-1.84325187515198  ,6.4859108597405    ,64.3613843950886   ,20.683403315872    ,66.8508399270572   ,286.57480120602    ,304.365938339803   ,312.772010983546   ,0.00682920248049645,2.93447006297576   ,9.78929540831806   ,8.22126307473905   ,53043              ,jul                ,2009               
46.9268125552474   ,0.219602020406254  ,184.774959136676   ,-1.38975965745575  ,6.72275337177721   ,68.8072915319176   ,19.6959605352287   ,64.083780249823    ,287.235594955629   ,306.017250352277   ,318.53057221655    ,0.00679311339593394,2.87681802642556   ,9.00365549119346   ,7.73013387370742   ,53001              ,jul                ,2009               
38.6980303278584   ,0.665328218315991  ,182.931810562963   ,2.37605541781933   ,6.4616942072729    ,57.8122746414387   ,22.4682377700154   ,69.6853297040675   ,285.992083428689   ,304.795745148921   ,311.860232432183   ,0.0071854211976734 ,2.99324716930824   ,11.119516038768    ,9.0383598647941    ,53075              ,jul                ,2009               
50.3388837832297   ,0.118812486600528  ,199.585451398697   ,-0.930206831124349 ,6.96336297971143   ,71.4994989518196   ,20.721511200344    ,61.1051264573563   ,288.837471826142   ,306.869625619742   ,325.315042803364   ,0.00706077300540169,2.98930318652844   ,8.50073115097974   ,7.48479000516328   ,53021              ,jul                ,2009               
55.8706933732893   ,0.0443193308581012 ,207.752193932297   ,-1.42491176646548  ,7.182419905364     ,74.090082216636    ,20.6236452828793   ,60.7133924261626   ,289.229471751674   ,307.092690101037   ,329.740805210697   ,0.00708899724095104,3.18565072970528   ,8.17350363722283   ,7.30821225583542   ,53005              ,jul                ,2009               
39.3177377024006   ,0.703198217255597  ,200.187126866086   ,3.11927615596641   ,6.36273434288252   ,59.5859432333195   ,22.9931805941605   ,57.8117518865424   ,287.252312148317   ,302.991872644931   ,313.041243351191   ,0.00663878390681393,2.96804957148833   ,10.9936004266833   ,8.04708176627949   ,53023              ,jul                ,2009               
42.7031862448122   ,0.393121422085835  ,200.425302822915   ,2.39021672210924   ,6.46565550989526   ,62.3666579061778   ,22.7669715133999   ,56.3399998712048   ,287.57847446776    ,303.228797679373   ,313.342930622871   ,0.00652350607351553,3.1530691037718    ,10.5497434725936   ,7.66693322172521   ,53013              ,jul                ,2009               
48.8651864452494   ,0.166166284685056  ,201.033615600022   ,0.627312243247258  ,6.93467480092733   ,68.5375805391341   ,21.0348925594267   ,58.7328276815547   ,289.006566509624   ,306.541588607936   ,316.708705817062   ,0.00695679835668515,3.14111892219732   ,9.24305257577143   ,7.40783416809074   ,53071              ,jul                ,2009               
40.3267152702733   ,0.797390918015613  ,208.181151283975   ,1.85344382412924   ,6.46972936856373   ,60.8140586498684   ,22.6378860812707   ,55.9741968496676   ,287.504330805057   ,303.249174401427   ,313.281984960216   ,0.00665717929969418,3.0245966700798    ,10.7502990622843   ,7.81511769380069   ,53003              ,jul                ,2009               
57.9847718321789   ,0.0809103669393825 ,237.853141016363   ,-4.1454739610247   ,5.77711142101409   ,75.3473476321684   ,21.5817896260478   ,60.2497218959322   ,286.846416871741   ,302.143446112745   ,265.257971416421   ,0.00644838401721859,3.40759252598572   ,7.61767783116055   ,7.52941351319985   ,53017              ,aug                ,2009               
36.0715818603638   ,0.709912420666963  ,217.516047007653   ,-0.842041878269376 ,5.3477279881611    ,53.5895854543384   ,25.4857510224384   ,74.2752277315545   ,284.922918076398   ,301.222301591996   ,263.907604742289   ,0.00714616398520184,3.3639834826221    ,11.3031101512469   ,10.4860712386239   ,53063              ,aug                ,2009               
55.4349925961636   ,0.0809594247681957 ,236.319481627734   ,-3.26286383980226  ,5.85504021472777   ,72.4474043757551   ,22.4660007057869   ,64.4478175585693   ,287.013069308056   ,303.350976008911   ,272.414097710306   ,0.00682329288478421,3.27514098083494   ,8.02390983161368   ,8.2564053454756    ,53025              ,aug                ,2009               
43.9590683219231   ,0.321652079828067  ,224.335638217869   ,-1.78853334622812  ,5.5554432203757    ,61.5626619344716   ,22.8576586625163   ,71.4386494842337   ,285.01510375065    ,302.033084435609   ,265.637453421516   ,0.00674927219176611,3.32042494828087   ,9.87426735987903   ,9.48053239177305   ,53043              ,aug                ,2009               
47.2163245006736   ,0.222544795573818  ,230.599208779075   ,-1.3876868520504   ,5.61462906253394   ,65.6253662343849   ,22.5914667347948   ,69.0909133455055   ,285.835591987647   ,303.234270195433   ,269.395694895211   ,0.00680881988315964,3.07991734032204   ,9.20594235971241   ,9.1015247775486    ,53001              ,aug                ,2009               
40.4695710941135   ,0.789142074913804  ,236.84649950773    ,2.62292212261727   ,5.52368117273646   ,56.746310835518    ,24.4167266470024   ,71.6530307200828   ,285.729938720471   ,302.369019868044   ,261.235725386328   ,0.00713054731638441,3.37531526407209   ,10.9041171756506   ,9.98618348031162   ,53075              ,aug                ,2009               
50.1938481101773   ,0.155822272178146  ,235.184767598609   ,-1.00887247529478  ,5.73111332859058   ,67.940347731143    ,24.3096760687106   ,66.3196118648236   ,287.746321571672   ,303.918532511141   ,273.800890891783   ,0.00732756118450739,3.15289136675688   ,8.76391373970372   ,8.84574944665355   ,53021              ,aug                ,2009               
52.3520789799628   ,0.118278501819841  ,243.63106512533    ,-1.50800887543774  ,5.84170416865009   ,69.6823968665248   ,23.8016932452537   ,65.90179485127     ,288.062257389914   ,304.108713919299   ,276.005522402308   ,0.00729673085037178,3.25387562685373   ,8.4734209850786    ,8.6689944510743    ,53005              ,aug                ,2009               
39.0960435277173   ,1.14851948745404   ,247.364944308202   ,3.4167004148042    ,5.37852007030031   ,57.2967051225348   ,26.0237407019372   ,65.9636575782545   ,286.357110364574   ,300.619892008007   ,263.321164986624   ,0.0069095113126595 ,3.39275497021357   ,10.6227174501719   ,9.6978424438086    ,53023              ,aug                ,2009               
43.3237510576067   ,1.06474966107742   ,234.383149031025   ,2.53460507388722   ,5.45198974861444   ,60.0269440958738   ,25.7458704672357   ,64.4724844732995   ,286.416495997244   ,300.564904206348   ,267.791753909693   ,0.00678071690567739,3.53855088155347   ,10.2270263678479   ,9.43578530267935   ,53013              ,aug                ,2009               
47.4953255954846   ,0.674069594633867  ,236.71915480802    ,0.712963664081442  ,5.73741691532393   ,64.4945658194309   ,24.7532507172101   ,65.19624986506     ,287.944040153898   ,303.379055492402   ,269.715650514952   ,0.00729277095028463,3.36994332802005   ,9.41879366852935   ,9.09857198875031   ,53071              ,aug                ,2009               
37.6125790063445   ,1.49493428568367   ,254.32623501556    ,2.34568149652649   ,5.43644261289996   ,55.5892843210981   ,26.4826086272008   ,66.1316981177513   ,286.653412303561   ,300.811422575719   ,262.586762378209   ,0.00708615654941989,3.44685882699049   ,10.8740853244399   ,9.98105854922978   ,53003              ,aug                ,2009               
44.6749755620953   ,0.271865362238879  ,207.873886645606   ,-3.86721816067211  ,3.89524677307458   ,60.5335282533959   ,26.0308692245363   ,72.4705138909956   ,281.974316964231   ,297.002993708608   ,193.522079213803   ,0.00530170438435056,3.36634541293681   ,9.6542075250348    ,10.5186559065761   ,53017              ,sep                ,2009               
40.4974869162697   ,0.364293586334408  ,192.268261383273   ,-0.876553607243753 ,3.96409243631508   ,52.431297934164    ,25.6622003607475   ,77.7540526551437   ,280.395361798102   ,297.225157998809   ,193.829758598691   ,0.00538417530701833,3.57785009521361   ,11.5991518546262   ,11.4351365449822   ,53063              ,sep                ,2009               
45.668359396182    ,0.207123992542607  ,199.836968606038   ,-3.04724435027891  ,4.08284161038547   ,60.8850818603813   ,25.0497852701156   ,73.0253172074201   ,282.194060298308   ,298.578068317458   ,200.669850847243   ,0.00544935819959083,3.27264097358017   ,9.7456544236393    ,10.4767862393317   ,53025              ,sep                ,2009               
40.9113172616171   ,0.282837593048076  ,196.445849179947   ,-1.72065115105672  ,3.99084578591296   ,55.5948347434603   ,24.0897583402332   ,77.0862790965806   ,280.598188392075   ,297.833189456427   ,194.560132438641   ,0.00521898615370707,3.36537876695323   ,10.7977390963783   ,11.1347123009113   ,53043              ,sep                ,2009               
43.599452180171    ,0.215310335757768  ,192.883958405951   ,-1.36839486048544  ,4.00159576856874   ,59.3065069315199   ,23.8971065134123   ,74.1375197602776   ,281.555042914652   ,298.884206520817   ,199.642360916065   ,0.00536170599446432,3.05632326203294   ,10.1900333899595   ,10.5462677706962   ,53001              ,sep                ,2009               
43.6952178880387   ,0.219292426246638  ,201.575965655963   ,2.33529770397965   ,4.18996779306262   ,56.7152304590263   ,23.6162558848811   ,74.6620941735062   ,281.36194613827    ,298.658603372013   ,196.392247155283   ,0.00538386035807358,3.52673903280146   ,10.8351895573186   ,10.6353018146216   ,53075              ,sep                ,2009               
44.3941332559097   ,0.191228695498445  ,208.573369060741   ,-1.07979267614488  ,4.02468138245436   ,59.3864459820283   ,26.2563648628577   ,74.0288934712532   ,282.655401760003   ,299.320781539526   ,204.806093778366   ,0.00586458890051103,3.09842063014324   ,10.0917066462223   ,10.7042426040234   ,53021              ,sep                ,2009               
44.996461142658    ,0.142492937472974  ,220.70825593969    ,-1.54566397663404  ,4.02082881896924   ,58.7914207402066   ,26.8450193593253   ,75.6765125308516   ,282.632979537091   ,299.022538906301   ,207.660559595172   ,0.00591631394687441,3.18515074408854   ,10.1561893373316   ,11.0250766677499   ,53005              ,sep                ,2009               
49.794701101708    ,0.130709040289895  ,213.419541217114   ,3.05448791859806   ,4.22306731831953   ,61.9579328458008   ,24.1286105890452   ,65.9564114185594   ,282.785891654131   ,297.374008583085   ,202.523231814367   ,0.00528324587563704,3.64954497081152   ,10.0401356377217   ,9.36834327310756   ,53023              ,sep                ,2009               
49.1265955041037   ,0.123910322780176  ,201.860160591482   ,2.14911587834098   ,4.10322068282655   ,62.2332965041954   ,24.3299423061324   ,66.8708489948958   ,282.289616681643   ,297.012676216378   ,203.755472296404   ,0.00520112771544131,3.60144483357616   ,9.85608738454849   ,9.57297228156584   ,53013              ,sep                ,2009               
46.1549430476295   ,0.138247898966074  ,203.409495008274   ,0.436368345108822  ,4.14139980814321   ,59.9029500852755   ,25.6696161664275   ,72.7098762840436   ,282.785509125004   ,299.149054902033   ,201.105365868959   ,0.00579805267923625,3.39103635447781   ,10.0548416115081   ,10.4525932925826   ,53071              ,sep                ,2009               
52.5571752191601   ,0.107984282386346  ,223.928494942101   ,2.09743028150423   ,4.40949512837577   ,61.5996735783969   ,23.9009910353779   ,66.1085133842598   ,282.75512731696    ,297.570043239918   ,203.065340046755   ,0.00530085901300924,3.95185683302926   ,10.24618627706     ,9.35369786972547   ,53003              ,sep                ,2009               
30.0181517857428   ,0.885744187850678  ,190.074212223765   ,-3.6086214005358   ,1.82465882852133   ,41.7722812276458   ,36.4574905092349   ,81.3298796781529   ,275.426346208622   ,285.157584197417   ,110.89807503792    ,0.00407899383164765,3.74794799334567   ,12.795237677894    ,14.7655489227065   ,53017              ,oct                ,2009               
25.4336314485774   ,2.07805211500176   ,175.714797945254   ,-1.12571992596051  ,1.68229403938426   ,33.8347954554165   ,39.3322028023482   ,87.8635776354082   ,273.428636302737   ,284.412144647204   ,111.698358984786   ,0.0041441126674267 ,4.11152477877574   ,14.8877552395089   ,16.49613098734     ,53063              ,oct                ,2009               
30.2474250098281   ,0.735524171035252  ,175.697558795275   ,-2.90301499164809  ,1.96720614138974   ,41.8700628408306   ,35.1712185255711   ,83.2502485380889   ,275.859917052802   ,286.832723455693   ,114.552059244222   ,0.00424009313803775,3.72140505525549   ,12.8025044793965   ,14.9149512738181   ,53025              ,oct                ,2009               
27.6853803959411   ,1.29039777059557   ,175.581890045081   ,-1.71701659569213  ,1.77209065966862   ,37.0060248500857   ,36.9328345162864   ,86.5381503259716   ,273.806638592688   ,285.125510549755   ,111.774761131816   ,0.00407541730582655,3.91171955994402   ,14.1276846797649   ,16.026456330608    ,53043              ,oct                ,2009               
27.1660132284657   ,1.09609129622046   ,175.700041066545   ,-1.44960180823307  ,1.83640078169899   ,39.0578387537486   ,35.9860148195837   ,85.3216522131117   ,275.019922579621   ,286.676439613366   ,115.54324055908    ,0.00425387260842628,3.39113041629896   ,13.5301938281283   ,15.6468234123898   ,53001              ,oct                ,2009               
25.0643405527103   ,1.33943127756383   ,192.257831527375   ,1.71573251276624   ,1.88207459794276   ,36.7385632684697   ,36.7825048204165   ,86.4865537474775   ,274.490817041849   ,286.404831973805   ,113.87792117631    ,0.00429552327882608,3.86912959276612   ,14.0140704434737   ,15.9357791190536   ,53075              ,oct                ,2009               
25.7467161598153   ,1.02877824406784   ,180.52233179761    ,-1.04594572306348  ,1.92131137689645   ,37.2333944360908   ,36.9688521889244   ,85.4630448121291   ,276.601792430641   ,287.980925941941   ,116.352019264562   ,0.00461577595683582,3.38513776549039   ,13.9371846919616   ,15.8168246116591   ,53021              ,oct                ,2009               
24.4579764799813   ,0.871369348628449  ,183.005664678957   ,-1.43587836752512  ,1.92191811388891   ,36.8150129498451   ,37.5253934504354   ,85.7697073205961   ,276.970673256918   ,288.139211820314   ,116.766569388598   ,0.00471100491188005,3.32221123799155   ,13.9639929063585   ,15.7769003890584   ,53005              ,oct                ,2009               
25.5194041195018   ,1.66236319600718   ,202.004623539831   ,2.46588766671149   ,1.82841873680678   ,36.6680428934967   ,40.6760830335592   ,85.4952648314176   ,274.994668834077   ,285.402804237691   ,117.671588106257   ,0.00440184955220053,3.97152300971086   ,13.8645075371165   ,16.0448130040292   ,53023              ,oct                ,2009               
22.5000973759355   ,2.50199295106688   ,193.743179117943   ,1.7096962021281    ,1.79756186052646   ,33.738734137416    ,42.0563585463055   ,85.5029226743456   ,275.17681316781    ,285.368608933126   ,118.902868784998   ,0.00448337469488732,4.11466242895197   ,14.6146105114944   ,16.6148197705269   ,53013              ,oct                ,2009               
22.554244765943    ,1.72819386935265   ,190.19189072781    ,0.292229237463981  ,1.96850742515369   ,34.7291302552475   ,38.7107817181883   ,85.1983581871115   ,276.723186577958   ,287.826976464985   ,113.345630558713   ,0.0047155616485693 ,3.89672274909837   ,14.4227878895451   ,16.1686646313671   ,53071              ,oct                ,2009               
27.6651285064074   ,1.21691879554127   ,218.241333236744   ,1.47930443223448   ,2.01160659643659   ,39.0983404396898   ,39.6861057937187   ,83.564377894086    ,275.467464489237   ,285.433433617147   ,120.404377416131   ,0.00429555972183835,4.54342598485082   ,13.1993518779495   ,15.2051722402148   ,53003              ,oct                ,2009               
19.3175229624796   ,0.60360550462249   ,188.056522689293   ,-3.30209301220653  ,0.813106417383493  ,22.5285861029886   ,52.4702171238285   ,92.7955308871342   ,271.929615878288   ,279.444614803181   ,61.6471831032101   ,0.00365826790695901,3.73385386319977   ,17.993715563703    ,19.0608777726971   ,53017              ,nov                ,2009               
10.5772939876499   ,1.38212898231839   ,190.088840582789   ,-0.802450379705162 ,0.70658952857329   ,13.1589229529216   ,59.9006129766308   ,95.8746695266306   ,271.685119319711   ,279.343785742979   ,66.045379117098    ,0.00387330992205593,3.88478529581304   ,21.0397717467195   ,21.1451481269365   ,53063              ,nov                ,2009               
20.2722677238982   ,0.57145512356882   ,181.005569987737   ,-2.67562158838922  ,0.902102960417777  ,21.87506040071     ,50.3454100200274   ,95.2485517344919   ,271.993577312537   ,281.211892786671   ,64.0806215627393   ,0.00381393778059969,3.81947434010083   ,18.3310543765824   ,19.5858800532104   ,53025              ,nov                ,2009               
15.1195369223792   ,1.01906304840493   ,187.291204149304   ,-1.43917947171542  ,0.733645642074618  ,16.1516340944439   ,56.7578465259161   ,96.2520203073725   ,271.572594044639   ,279.578286383848   ,65.9335218488743   ,0.0038442491867684 ,3.90980616332808   ,20.2661399604597   ,20.806950978163    ,53043              ,nov                ,2009               
14.8503297845603   ,0.826990314365259  ,180.187507704712   ,-1.24331811418421  ,0.83485308698278   ,18.1117491089968   ,51.990733490974    ,95.8363386870114   ,272.115402138609   ,281.249668190564   ,67.4082559441655   ,0.00388593505514268,3.42158938328084   ,19.6325389577871   ,20.1750189731091   ,53001              ,nov                ,2009               
12.0515670404258   ,1.31772902343261   ,188.669275297277   ,1.42570327216905   ,0.966257452523007  ,16.3821860717138   ,51.9536475198035   ,93.2330860978669   ,272.739668817258   ,281.399760076785   ,70.3413380072351   ,0.00390206293492377,4.00793206102708   ,20.1769653533487   ,19.8995570166719   ,53075              ,nov                ,2009               
16.993715259028    ,0.641029921892362  ,183.177873384216   ,-0.955039087115811 ,1.01371824343044   ,21.3526908304752   ,48.9402475885244   ,93.8007248003055   ,273.026661255665   ,282.813509631035   ,65.0459809826582   ,0.00394472695472173,3.52363199808659   ,18.61060528853     ,19.085281227552    ,53021              ,nov                ,2009               
18.584564109481    ,0.472603124477836  ,186.31243730892    ,-1.42149622788326  ,0.967291731882613  ,21.8464582078556   ,48.9648383183827   ,95.2301702337622   ,272.47284764999    ,282.921525846101   ,67.5745960779209   ,0.00396929624589404,3.3849615924222    ,18.4921447657034   ,19.352033154734    ,53005              ,nov                ,2009               
11.7933528462523   ,1.72539972160667   ,198.831865125068   ,2.10723454010042   ,1.06069094625689   ,15.9219018322627   ,51.1786585509654   ,91.3610836262041   ,272.767063812193   ,281.319319762552   ,71.0309774321799   ,0.00384391866661473,4.15330015171635   ,20.5116368747893   ,19.8477034539169   ,53023              ,nov                ,2009               
11.3799237183165   ,2.23323269416407   ,198.1288614323     ,1.54341755958232   ,1.09183449369659   ,13.9631425676648   ,50.5163707168939   ,92.0058315516766   ,272.662910314963   ,281.439796402484   ,73.4633286985427   ,0.00382789371532744,4.50841222148499   ,21.6854658611158   ,20.2423441484128   ,53013              ,nov                ,2009               
15.2019905585268   ,1.12237439964845   ,193.833713444268   ,0.19577669653143   ,1.22114356531885   ,19.4524173408518   ,47.1205423277568   ,91.8683408969786   ,273.565731555143   ,283.392349156325   ,66.2738203340753   ,0.00396247001309301,4.30730256043314   ,19.4973979035044   ,18.9411042005389   ,53071              ,nov                ,2009               
15.5137711205236   ,1.13914070247135   ,215.045389577304   ,1.02718858576749   ,1.17867686536952   ,20.4353576207239   ,51.3615753345536   ,89.1730869543813   ,272.941131989045   ,281.224223769436   ,73.5563855500697   ,0.00377474427597094,4.69050630879228   ,18.6736224891496   ,18.6326276387031   ,53003              ,nov                ,2009               
16.3732866623052   ,0.678365073803233  ,161.873421951097   ,-3.57113534549497  ,0.345947112344816  ,22.4882545474619   ,58.276830514015    ,82.379471038551    ,264.739582527894   ,270.718892433187   ,52.4409126249178   ,0.0020943282610341 ,2.40129141263992   ,18.6315536690101   ,17.0414995478813   ,53017              ,dec                ,2009               
14.0712493352383   ,1.67848215305002   ,158.143682360915   ,-1.32321883854669  ,0.42478406351841   ,16.1277814148447   ,55.4674120105871   ,86.3229592722358   ,265.175718327206   ,271.880357142857   ,46.6855902117195   ,0.0022686992986826 ,2.71056608829455   ,21.5105926047946   ,18.7800731256982   ,53063              ,dec                ,2009               
15.5246514607804   ,0.631339869747877  ,143.982509766538   ,-2.92204717166681  ,0.366535257049118  ,20.4763885519404   ,54.154193358215    ,87.7850407506837   ,265.060924693217   ,271.928338750436   ,52.2471219058737   ,0.00220275974286331,2.40527110776292   ,19.3658682155435   ,18.3422676200332   ,53025              ,dec                ,2009               
14.9349493207007   ,0.956060257579541  ,147.562739289134   ,-1.76364268214933  ,0.389655795207361  ,18.1014277357005   ,54.6530096043455   ,86.3517558013625   ,264.907471624479   ,271.525161544084   ,49.6864669601028   ,0.00219966968157597,2.57715809148934   ,20.6518216963125   ,18.5110659508261   ,53043              ,dec                ,2009               
13.0752067527665   ,0.947642387095003  ,149.498593622249   ,-1.68097862313077  ,0.351278549664384  ,16.907651594916    ,53.8508297094074   ,90.4943975153489   ,265.202714898548   ,272.358881080139   ,48.3728759173564   ,0.00231515346190867,2.04735317822286   ,20.7625640451965   ,19.5980770229041   ,53001              ,dec                ,2009               
12.8684475293463   ,1.23644162816598   ,164.423622434504   ,0.380318580778206  ,0.475780924269966  ,17.3457363694228   ,53.0896701426786   ,87.461141776141    ,265.991694499895   ,273.173679881376   ,46.7634831792046   ,0.00240737835730782,2.63030257364348   ,20.6831576296488   ,18.7221778720407   ,53075              ,dec                ,2009               
12.2707876013668   ,0.887616171808197  ,185.930353468732   ,-1.48955011319083  ,0.367898124730549  ,17.2794951283626   ,55.8739729986435   ,90.3494941349519   ,266.074426167806   ,272.985591841478   ,47.603559947992    ,0.00240188745471338,1.99476675437047   ,20.1986262448629   ,19.6541200258793   ,53021              ,dec                ,2009               
11.8818882915386   ,0.849818039458443  ,172.349418071984   ,-1.86290915151672  ,0.337591556603313  ,17.0185097549008   ,57.2762574531623   ,91.3233320303923   ,265.856390844341   ,272.747986405653   ,50.7927711575224   ,0.00241660606387577,1.90027370269776   ,20.1109451076688   ,19.9185741299943   ,53005              ,dec                ,2009               
11.8504254160054   ,1.63130790166495   ,182.712252542247   ,1.2355369518725    ,0.536834159999407  ,17.1188072274719   ,54.5786407960374   ,85.3195203753485   ,266.541913318831   ,273.604545470054   ,49.98517304612     ,0.00250313035337188,2.79387389236355   ,20.7882962927808   ,18.1294952629516   ,53023              ,dec                ,2009               
10.6871936860036   ,2.05593979173124   ,178.463640576632   ,0.765371861823722  ,0.473938101208257  ,14.1570303914214   ,56.0952479770254   ,87.9468619751056   ,266.282036211104   ,273.250816931067   ,53.996034981443    ,0.0025063575896543 ,2.78518124123414   ,22.0256922310768   ,19.1441406329057   ,53013              ,dec                ,2009               
11.7500542077695   ,1.45664964630937   ,183.721126693902   ,-0.581876598747411 ,0.440752708247871  ,15.5796362326286   ,57.8633264575224   ,89.8681941345132   ,266.714017331503   ,273.347789510091   ,48.8752722251706   ,0.00250148062979447,2.64542547075891   ,20.9664086336689   ,19.7153323161893   ,53071              ,dec                ,2009               
14.4670522861038   ,1.02653892195518   ,209.931192016602   ,0.0530009718924543 ,0.625956131960209  ,21.5643100616615   ,56.2255330828275   ,82.1993473405676   ,266.907467294957   ,273.69335631953    ,52.7646599653573   ,0.00247794026081221,3.38192683556944   ,18.8348379893895   ,16.8944045997304   ,53003              ,dec                ,2009               
