bi,pr,th,pdsi,pet,erc,rmin,rmax,tmmn,tmmx,srad,sph,vs,fm1000,fm100,countyfips,month,year
12.097004944382     ,0.883914146530567   ,172.343217522857    ,0.651622382953248   ,0.370989872161459   ,13.5702190552626    ,68.3150714865644    ,89.5442288747591    ,270.087721126534    ,275.480445727153    ,61.9095205450958    ,0.00317667318823457 ,1.81657390635528    ,22.0421049034955    ,19.7394590157238    ,53017               ,jan                 ,2015                
7.00490526325364    ,2.04998583573432    ,137.789581485093    ,-0.910054970911949  ,0.42721869782525    ,5.52182516113491    ,72.0658413393028    ,92.6276987776918    ,270.11677344358     ,276.030766090373    ,53.1120308961035    ,0.00341744118887461 ,2.28066183683486    ,25.3794107159419    ,21.7012905640186    ,53063               ,jan                 ,2015                
11.5229960231699    ,0.875125456990014   ,162.099163088771    ,-1.32228477275831   ,0.372214257806327   ,12.1553037458204    ,72.4223784381308    ,92.5893725672863    ,271.016174940004    ,276.256092139697    ,56.7078658139543    ,0.00350027702374931 ,1.86758315801874    ,22.0218211547618    ,20.8828378691316    ,53025               ,jan                 ,2015                
8.2119390040955     ,1.31381098423014    ,136.916164598781    ,-1.61330571248892   ,0.359988335812425   ,7.75017906770495    ,74.8678615792389    ,93.4385998756948    ,270.011123996728    ,275.215161643593    ,53.0028563167658    ,0.0033788036080159  ,2.13422416326438    ,23.7566904142443    ,21.6751057085681    ,53043               ,jan                 ,2015                
8.50821380644323    ,1.18005244761061    ,156.633773159172    ,-2.31975465620145   ,0.358882355175851   ,8.12708457109689    ,75.2125140778161    ,94.6245281879888    ,271.309774031931    ,276.619545282614    ,52.715293969164     ,0.00373571179364939 ,1.74372548600951    ,23.5919031896326    ,21.9254659320744    ,53001               ,jan                 ,2015                
9.15370908532694    ,1.66409481209302    ,128.844058669957    ,-1.98710432721119   ,0.58029691148104    ,9.48230442662477    ,65.5819539876862    ,90.8995932270318    ,272.022824204389    ,278.223051379093    ,53.3403808472867    ,0.00370505529891459 ,2.35497360020706    ,23.9327429414203    ,20.2444479675944    ,53075               ,jan                 ,2015                
9.16710043332121    ,0.839156021965349   ,171.536347918357    ,-2.25631300700016   ,0.434927747960644   ,9.52032490053189    ,74.9529405669598    ,93.15178121988      ,272.653958251044    ,277.966307669893    ,52.6879495850272    ,0.00398117862627368 ,1.82312228066972    ,22.9050074586797    ,21.3793784567499    ,53021               ,jan                 ,2015                
11.6634809304385    ,0.695601601161434   ,174.522682871839    ,-2.85424759531397   ,0.467576681708625   ,12.4893248514902    ,70.2934797998375    ,92.5350804151436    ,272.783190149641    ,278.601052926637    ,55.1069717069554    ,0.0039649706331298  ,1.75877251885483    ,22.0505665600539    ,20.5830160700927    ,53005               ,jan                 ,2015                
10.9346924123342    ,1.88811103573419    ,143.073036832815    ,-1.62247831382523   ,0.760849817542341   ,13.648194777875     ,57.1974737191816    ,84.9380164783671    ,272.975730937269    ,279.660379851946    ,56.7682087645457    ,0.00370244169008305 ,2.48509164469511    ,22.8750503592012    ,18.1123957937787    ,53023               ,jan                 ,2015                
9.75055254151986    ,2.23607745705107    ,151.038607116246    ,-1.79680780803762   ,0.720146979859171   ,11.2564120690277    ,58.2913717647759    ,87.140717531374     ,272.76603717543     ,279.524468291633    ,60.5644807491808    ,0.00374884086254757 ,2.64947608323682    ,23.9036892222666    ,18.852221366059     ,53013               ,jan                 ,2015                
10.1596196560043    ,1.2900961780588     ,172.750236232607    ,-1.98231998950162   ,0.605207663997636   ,10.3272405568073    ,68.8106272337539    ,91.1662404490305    ,273.213655093133    ,278.991104794274    ,55.0043586035147    ,0.00398371129886826 ,2.50108218216502    ,23.2715591007476    ,20.4181704872586    ,53071               ,jan                 ,2015                
13.3855497030362    ,1.22555382625023    ,184.691423776432    ,0.574307613219803   ,0.890219318168863   ,17.7971233604579    ,55.9862017762894    ,82.0781366991834    ,273.203868883033    ,279.780196690857    ,60.0687193703253    ,0.00360954688365933 ,3.0360782386725     ,21.111056324227     ,16.975229400844     ,53003               ,jan                 ,2015                
18.015832199516     ,0.780061836356945   ,175.96609937222     ,0.820272089121905   ,1.16451402465552    ,22.9946440484893    ,46.9561172185332    ,81.9735269698906    ,273.051399574676    ,282.135664085356    ,102.783140540352    ,0.00363556845036757 ,2.50769515209041    ,20.0050325868311    ,16.2400044844524    ,53017               ,feb                 ,2015                
13.7002036010396    ,1.50721513829993    ,167.985714724413    ,-0.481559221198875  ,1.13624507066508    ,14.9025759753541    ,48.3484375821576    ,86.2573906107152    ,271.758081304473    ,282.011448255995    ,88.9098360001187    ,0.00376140453831836 ,2.77770560683502    ,23.0602880462169    ,18.1360118606533    ,53063               ,feb                 ,2015                
18.2836922456341    ,0.657681430388144   ,166.150439506475    ,-0.64540423086114   ,1.27929232354169    ,20.9656876466096    ,45.6502094926956    ,85.6960429725587    ,273.423382684125    ,283.900449695522    ,99.8928320958926    ,0.00391443422609382 ,2.69068672890357    ,20.8409609361242    ,17.1164957203358    ,53025               ,feb                 ,2015                
14.8834759413515    ,1.05916619566807    ,166.537591608563    ,-1.01327019720431   ,1.12568770610672    ,15.9939329766107    ,48.9888763828486    ,87.8656983318647    ,272.112026005201    ,282.212252570385    ,92.4057562483727    ,0.00383934823490846 ,2.76293452583479    ,22.5911782782841    ,18.3105105128745    ,53043               ,feb                 ,2015                
15.8133309294443    ,0.816189286881174   ,158.53473829862     ,-1.73908694869809   ,1.20558715599192    ,17.4656589106861    ,46.4096806629535    ,87.5641283282383    ,273.371046291918    ,284.05311462521     ,94.4988908410511    ,0.00408564660851688 ,2.4751084473867     ,22.2233200231342    ,17.8878878154474    ,53001               ,feb                 ,2015                
12.8026555480476    ,1.26890470647887    ,158.185786087773    ,-1.64487072447936   ,1.28041154921556    ,16.7549709784077    ,46.5600436586893    ,85.7227257811923    ,273.682606694839    ,283.839906550816    ,93.2267893767156    ,0.00413616066070238 ,2.95260651068026    ,21.9436421928085    ,17.6755867010405    ,53075               ,feb                 ,2015                
17.1136389524072    ,0.618459815384595   ,164.026131105161    ,-1.85904551148415   ,1.33102845821816    ,19.0763626509152    ,45.4413805317093    ,87.2366939990075    ,274.672470880865    ,285.63702477256     ,99.2275044456943    ,0.00431374597112433 ,2.5537397963087     ,21.5739840808806    ,17.5172102638653    ,53021               ,feb                 ,2015                
17.2470027944443    ,0.509547806885771   ,175.571622410167    ,-2.58939289211992   ,1.28835242398915    ,19.5757629635318    ,46.0814475286642    ,89.2796933257973    ,274.158789467832    ,285.309265794536    ,101.395520725597    ,0.00428056154504028 ,2.5230700891191     ,21.063732494667     ,17.8357710810606    ,53005               ,feb                 ,2015                
12.7759746693888    ,1.75116472309183    ,166.44208189102     ,-1.37095160277533   ,1.33779299541475    ,19.0556728553214    ,46.7813826591014    ,81.3884920299635    ,274.141384483547    ,283.058504397402    ,96.6925464234949    ,0.00399509270111687 ,3.12513448149891    ,20.8536596947681    ,16.7280834298697    ,53023               ,feb                 ,2015                
11.5154086158805    ,2.15484038547306    ,165.495496374685    ,-1.60669103834329   ,1.35430586118482    ,16.7977142503287    ,47.2073149089057    ,82.7149123236058    ,274.143488365407    ,283.333676123494    ,103.42242187159     ,0.0040507156963988  ,3.23554205801965    ,21.796929420066     ,17.1776060293928    ,53013               ,feb                 ,2015                
14.4370279431205    ,1.1624117041316     ,172.703923840694    ,-1.71349363388408   ,1.44483152872144    ,17.9045827729302    ,46.3184854998129    ,86.0681819655477    ,275.181753298131    ,285.473188282859    ,97.0381788193972    ,0.00436570838057048 ,3.10785285880168    ,21.6633240082815    ,17.4514197219124    ,53071               ,feb                 ,2015                
13.9339352484416    ,1.39909863001177    ,181.68854976123     ,0.924026399669566   ,1.45855765510836    ,22.5290597385258    ,45.9741834720307    ,79.923139484135     ,273.976650588082    ,282.748452143823    ,98.3088147682492    ,0.00382605200327558 ,3.6387929557138     ,19.2378830603937    ,15.9758569255735    ,53003               ,feb                 ,2015                
27.3649565026134    ,0.863673327657339   ,187.047010710484    ,0.201183875597095   ,2.26514543421517    ,36.3174721788566    ,36.3195849075679    ,82.660810813874     ,275.207964133702    ,287.025297456301    ,165.438220131657    ,0.00413197439131775 ,3.15309728260051    ,15.6287110167973    ,13.8815035623485    ,53017               ,mar                 ,2015                
14.7657635510465    ,2.44521088855666    ,184.550705374964    ,-0.82647499840136   ,1.95175300960927    ,21.2022900550269    ,42.3211629239002    ,92.6858829064794    ,273.522569931843    ,286.416691140972    ,142.463937004801    ,0.00450752765669276 ,3.42903889006336    ,19.6152278942411    ,17.5590563966826    ,53063               ,mar                 ,2015                
27.9821690181843    ,0.828817771567452   ,180.766063646543    ,-1.03397849044201   ,2.4568823900922     ,35.2778180207805    ,32.4808837269502    ,85.4894462491415    ,275.347872014694    ,289.069539015182    ,165.366353946017    ,0.0042169243934978  ,3.15132871095658    ,16.2045297895167    ,14.2352960936871    ,53025               ,mar                 ,2015                
20.4358377621864    ,1.48882118754266    ,183.124253048266    ,-1.28694777060248   ,2.12689297832878    ,27.1307980735433    ,38.1116899758639    ,90.9162555717781    ,273.819462102981    ,287.132176104296    ,156.000716886433    ,0.00433195843738285 ,3.27642629922827    ,18.1116635972867    ,16.1585246442289    ,53043               ,mar                 ,2015                
22.0336732279958    ,1.20919338232439    ,170.828572776668    ,-2.01271517530667   ,2.27745790562388    ,30.4010618431355    ,34.714974011519     ,87.5245539004728    ,275.020574782492    ,288.783318350789    ,161.518479276799    ,0.00434464210920494 ,2.87254799979155    ,17.4413108880776    ,15.1924574662295    ,53001               ,mar                 ,2015                
17.6147835967844    ,2.07271963975857    ,171.012477461147    ,-1.94274321307494   ,2.17675817313185    ,24.7294933584745    ,40.7858251338575    ,88.6284467650093    ,275.187382725638    ,287.648783748851    ,154.587992448897    ,0.00459805834595294 ,3.31586592576535    ,18.818528372495     ,16.5706547030281    ,53075               ,mar                 ,2015                
23.6132996902276    ,0.833455063700306   ,169.525832471777    ,-2.16310913333526   ,2.5232449869586     ,34.1704808626814    ,32.0305070517377    ,83.4938751746052    ,276.712776952701    ,290.538690783782    ,163.410950560842    ,0.00444598480521484 ,2.88509000859249    ,16.3517491398615    ,13.8607324097352    ,53021               ,mar                 ,2015                
24.9993482872056    ,0.561737975675565   ,185.488505380576    ,-2.87667567143309   ,2.53531023610819    ,34.4507870239073    ,31.6417527129164    ,85.0592714035914    ,276.43348484873     ,290.332576774281    ,167.630675324413    ,0.00441292760165346 ,2.9154194799412     ,16.3217958950273    ,14.0128754591027    ,53005               ,mar                 ,2015                
18.3374294050947    ,1.88240650278148    ,182.021869128225    ,-1.72451653181504   ,2.19392197095925    ,27.5251781286015    ,42.8415529548799    ,82.1020973188751    ,276.248665089837    ,286.711055959687    ,157.082101362164    ,0.00455247563589355 ,3.38597697256037    ,17.8191509552552    ,15.3474090929094    ,53023               ,mar                 ,2015                
17.7110270025198    ,2.20471812208104    ,189.671227873751    ,-1.99885650943919   ,2.25591083360955    ,26.3764499945327    ,42.3192987598251    ,81.9388374344076    ,276.274031433095    ,287.120887105639    ,161.157354249521    ,0.00455815599269217 ,3.49970597794804    ,18.3088324452107    ,15.427860436458     ,53013               ,mar                 ,2015                
21.2588495138965    ,1.40221850040576    ,192.143589061294    ,-2.11628233982619   ,2.56703214789356    ,31.3451376466216    ,35.8770339170717    ,81.0988637002284    ,277.46104054985     ,290.136614039411    ,156.882184635145    ,0.00464009278830153 ,3.40310288525272    ,17.0161537797689    ,14.1818765583484    ,53071               ,mar                 ,2015                
19.9665447497385    ,1.45806878893052    ,204.308278899151    ,0.611361951225068   ,2.33169170350278    ,30.4081556959267    ,41.6942851965024    ,80.6496992634413    ,276.355352144396    ,286.601278198616    ,159.814827791685    ,0.0044311194298574  ,3.7971109039564     ,16.6915794642695    ,14.6871876621179    ,53003               ,mar                 ,2015                
37.5832209754183    ,0.290665787901572   ,211.55480946372     ,-0.00362216199048   ,3.57849462625687    ,47.1065474173451    ,27.3060094746404    ,74.6749766295811    ,275.359387101467    ,289.349913119499    ,240.097382387982    ,0.00360682105427141 ,3.44050299382274    ,13.8017835189497    ,10.7858047294702    ,53017               ,apr                 ,2015                
24.8112336453454    ,0.894985668415538   ,202.097559902419    ,-0.318989009168578  ,3.29375816594504    ,30.1892507163708    ,32.3127236332454    ,83.7178988911823    ,273.797873320575    ,288.73333673139     ,230.194416456599    ,0.00388446354761101 ,3.69045738155719    ,18.4020734360878    ,13.5869317106442    ,53063               ,apr                 ,2015                
39.1134198373008    ,0.287536711251224   ,204.295379489896    ,-0.932640390708633  ,3.79895833225093    ,47.2098970680539    ,24.004523467233     ,77.1485666048374    ,275.440406021964    ,291.192907992868    ,244.719461129309    ,0.00358998472883924 ,3.37768780320865    ,14.0292100519323    ,10.8820890359367    ,53025               ,apr                 ,2015                
29.6074686136906    ,0.472203868232792   ,203.467538513754    ,-0.936571302800754  ,3.44863927269513    ,36.664440572992     ,28.002695998751     ,83.7756457654275    ,273.47541343428     ,289.298591270234    ,238.301479274049    ,0.00365295304687858 ,3.53672391791712    ,16.4780954946671    ,12.8170480740668    ,53043               ,apr                 ,2015                
33.3468944646112    ,0.409375163507154   ,192.134032201904    ,-1.70979811679554   ,3.63659727005244    ,41.4865185660186    ,25.5283093174185    ,79.918251577922     ,274.635943323698    ,290.74722183213     ,248.920599438103    ,0.0036281787355941  ,3.20179857473319    ,15.5081005509512    ,11.777209145178     ,53001               ,apr                 ,2015                
26.9046784362793    ,0.632743676443895   ,197.351543347976    ,-1.53438432619633   ,3.48808811175122    ,33.7455401694354    ,31.8447476922204    ,80.3099238424862    ,274.897855524998    ,289.62152256745     ,241.317319273107    ,0.00394508054217908 ,3.68258712480115    ,17.4315467171762    ,12.6896563064912    ,53075               ,apr                 ,2015                
36.3947865808927    ,0.278889340378153   ,187.703368141957    ,-2.15219890200175   ,3.89995431297865    ,47.0892138153467    ,24.7001830527721    ,75.5088416754894    ,276.58594325139     ,292.117882283529    ,253.261750764113    ,0.00376030041313826 ,3.26243902586974    ,13.8345583463326    ,10.6744408255357    ,53021               ,apr                 ,2015                
38.8856098124261    ,0.187295240221115   ,201.19021591322     ,-3.10377980148534   ,3.9270256235402     ,48.4973574269688    ,23.8867773547916    ,76.9261516535306    ,276.332643848246    ,292.082849891557    ,254.253858417308    ,0.00370717905208062 ,3.30847238331916    ,13.5341260842318    ,10.6874665015548    ,53005               ,apr                 ,2015                
27.0802994657007    ,0.725189602640351   ,206.116636898602    ,-1.72683054883338   ,3.41910741756175    ,35.2290549277272    ,35.3401573066632    ,74.8462720258883    ,275.802941562818    ,288.373381190961    ,241.869955564384    ,0.00400539644165678 ,3.76361601250265    ,16.6925775907054    ,12.2414027922889    ,53023               ,apr                 ,2015                
25.9608686656852    ,0.843479990613294   ,198.996790379629    ,-2.05698906700493   ,3.38452956175097    ,33.5592835095124    ,35.8152751469903    ,75.5329303079043    ,275.757398877635    ,288.406870350996    ,241.598102751993    ,0.00400840082034358 ,3.78992449431103    ,17.3051771604162    ,12.5368409371501    ,53013               ,apr                 ,2015                
31.1014667998161    ,0.557935907653354   ,198.56552048815     ,-2.20511962049376   ,3.79789336590263    ,41.1803379160925    ,29.9308687664952    ,74.4101034024867    ,277.170147721619    ,291.474813524365    ,245.400308420858    ,0.00404674428048844 ,3.60694665403224    ,15.1619904745562    ,11.3707614273237    ,53071               ,apr                 ,2015                
28.8062662057343    ,0.58975091989168    ,217.151948706077    ,0.528088987318894   ,3.52442794780081    ,38.3854389039849    ,33.8351187791848    ,73.2362380781893    ,275.953715901247    ,288.530983531794    ,238.421287852192    ,0.00391788474009927 ,4.02735995669144    ,15.4969080748639    ,11.6818953912044    ,53003               ,apr                 ,2015                
33.4605254964428    ,1.11667884548945    ,197.574089834394    ,-0.808477706904711  ,5.14172855885835    ,53.439569011065     ,28.0269817997503    ,70.1511777374146    ,282.207359529559    ,296.284353008292    ,307.047744411996    ,0.00560224269221886 ,2.80443535372647    ,11.4076947483868    ,9.98600755414904    ,53017               ,may                 ,2015                
25.9041169885912    ,1.67096217572309    ,181.320839534146    ,-0.773165525913827  ,4.81664854371673    ,42.4150534539214    ,30.900797715642     ,75.4943679202151    ,280.372923257713    ,295.547521808683    ,293.725829894104    ,0.00576016285899778 ,2.86065835959304    ,13.9761202259851    ,11.3295566184063    ,53063               ,may                 ,2015                
35.8110856694377    ,0.983869209715996   ,194.261593429985    ,-1.22877035916796   ,5.42809840740302    ,55.1585287566089    ,25.1862898763216    ,69.258261576164     ,282.76784866908     ,297.940856395482    ,312.119723677755    ,0.00553106371445395 ,2.81442235438422    ,11.3516032298008    ,9.54216890612912    ,53025               ,may                 ,2015                
28.4486471542228    ,1.08923212073033    ,184.264202993988    ,-1.33900518281505   ,5.00581142967352    ,46.5751400415337    ,28.2146720612368    ,76.8809810276899    ,280.634398967659    ,296.22492565449     ,302.629839537169    ,0.00568862210093623 ,2.81937507795988    ,12.9151781679659    ,10.9685303763086    ,53043               ,may                 ,2015                
30.8884791599778    ,1.15477341221018    ,187.021001237015    ,-1.91540485412708   ,5.19967077983066    ,49.6867695099788    ,26.4945671537445    ,74.1684173813522    ,281.452859832174    ,297.400939189679    ,312.484941230264    ,0.00561194899025831 ,2.6526138730604     ,12.530281497498     ,10.4618068499468    ,53001               ,may                 ,2015                
23.565513689233     ,1.67190895713427    ,200.605424591875    ,-1.94765424977974   ,4.88611044091111    ,41.1451422827067    ,32.2718555294088    ,76.9333392206587    ,280.82522231853     ,295.962738035951    ,297.697633785704    ,0.00597793276410239 ,2.97651121205578    ,14.0322321816142    ,11.7422466575398    ,53075               ,may                 ,2015                
35.3933320684409    ,1.08002000481963    ,187.62677275324     ,-2.30715175546133   ,5.47472956436444    ,54.8597618292342    ,25.8082344382927    ,70.1593485749389    ,283.176392260379    ,298.499576468267    ,315.716193331205    ,0.00571304579082271 ,2.80072560220883    ,11.3887722879131    ,9.6185670048664     ,53021               ,may                 ,2015                
37.2783801416833    ,1.19970538865012    ,197.96416834325     ,-3.28032111063511   ,5.46579400358548    ,55.4014319993995    ,25.8878834827366    ,71.0548224579312    ,283.218522787049    ,298.244733626571    ,315.488543666076    ,0.00568468452288248 ,2.88955099640638    ,11.3219772972071    ,9.71707810461806    ,53005               ,may                 ,2015                
22.2101742781324    ,2.127545556913      ,216.775779863991    ,-2.30760593984496   ,4.60217676693441    ,40.5905350599325    ,37.1289697745309    ,71.646919085014     ,281.545175756058    ,294.048267288835    ,285.015214553555    ,0.0060370794815444  ,3.08629296430723    ,13.8689876582956    ,11.7571012897832    ,53023               ,may                 ,2015                
19.7536233566315    ,2.1327488827501     ,196.911952571035    ,-2.56449002445896   ,4.57670158023992    ,38.7473133092312    ,37.4166516516785    ,71.4934258308791    ,281.741488775799    ,294.074195427581    ,284.519966666671    ,0.00603326511299724 ,3.0382462164736     ,14.3032519837083    ,11.9319988667331    ,53013               ,may                 ,2015                
29.3232112209721    ,1.47110348392386    ,194.669426025883    ,-2.53365898705756   ,5.18453749968191    ,48.9878191170091    ,30.7118322923682    ,69.5242569816103    ,283.430222738142    ,297.443754662875    ,297.898773591537    ,0.00603717255080375 ,3.00324443681422    ,12.3252961883825    ,10.2659402267532    ,53071               ,may                 ,2015                
22.7322412975429    ,2.06210716303121    ,233.632192299117    ,-0.552553609806088  ,4.74895609884731    ,42.5070797087362    ,35.4628700220868    ,69.7666202767024    ,281.756150650085    ,294.264615785775    ,281.325590409866    ,0.00590413631773759 ,3.43949534246325    ,13.1698493765527    ,11.2851539322256    ,53003               ,may                 ,2015                
51.8350237656154    ,0.0945225148214913  ,255.306077008106    ,-1.28244271884804   ,6.78206188952934    ,68.6412360025973    ,20.1797029103659    ,58.3818874225462    ,287.319383021763    ,303.299659153201    ,330.713037357519    ,0.00631809408773533 ,3.04689005032275    ,9.72718917063947    ,7.0304967624265     ,53017               ,jun                 ,2015                
43.2077566508223    ,0.0938846954186999  ,211.652601848475    ,-1.41374430296095   ,6.10854699367689    ,58.2694793865432    ,23.1934922326541    ,66.7488917276369    ,284.084724743195    ,302.38200902504     ,310.719534504281    ,0.00651189163143217 ,2.86029673543624    ,11.9045254570131    ,8.36023078191848    ,53063               ,jun                 ,2015                
57.2323200279877    ,0.00934933790214028 ,250.128831983121    ,-1.30992794483958   ,7.20348287222227    ,75.0075834053453    ,16.8324173535609    ,54.7451224054526    ,288.212290365997    ,304.98802091609     ,340.663081105085    ,0.005956583420376   ,3.06404420676971    ,8.63977482250593    ,6.15830400058367    ,53025               ,jun                 ,2015                
47.9281005865445    ,0.0177802196894265  ,230.964083628021    ,-1.75251398216111   ,6.3900125995551     ,63.3799824354283    ,20.5212004301941    ,68.5781350408173    ,284.646311900913    ,303.221721419135    ,324.725281912501    ,0.00646665023051516 ,2.82944345186889    ,10.8852844685529    ,7.94001822794062    ,53043               ,jun                 ,2015                
52.3844072604248    ,0.00116367974988369 ,230.600563058789    ,-1.9602027799162    ,6.73695386834905    ,70.1866115683015    ,17.2622583760004    ,61.4324746287655    ,285.931027179416    ,304.586209246354    ,336.541075069424    ,0.00596480826905518 ,2.7505157005878     ,9.65801151532043    ,6.84962061913444    ,53001               ,jun                 ,2015                
45.086279260598     ,0.0595645310586574  ,216.371174531226    ,-2.25589302386139   ,6.35329019608217    ,59.8075424069423    ,22.3080397299598    ,64.5862330710467    ,284.941684816847    ,303.094764319326    ,322.387437136781    ,0.00638929421171619 ,2.84574825229131    ,11.7681887800927    ,8.11897651236665    ,53075               ,jun                 ,2015                
54.8268876567254    ,0.000714458905351468,231.850931664491    ,-2.25914759460168   ,7.12702403361981    ,76.1228312345651    ,15.3029216713172    ,52.4433232415028    ,288.364898435152    ,305.478035364396    ,346.459769032796    ,0.00563989845686592 ,2.83219311289298    ,8.39741108558117    ,5.86786310009467    ,53021               ,jun                 ,2015                
55.4799357771638    ,0.000235877171364527,241.459195891311    ,-3.06747813948983   ,7.28613730772477    ,76.2017212990003    ,15.3482873106379    ,53.8815041820443    ,288.477981248363    ,305.638835001086    ,349.162211149919    ,0.00571801543941389 ,2.9874352338869     ,8.3179656509817     ,5.89689722463224    ,53005               ,jun                 ,2015                
44.5583845691405    ,0.0915591809351005  ,228.486970603738    ,-2.53352159749153   ,6.29760544761614    ,59.9056658894873    ,25.2193246359657    ,52.233120499684     ,287.28606011369     ,301.643888580133    ,319.680560361179    ,0.00639199288359479 ,2.87925101456928    ,11.8154433136895    ,7.59345558903973    ,53023               ,jun                 ,2015                
44.9807460711681    ,0.0730911466268657  ,219.071414106013    ,-2.79388148841459   ,6.28800784197569    ,60.1258623966996    ,24.9352358563408    ,52.5343366902536    ,287.232201663778    ,301.603116502479    ,319.486852370923    ,0.00629904826734878 ,2.93668067648773    ,11.836622677382     ,7.51438988740531    ,53013               ,jun                 ,2015                
53.0733096161509    ,0.013132995712321   ,225.829726986769    ,-2.74078227588175   ,6.93417071902009    ,71.8287638798639    ,18.2633222785422    ,50.6677367897861    ,288.692861314065    ,304.834158693226    ,332.650670696145    ,0.00590139515429791 ,2.94070804512436    ,9.33679681877457    ,6.28155160014868    ,53071               ,jun                 ,2015                
46.8488865873239    ,0.134168428824331   ,245.248556828557    ,-1.12150030075788   ,6.47127872076058    ,61.5165260637474    ,24.9537300775811    ,50.0694547219288    ,287.666800179215    ,301.756208656478    ,316.290534653861    ,0.00635202819517748 ,3.1426321004139     ,11.3722421216849    ,7.41427743260878    ,53003               ,jun                 ,2015                
58.3746487417073    ,0.0874934926701622  ,263.439991779094    ,-1.88101853048705   ,7.00807857297833    ,78.2753138612243    ,19.4282628818964    ,55.3447151529033    ,288.76000564611     ,304.815977490101    ,317.377629076353    ,0.00644666160400638 ,3.38774885234496    ,7.21074365910297    ,6.56270988282302    ,53017               ,jul                 ,2015                
50.0298262935653    ,0.463718631237684   ,220.610829126392    ,-2.38265465708731   ,6.76343952420763    ,70.7415319005699    ,19.3325865121434    ,55.9426421943348    ,285.947647185989    ,303.815613702601    ,314.282381102809    ,0.00594455667939236 ,3.50112279517614    ,8.52268612984408    ,7.12968408436106    ,53063               ,jul                 ,2015                
63.1958021426135    ,0.0313431814878857  ,255.975150380149    ,-1.92989933428097   ,7.32105011839332    ,82.8959404274478    ,17.6173156716179    ,54.197640954362     ,289.292311899489    ,306.348730276362    ,323.769888114625    ,0.00624606974316574 ,3.3874981697033     ,6.48694527682784    ,6.17301677456792    ,53025               ,jul                 ,2015                
55.637878875239     ,0.240324698620887   ,238.954787280545    ,-2.44063118202115   ,6.77007709803909    ,73.8571695422766    ,18.9000070154901    ,62.5231239388745    ,286.254833738618    ,304.607447444544    ,314.204509432316    ,0.00622478768804382 ,3.36865687062847    ,8.08423429457271    ,7.32951502066138    ,53043               ,jul                 ,2015                
60.5165730206734    ,0.0387854157310943  ,241.606142992717    ,-2.57925695098346   ,6.94321179612528    ,79.7578564171474    ,17.7263851107153    ,59.8125619682921    ,287.19849588761     ,305.939725953954    ,317.755338246946    ,0.00609624415876404 ,3.24120038351121    ,7.07424143328333    ,6.70203080773629    ,53001               ,jul                 ,2015                
58.3293624330698    ,0.239443956803552   ,232.294375829534    ,-2.9272719671212    ,6.91843740171907    ,74.803073213494     ,18.8234456526034    ,57.1276180603925    ,286.369909110893    ,304.720469389306    ,314.260205931112    ,0.00592411404514448 ,3.52639883411451    ,8.09783245148197    ,6.9248441169565     ,53075               ,jul                 ,2015                
61.6509887245689    ,0.00686365546792672 ,247.897882488999    ,-2.76201903544939   ,7.18726689490136    ,83.1694679496898    ,17.7583808246381    ,54.2610293397832    ,289.411361096101    ,306.605686064689    ,322.565560133108    ,0.00615707567538234 ,3.30643146177084    ,6.3143554284614     ,6.17902120088525    ,53021               ,jul                 ,2015                
60.6610216199726    ,0.0153116354376425  ,252.990809468828    ,-3.5360988599544    ,7.25793239637558    ,82.5429998710197    ,18.0708049275443    ,53.8791941890145    ,289.829087907063    ,306.574609928674    ,324.596305867556    ,0.00624630418155907 ,3.36171689558448    ,6.36605809781132    ,6.1889642750086     ,53005               ,jul                 ,2015                
59.03505248733      ,0.308135418426988   ,237.811308275122    ,-3.22136606094013   ,6.89809590500453    ,77.7552127012674    ,18.9952860951209    ,42.9965298554625    ,288.541015615828    ,303.102787859333    ,312.804647446825    ,0.00534491124124408 ,3.55306158801927    ,7.61463294915841    ,6.07921077070101    ,53023               ,jul                 ,2015                
59.3526124756112    ,0.205918220841206   ,236.607011481609    ,-3.50314901646935   ,6.8586226552146     ,78.1083516026042    ,19.8265349351963    ,43.4043965799505    ,288.693270541067    ,303.027439858981    ,311.007713265041    ,0.00545080211244381 ,3.62596995547462    ,7.49099940646442    ,6.0858426858114     ,53013               ,jul                 ,2015                
61.7061639396093    ,0.0748862206658415  ,243.320884286404    ,-3.30849004567154   ,7.22335828322924    ,82.580463414426     ,18.1375673146752    ,48.7223795113712    ,290.147218945831    ,306.13198470369     ,313.552802053112    ,0.0059595802978879  ,3.48269371336256    ,6.51197697332829    ,5.96742376051267    ,53071               ,jul                 ,2015                
59.7914816194179    ,0.32265354569783    ,243.158647084085    ,-2.10504080315286   ,7.12262914678701    ,78.5102528342365    ,18.5616261460569    ,40.9250126109562    ,288.857292888472    ,303.337536920737    ,312.811324169643    ,0.00525406791947208 ,3.70773105668213    ,7.41339490731969    ,5.92692116599715    ,53003               ,jul                 ,2015                
59.5545600592266    ,0.080257233390004   ,239.050141683714    ,-2.13396125517765   ,5.8562962419416     ,80.1860409444669    ,19.6241981255138    ,57.2984053197399    ,287.114862376841    ,302.475342870204    ,261.452141572637    ,0.00586809657171196 ,3.50528712081304    ,6.68641087080373    ,6.70244826587239    ,53017               ,aug                 ,2015                
57.5220864119512    ,0.229803035960021   ,210.628866853779    ,-2.73594132739118   ,5.77663961477473    ,76.8472156537749    ,17.807145303015     ,61.3356299153005    ,284.483992777732    ,302.613580809398    ,262.650606303697    ,0.00549630416832599 ,3.5228963771139     ,7.40692629535031    ,7.18834414656507    ,53063               ,aug                 ,2015                
61.5051766266384    ,0.058925879495833   ,237.086058575301    ,-2.18233214526697   ,6.08674438661819    ,82.3461792044829    ,17.9621632739945    ,57.366653519995     ,287.199215696802    ,303.931318675979    ,268.206571577517    ,0.00577470265351842 ,3.42369744510817    ,6.35504621756965    ,6.54106705108749    ,53025               ,aug                 ,2015                
57.7418085501058    ,0.147782189694239   ,223.985122572587    ,-2.65992374845033   ,5.70418732174917    ,77.0359623094236    ,17.9804182962674    ,63.2670150246996    ,284.758625150048    ,302.78152053954     ,260.214296880004    ,0.00556896781159952 ,3.38353413653177    ,7.41934259061368    ,7.29947386043838    ,53043               ,aug                 ,2015                
60.1474613942835    ,0.0598764451743494  ,232.173167543828    ,-2.83170714464889   ,5.83012212357423    ,81.654222276319     ,17.1162325862441    ,58.6111907763296    ,286.109778945377    ,303.93194812225     ,265.834946630005    ,0.00553788588020888 ,3.13675593135427    ,6.64251861641462    ,6.64543858934368    ,53001               ,aug                 ,2015                
61.5845648611745    ,0.103200199011381   ,228.897207353798    ,-3.25737534943749   ,5.89054185195033    ,80.732768456678     ,16.8941762272095    ,58.6950879650369    ,285.448512698324    ,303.405789756703    ,263.340513327669    ,0.00541988499922081 ,3.39951544890141    ,6.9020738073273     ,6.74123186666101    ,53075               ,aug                 ,2015                
59.7220022116346    ,0.0227430663485237  ,244.400154100517    ,-2.93499023960187   ,6.01959140782912    ,82.7803428716163    ,17.9290930396718    ,55.7141144754869    ,287.999013237208    ,304.400864730343    ,270.196077892976    ,0.00583524335136466 ,3.18866303549067    ,6.24374627232847    ,6.40371984548072    ,53021               ,aug                 ,2015                
60.3471772293481    ,0.00219408581845745 ,248.130056035726    ,-3.60426126723224   ,6.05559605916371    ,82.0860621956019    ,18.2673719948907    ,57.1802186498116    ,287.808693784046    ,304.162038916326    ,270.583159251394    ,0.00584653977059467 ,3.29945816906565    ,6.33998241816388    ,6.55788145391375    ,53005               ,aug                 ,2015                
63.2613092039181    ,0.237306953628945   ,235.539328938757    ,-3.57520948680538   ,5.97449661041639    ,84.3805871347081    ,16.1536618169958    ,47.0456649711103    ,287.323789721523    ,302.087842124613    ,267.018068422514    ,0.00495883267671127 ,3.45603001066354    ,6.29917328010411    ,5.84529364851858    ,53023               ,aug                 ,2015                
62.0454186541147    ,0.294379904492494   ,236.461534325848    ,-3.92361655462059   ,5.98867135790026    ,83.292170155594     ,16.7825585781491    ,47.1082749079257    ,287.364904918133    ,301.858253652956    ,268.555165715243    ,0.00500040538233101 ,3.56797109802235    ,6.35663391109899    ,5.96896274644284    ,53013               ,aug                 ,2015                
61.1745331371797    ,0.13161973801578    ,240.122786527164    ,-3.5441811858477    ,6.19836593584035    ,83.5133584405442    ,17.1872434983909    ,51.7421828519319    ,288.531855769524    ,304.30193516741     ,266.80462495017     ,0.00562812195645795 ,3.43741880546021    ,6.14108369221001    ,6.14235199326266    ,53071               ,aug                 ,2015                
65.2656723742825    ,0.205296519165716   ,231.857002455907    ,-2.42023706784214   ,6.27032280751388    ,85.4939223388967    ,15.6402344889491    ,45.6473497763953    ,287.634983422926    ,302.377731078929    ,269.792751685013    ,0.00489972288230636 ,3.70902463703232    ,6.097074637111      ,5.6652843287223     ,53003               ,aug                 ,2015                
45.5000396089305    ,0.161499636096801   ,219.757358549997    ,-2.14368342475      ,3.56200869287978    ,62.0713733904445    ,25.0692884166071    ,72.7619775820078    ,281.054374528938    ,295.599547643396    ,185.831836932817    ,0.00513247834783807 ,3.12505786035474    ,9.27721407756223    ,10.4436267461845    ,53017               ,sep                 ,2015                
37.1100961573097    ,0.422133432440422   ,208.635324779228    ,-2.72830855496145   ,3.35162841395646    ,50.1110212598528    ,27.8482352235518    ,82.2923196659262    ,278.462553231066    ,294.820881920286    ,180.611126058901    ,0.00523395986060811 ,3.34141752797178    ,11.490032875405     ,12.7972612881008    ,53063               ,sep                 ,2015                
42.3827818896696    ,0.307493983307657   ,221.204479402104    ,-2.02969691881968   ,3.73743454845557    ,60.6652725448701    ,23.1921262936066    ,74.0290045571429    ,280.830161882827    ,297.110556575164    ,191.912498514569    ,0.00507595979787085 ,3.01851279349642    ,9.46578441325809    ,10.6779873761224    ,53025               ,sep                 ,2015                
37.7543091935588    ,0.766276088345117   ,213.061135820557    ,-2.11883391860751   ,3.4008188148956     ,50.2305185324063    ,26.000482394113     ,81.1763203729403    ,278.849660851866    ,295.361567395437    ,181.563699015494    ,0.00509681503376246 ,3.14101803690646    ,11.774860119004     ,12.6908304269483    ,53043               ,sep                 ,2015                
38.6760050863796    ,0.760869066906095   ,214.616863664629    ,-2.23799866127649   ,3.47495312038329    ,55.5573198701044    ,24.4044274776918    ,75.9540750791373    ,280.342664652681    ,296.739003403162    ,188.364680346514    ,0.00511359238807857 ,2.75014691394687    ,10.6608574701699    ,11.5769292564082    ,53001               ,sep                 ,2015                
39.5625964223076    ,0.49703047171761    ,214.239757700004    ,-3.1843457289303    ,3.47502821118691    ,54.6321824804568    ,26.7384378135906    ,78.0953620158177    ,280.026162431306    ,295.990470594219    ,185.174647347544    ,0.00529201833028164 ,3.07254395807958    ,10.6854929193422    ,11.8830969798144    ,53075               ,sep                 ,2015                
39.8006271914947    ,0.444002366129022   ,218.29768952981     ,-2.6163233714226    ,3.66042098604716    ,59.9897762836554    ,24.6847592428403    ,71.2927108534789    ,282.502546281081    ,297.700389592097    ,193.796423344734    ,0.00542317947014593 ,2.78130066114358    ,9.56403239806493    ,10.5250500336671    ,53021               ,sep                 ,2015                
41.1007544203388    ,0.150341276640782   ,225.216620383178    ,-3.53864963484939   ,3.72991181714295    ,62.1898073867933    ,23.759329539173     ,73.0083566441809    ,281.890269063916    ,297.722097066544    ,198.832438998251    ,0.005310486370851   ,2.82233259363405    ,9.026295199714      ,10.3900304690385    ,53005               ,sep                 ,2015                
42.0239935920352    ,0.557751498817163   ,223.197687198805    ,-3.46881028904925   ,3.56894126560377    ,60.7735451356718    ,27.0943383321505    ,66.5084416624428    ,282.414800197688    ,295.064347198044    ,190.753647871788    ,0.00517972536781787 ,3.05039693897062    ,9.5051690873152     ,10.140906525991     ,53023               ,sep                 ,2015                
41.1949733081704    ,0.701134501030932   ,218.996031706912    ,-3.73885595288784   ,3.5574179154416     ,59.4326179314658    ,27.3539665629102    ,66.0874002846124    ,282.342702232481    ,294.944356136089    ,191.80465719213     ,0.00517204793330191 ,3.1713598224089     ,9.80976906829688    ,10.2263669576944    ,53013               ,sep                 ,2015                
39.3294871392289    ,0.602714503219296   ,218.733908967016    ,-3.2527653363339    ,3.75662712616326    ,59.1071461455286    ,25.5833736360235    ,68.9899320002817    ,283.138855497365    ,297.476279344016    ,189.65856919224     ,0.00550084982362644 ,3.0502765579033     ,9.76348440285298    ,10.4223026775732    ,53071               ,sep                 ,2015                
43.5892088651077    ,0.541992352902889   ,231.904469135962    ,-2.4637375955454    ,3.74428141353484    ,62.4065811018004    ,26.7934813011012    ,64.5980865599175    ,282.862159019897    ,295.06814453422     ,193.377631057962    ,0.0051240969028657  ,3.27003589259447    ,9.1848282579668     ,9.78299506296497    ,53003               ,sep                 ,2015                
30.306494108916     ,0.663557578755709   ,188.089859877469    ,-2.18554944415834   ,1.99024739633067    ,43.7354419604352    ,40.0447825321207    ,85.3026850852704    ,279.106641483663    ,290.423167866942    ,112.214565477105    ,0.00557886126815229 ,3.24189141057655    ,12.3045038376339    ,14.5435346195713    ,53017               ,oct                 ,2015                
25.320152410819     ,1.22639671601271    ,185.837197285164    ,-2.96535617964608   ,2.06581100790229    ,38.7424491404879    ,38.7611745006256    ,86.5070594576647    ,278.565498215157    ,290.977218010038    ,114.68936897687     ,0.0056369967314362  ,3.64449477843273    ,13.4932896140651    ,15.1011322458908    ,53063               ,oct                 ,2015                
30.8393031533276    ,0.425919901085535   ,190.879721802333    ,-2.02597908553083   ,2.22932041440696    ,44.4206056890675    ,35.1793769536775    ,86.8725654108032    ,279.123375199472    ,292.63748183253     ,117.078885874068    ,0.00562798146754038 ,3.35094873992144    ,12.2579761761753    ,14.4023292781033    ,53025               ,oct                 ,2015                
25.9731097970643    ,0.699249623081354   ,186.68317262287     ,-1.99042959695025   ,2.0473944825263     ,38.6193942559657    ,37.5708799184502    ,89.1433529793248    ,277.997107956094    ,291.27130197203     ,113.922672747501    ,0.00556666535368441 ,3.48455171612983    ,13.6122619715691    ,15.3457974478613    ,53043               ,oct                 ,2015                
28.5632915362841    ,0.513968969791596   ,191.073045303778    ,-2.08366674597445   ,2.14148135516183    ,43.53847917491      ,34.4707164355838    ,86.684690489215     ,279.113581050863    ,292.817065782562    ,118.824364923177    ,0.0056214199796297  ,3.14102387036576    ,12.5850661058987    ,14.3379844513824    ,53001               ,oct                 ,2015                
30.0259641411363    ,0.952924399565361   ,188.751923799316    ,-3.32014391188528   ,2.27977456551802    ,44.1073512954639    ,35.0218164799743    ,84.2245376365416    ,279.616549483413    ,292.642308234951    ,119.216023585484    ,0.00567019928468522 ,3.53578619448012    ,12.5159031635625    ,14.0083819457747    ,53075               ,oct                 ,2015                
29.247124985489     ,0.514383301887633   ,205.776980136938    ,-2.58897050588559   ,2.23869121268429    ,44.3491362688855    ,35.5018317888747    ,86.3058507696866    ,280.54824552323     ,293.530227312793    ,123.261502613796    ,0.00594767739842634 ,3.24957650822238    ,12.127400498473     ,14.2822395215851    ,53021               ,oct                 ,2015                
28.018476502043     ,0.515582347496715   ,205.870983992444    ,-3.54088891610591   ,2.23967449319831    ,42.8395775559977    ,36.6667943883657    ,87.1698739155032    ,280.456433805352    ,293.29572736664     ,125.209945293346    ,0.00602361180159255 ,3.28173075901356    ,12.356873365822     ,14.648536942164     ,53005               ,oct                 ,2015                
33.454306750373     ,1.299109841175      ,191.260988243499    ,-3.60746257423614   ,2.39397080103803    ,50.4950515092243    ,34.4738059957719    ,76.5112763421852    ,280.875327077998    ,292.092729847074    ,125.925668359495    ,0.0054978143879194  ,3.60686798357003    ,11.0513893798892    ,12.4850853295346    ,53023               ,oct                 ,2015                
31.8877554186251    ,1.74284232471354    ,188.594943494496    ,-3.88069138029691   ,2.33687128011106    ,48.9812965384208    ,35.7814136481611    ,76.8754452004905    ,280.864843813396    ,291.981641347093    ,127.563466784801    ,0.00556960375928423 ,3.79016610148025    ,11.346845373232     ,12.7628656217646    ,53013               ,oct                 ,2015                
30.6038282821099    ,0.948484572029211   ,197.886024994329    ,-3.35161527627852   ,2.39039200223121    ,46.3398229970164    ,35.7243072334438    ,83.0206067215074    ,281.160564015426    ,293.539380245374    ,123.048581752382    ,0.00594610094382588 ,3.65476880163744    ,11.7535978172696    ,13.6883378235211    ,53071               ,oct                 ,2015                
35.2953323551085    ,1.01577592614099    ,196.911777915353    ,-2.70677472089039   ,2.60734861978284    ,52.9740302045682    ,33.1610078684773    ,74.1923957107935    ,281.036438613435    ,291.936641167662    ,129.718338871384    ,0.0053060879297765  ,3.99408928858748    ,10.4479845388092    ,11.872320654029     ,53003               ,oct                 ,2015                
15.2189838791579    ,1.28438117895459    ,200.682817917264    ,-1.98076878267157   ,0.79388274015509    ,22.3533069032864    ,49.1033862764302    ,88.0394932372444    ,270.180221926406    ,278.599598085141    ,62.5002829311779    ,0.00328604958833071 ,3.26307485897532    ,18.3964039495799    ,18.3407372539791    ,53017               ,nov                 ,2015                
10.7021467964458    ,1.38950006310821    ,184.035701453335    ,-3.00332277813943   ,0.696766024952086   ,14.0657215942419    ,55.4593780940789    ,93.434783232514     ,269.809018241163    ,278.503974687292    ,65.4460204709023    ,0.00354425077411047 ,3.43415664921174    ,21.0994471900731    ,20.6872059134123    ,53063               ,nov                 ,2015                
19.0487910643792    ,0.675629567711783   ,202.484696442176    ,-2.19084318092979   ,0.91451339501068    ,23.7848987278017    ,47.8187729900018    ,91.8397097340595    ,270.27544027511     ,280.053060962368    ,64.6500907156396    ,0.00344078467493692 ,3.43271345338358    ,17.826377649499     ,18.8687540108659    ,53025               ,nov                 ,2015                
12.8238167255192    ,0.826168787759168   ,188.010720381513    ,-2.19815528895424   ,0.753823827087506   ,17.7940320541106    ,51.3115091794241    ,94.4086306894404    ,269.186358652289    ,278.909473879866    ,65.271008743098     ,0.00345845746970013 ,3.41601257316632    ,19.6268684755931    ,20.1032220655334    ,53043               ,nov                 ,2015                
16.0211430756388    ,0.706828512427857   ,194.236061955318    ,-2.36067915477976   ,0.833832274468788   ,21.3870728694493    ,50.62871364987      ,92.6850303170788    ,270.349075126466    ,279.766781189198    ,66.912246193107     ,0.00353467567009254 ,3.08586841543003    ,18.4462306390633    ,19.3939853924621    ,53001               ,nov                 ,2015                
14.2441928801443    ,1.2305538453974     ,175.027282197952    ,-3.36676802925035   ,0.886882250378091   ,19.3005579554427    ,51.414121107812     ,89.7862386561375    ,271.397633583218    ,279.731873256309    ,68.1275610609616    ,0.00358779841088964 ,3.47116640115719    ,19.4118584311242    ,19.156451639512     ,53075               ,nov                 ,2015                
15.217898676212     ,0.851551935114922   ,199.248792417233    ,-2.6830049493374    ,0.965389572727757   ,22.0218336223945    ,52.2869610759539    ,89.7717379853664    ,272.224185235439    ,280.556317776411    ,65.6419522236555    ,0.00370866699880049 ,3.15895862386777    ,18.0727700191889    ,18.7906378865853    ,53021               ,nov                 ,2015                
17.6141700818929    ,0.850001858548065   ,209.482892182029    ,-3.56307023140571   ,0.956245502389791   ,22.7834665421668    ,51.7215606302905    ,90.3810429178046    ,272.213827574841    ,280.657467047938    ,70.4461190063808    ,0.0037095169398885  ,3.11813403864995    ,18.0296593938824    ,18.8385518774243    ,53005               ,nov                 ,2015                
14.9651693319435    ,1.62525332877509    ,178.503711738349    ,-3.56559858361633   ,0.905850706316963   ,21.0089834705658    ,51.7019373232287    ,85.186406793851     ,272.181158813729    ,279.611421004586    ,68.7396263477965    ,0.00356984385284431 ,3.53063298498992    ,18.8132430447802    ,18.3609211135848    ,53023               ,nov                 ,2015                
11.2651043673044    ,1.98622085287075    ,191.920153709398    ,-3.8537234063756    ,0.923610675449355   ,17.8953437337179    ,52.6549496382735    ,85.9278314607098    ,272.076663674027    ,279.432100694799    ,71.7238806576421    ,0.00359373486775134 ,3.79810040538536    ,19.7628482465761    ,18.9416498632747    ,53013               ,nov                 ,2015                
13.4181323121234    ,1.18114503320599    ,203.278158823132    ,-3.43686040630186   ,1.0629274657087     ,20.5447773921656    ,54.1241707129853    ,87.47787811362      ,273.006259399249    ,280.475865227097    ,65.8623490858207    ,0.0037959652127847  ,3.72072261675667    ,18.6093140908373    ,18.6094550123706    ,53071               ,nov                 ,2015                
17.0420024843982    ,1.3774835277521     ,192.999017725664    ,-2.61071648214855   ,1.0399419413594     ,23.9675966685271    ,50.3308442136667    ,82.9418237110704    ,272.360799183347    ,279.760143727398    ,71.0156610901918    ,0.00346783542377623 ,4.02108578127956    ,17.7387350371284    ,17.4189460707987    ,53003               ,nov                 ,2015                
1.95980146852626    ,3.38065879692031    ,163.871953653368    ,-0.706725588545324  ,0.225104695860581   ,2.30507400815279    ,77.0690678261468    ,97.0331038832343    ,268.095551385048    ,273.800134502181    ,45.0941443838306    ,0.00330470556287938 ,2.78852242500206    ,25.808509684166     ,24.9189082095137    ,53017               ,dec                 ,2015                
1.86304594316985    ,4.4259332808046     ,167.215338340767    ,-2.78434235564119   ,0.32330303011624    ,2.02174846700019    ,75.9976902317252    ,95.3758944077574    ,269.586005066907    ,275.476271686341    ,42.0357149935783    ,0.0036339786597938  ,3.33862003914129    ,26.5569078041548    ,24.4668592112888    ,53063               ,dec                 ,2015                
4.1070438687428     ,2.49568185359739    ,168.306972962774    ,-1.58665449535934   ,0.274941387228211   ,4.08353280720898    ,74.2925337943124    ,97.5211917588945    ,268.935556389194    ,275.680868804578    ,46.716687976435     ,0.00358405966734648 ,2.95923581358901    ,24.6818423413562    ,24.1896999646221    ,53025               ,dec                 ,2015                
1.68656972733014    ,3.32529571635935    ,164.331929974795    ,-1.86317581132161   ,0.261926187781248   ,1.76959033393474    ,76.8212638147881    ,97.5347454632476    ,268.798990109731    ,275.01721230494     ,44.3379089276565    ,0.00359389440327114 ,3.26990464073661    ,26.3202096837422    ,25.0502454231159    ,53043               ,dec                 ,2015                
4.19443834084153    ,2.56073063929292    ,160.667332957103    ,-2.06371070781888   ,0.333968331771271   ,4.43881131274211    ,73.1532951258429    ,96.7524062935466    ,269.924550888076    ,276.399161829033    ,43.5280122414473    ,0.00373450342876883 ,2.91150921632989    ,24.5649058815629    ,23.7741199365887    ,53001               ,dec                 ,2015                
3.65512468720184    ,3.87592471109886    ,152.189447484633    ,-3.0369495753681    ,0.529702914236734   ,4.91092996552632    ,68.7062181581983    ,93.2276122505338    ,270.927145355823    ,277.075957196404    ,40.4892431957768    ,0.00371931262478214 ,3.81271421823782    ,24.7534648035835    ,22.7668108236275    ,53075               ,dec                 ,2015                
5.83802252686177    ,2.01557086322743    ,158.305940808516    ,-2.21939249611818   ,0.48732439866382    ,6.81975135774392    ,69.7984298349038    ,95.3166533025106    ,271.663688338842    ,277.899311085236    ,42.5782934673016    ,0.00387409933586008 ,3.22645290847772    ,23.4437113840152    ,22.530815402789     ,53021               ,dec                 ,2015                
6.41408384125496    ,1.81242868675679    ,173.001367648913    ,-2.9902826977023    ,0.468884983015315   ,6.74663353915807    ,68.2910809468       ,96.459165196541     ,271.506834748699    ,278.088540346947    ,44.5243523858238    ,0.00388447770207553 ,3.08550329533143    ,23.6292453052965    ,22.6931603468381    ,53005               ,dec                 ,2015                
4.79721429650334    ,3.76351611322837    ,161.292502392202    ,-3.35102863933729   ,0.646277256750388   ,7.60261104070427    ,65.525315261825     ,90.7537343895954    ,270.943093268669    ,276.836474416666    ,42.6058798507627    ,0.00355519869057008 ,4.27666731568103    ,23.7463832511665    ,21.7237909795828    ,53023               ,dec                 ,2015                
3.31689116214166    ,4.81284664228272    ,170.232382420678    ,-3.66275525904451   ,0.629560659890816   ,5.54151667227362    ,65.7814061532678    ,92.0162739738744    ,270.883818717277    ,276.756553290402    ,45.8073035932544    ,0.00359272162523852 ,4.68388662687771    ,25.3293191695088    ,22.6117559714259    ,53013               ,dec                 ,2015                
5.05775616004215    ,2.67894834580864    ,173.466611701945    ,-3.23293595779233   ,0.727497109797276   ,7.51374831604323    ,65.2812630118393    ,92.2906636137303    ,272.538248987379    ,278.622217446097    ,41.4518632537304    ,0.00387465892226163 ,4.31358342518005    ,23.5449313119821    ,21.7555294096308    ,53071               ,dec                 ,2015                
6.46711838648557    ,2.71682462900007    ,181.96466559366     ,-2.2489867147303    ,0.791094264776022   ,11.7920777061066    ,63.3242214611267    ,86.6436823448125    ,271.11005896501     ,276.771014920348    ,44.4186179722603    ,0.00338769411212717 ,4.95942542361517    ,21.617175875615     ,19.9603717021989    ,53003               ,dec                 ,2015                
