bi,pr,th,pdsi,pet,erc,rmin,rmax,tmmn,tmmx,srad,sph,vs,fm1000,fm100,countyfips,month,year
3.66348753808481   ,2.20477831051688   ,184.328892518019   ,1.73060693496107   ,0.446694864333775  ,1.99581932869164   ,68.4727897925974   ,96.9934471826244   ,270.933716207719   ,276.801844562451   ,59.9511057745321   ,0.00365570584252279,3.31571377020236   ,27.5284438667666   ,23.4322684767889   ,53017              ,jan                ,2006               
1.1926968604743    ,4.43232430407657   ,198.073099894317   ,-0.814017060800647 ,0.511741615283231  ,0.316233954418124  ,70.3848343378002   ,98.238393159506    ,272.308377009067   ,278.005409630458   ,49.5217935604399   ,0.00412684133462535,4.13443418098017   ,30.0301488314742   ,24.7258809154461   ,53063              ,jan                ,2006               
5.66681243315654   ,1.8321202122672    ,185.303886988186   ,1.9972634976917    ,0.589552853609067  ,3.54581403545876   ,65.4812534617079   ,97.2096690268859   ,272.188896466702   ,278.793583715103   ,54.5036614044535   ,0.00394555339948634,3.72587823156352   ,26.3828626459356   ,22.8372919523906   ,53025              ,jan                ,2006               
3.23203605590172   ,2.92133706968012   ,193.112388833454   ,0.581706644432262  ,0.551922735209686  ,1.3093318035378    ,67.5378539405286   ,97.4847904716044   ,272.078542481597   ,278.159783491023   ,51.4784929766116   ,0.00398056239454482,3.93210548686966   ,28.5178505739445   ,23.7307289084475   ,53043              ,jan                ,2006               
5.02873649531501   ,2.38878778027831   ,184.590072964397   ,0.405279221370773  ,0.666254281665748  ,2.67009956078867   ,63.5581327493535   ,97.388855004445    ,272.803668842198   ,279.911000088255   ,50.6565402328268   ,0.00414827494803368,3.695694844018     ,27.2273632257237   ,23.0160992114025   ,53001              ,jan                ,2006               
3.48377072994299   ,3.37246988751178   ,199.638532808076   ,-1.71186500502568  ,0.798137476695896  ,2.14234643215674   ,62.0489890930639   ,95.6122957731243   ,273.242257244537   ,279.966083658931   ,48.8559233523229   ,0.00416211880018062,4.56365354905771   ,27.5756462898472   ,22.7525960233858   ,53075              ,jan                ,2006               
8.2741339918657    ,1.82209778749396   ,184.769734787409   ,0.351449036980287  ,0.892238258457657  ,6.32690767071406   ,59.2262120599486   ,94.5116724198864   ,274.004631742946   ,281.559217311963   ,49.4457937536405   ,0.0042534559883383 ,4.095851379559     ,25.2606307621333   ,21.43153770177     ,53021              ,jan                ,2006               
7.55400381891736   ,1.74432062011942   ,185.920129257296   ,1.14014772497691   ,0.856065484431152  ,6.19022594239011   ,57.9356087000003   ,95.0167650006886   ,273.715727658826   ,281.405338063816   ,52.2397191501296   ,0.00419542147957697,3.8628782790839    ,25.5184564158124   ,21.4319551777899   ,53005              ,jan                ,2006               
3.89902423692603   ,3.73729233929197   ,210.589661127578   ,-2.2384115486535   ,0.835525478600435  ,3.5731805832254    ,62.0943303078598   ,94.0281580216276   ,272.855923077311   ,279.364823570855   ,50.5296406351333   ,0.00407053083987028,4.96582609989485   ,26.8912267321887   ,22.4087595407482   ,53023              ,jan                ,2006               
3.34701811342839   ,5.13960281665      ,209.337609923584   ,-2.29365117387622  ,0.911731225516904  ,2.80488664031601   ,60.8506989942131   ,93.6576993433613   ,273.017127577104   ,279.77910051312    ,53.4950745292178   ,0.00410211103305889,5.62971717007477   ,28.374230160139    ,22.8156059283176   ,53013              ,jan                ,2006               
6.69993882743425   ,2.66813979579838   ,201.757409386644   ,-1.9277173572278   ,1.12605032684717   ,5.85038059140836   ,54.8294705971939   ,92.3045192021196   ,274.545299354951   ,282.383955660624   ,48.6640387351764   ,0.00428013278778013,5.24857230641978   ,25.9974174389463   ,20.9528819306016   ,53071              ,jan                ,2006               
7.3037762794836    ,1.88715017160121   ,225.224173714476   ,-1.73729002740633  ,0.917787108206317  ,9.00293183051033   ,62.1208285238986   ,92.0317314404837   ,272.802098521463   ,278.993139304243   ,53.3440829253011   ,0.00394580303609094,5.82593837496194   ,23.2975511753001   ,20.7872614798783   ,53003              ,jan                ,2006               
18.5507296212192   ,0.808045136441416  ,168.580132935651   ,2.47362359482644   ,1.17215004716532   ,22.0209865872535   ,39.2341428696306   ,79.1510174016471   ,268.009065987194   ,278.106905777453   ,111.019687429134   ,0.00245217597222614,3.47138332432974   ,21.144485797614    ,14.9171786760889   ,53017              ,feb                ,2006               
16.0420639289609   ,1.31938912636991   ,167.567043020758   ,1.09504341590006   ,1.14126317314982   ,16.4496797958896   ,44.4425338063093   ,83.5857914300572   ,268.087855653353   ,277.710774887555   ,90.1641336309356   ,0.00266951878037468,4.0578339237702    ,23.2355308054428   ,16.4523832807321   ,53063              ,feb                ,2006               
20.8326554044349   ,0.582208818300963  ,151.680691869327   ,2.54180688933582   ,1.33885168117809   ,24.9000694616232   ,38.1926605069441   ,78.0593958582197   ,269.188874843196   ,279.900679397284   ,106.236730470207   ,0.00258614885522858,3.59541240736519   ,20.0982145866485   ,14.3676842487833   ,53025              ,feb                ,2006               
18.5007044818676   ,0.788345718560083  ,171.580687870411   ,2.18184860130104   ,1.22618859270673   ,21.3843092925318   ,41.4297514558448   ,79.1267553505701   ,268.643141675312   ,278.377211408488   ,99.0571771508551   ,0.00259267667852442,3.80459775902938   ,21.2948728579935   ,14.9168256259883   ,53043              ,feb                ,2006               
18.9739695362825   ,0.64177934915846   ,151.21303922043    ,2.02818107684681   ,1.2738349295442    ,23.0127847596883   ,40.1352298061622   ,79.158140596873    ,269.44106268834    ,279.821923720071   ,98.5816357815993   ,0.00270544667335111,3.37474670446875   ,20.7347122356143   ,14.6957799260654   ,53001              ,feb                ,2006               
17.3247190443585   ,0.974408676013225  ,174.744302735208   ,-0.569715353975109 ,1.31031665021131   ,20.0741491634339   ,42.2832278444787   ,81.2914704229852   ,269.321640900043   ,279.231780967392   ,93.386282173285    ,0.00279239253420285,4.00174995064235   ,21.6004697210648   ,15.4509415901408   ,53075              ,feb                ,2006               
21.7823086536223   ,0.48080712539236   ,170.666148707235   ,1.41592134214365   ,1.45214501329503   ,28.0169248765642   ,38.3984518153327   ,76.7801257956159   ,270.731795593932   ,281.42077734811    ,101.785256789281   ,0.00280969318561832,3.47578684319179   ,18.8142887260888   ,13.6492042428845   ,53021              ,feb                ,2006               
21.7893710061303   ,0.402828191854973  ,163.899988033122   ,1.90994989566314   ,1.40562828463626   ,26.7489315970334   ,39.4116096039092   ,80.4194742760614   ,270.267348507956   ,281.191768888085   ,105.222211918383   ,0.00280940521422891,3.39771773198199   ,19.1664188960701   ,14.4615377746995   ,53005              ,feb                ,2006               
17.0146844365832   ,1.04064977142923   ,187.529074363563   ,-1.52959551605132  ,1.36136284289417   ,20.6520680073796   ,41.8772899529103   ,80.031329420677    ,269.113354340209   ,278.72149023887    ,95.7318940564607   ,0.00272168682084451,4.15233690891259   ,21.4401034879388   ,15.1781537165764   ,53023              ,feb                ,2006               
15.4467271855273   ,1.56119793610022   ,177.533288409529   ,-1.4982803573159   ,1.38967378058024   ,18.4318098870803   ,41.6552378430506   ,79.4350950495022   ,269.279701133049   ,279.022825778913   ,101.970600306141   ,0.00272407101917153,4.30779857066423   ,22.7248976514156   ,15.3815514436834   ,53013              ,feb                ,2006               
19.0713078794414   ,0.922819004315152  ,171.196494111417   ,-1.43015403993085  ,1.47902076864457   ,23.7646454146303   ,40.778146428929    ,79.9724212944438   ,270.59326261372    ,281.009249161068   ,95.8056137243353   ,0.0028924434196675 ,4.08984134144622   ,20.0273436609738   ,14.8252603080076   ,53071              ,feb                ,2006               
22.2215835625979   ,0.604615550057048  ,195.324138652048   ,-1.56839798829561  ,1.51851172747559   ,27.3938681427205   ,40.6472127029868   ,77.327087071193    ,269.128413288884   ,278.830105838239   ,97.7780218029917   ,0.00263458142272897,4.78581930477875   ,18.4802374796276   ,13.9573758930061   ,53003              ,feb                ,2006               
17.8411520057244   ,0.769325176028311  ,165.529139331782   ,2.29324904595638   ,1.81309367792107   ,23.3123555935504   ,43.3637074560158   ,92.6526552427023   ,272.425620161713   ,282.480400269202   ,157.885510563964   ,0.00369526018068425,3.43163725693592   ,18.7469438490334   ,17.0820521441825   ,53017              ,mar                ,2006               
13.0046292154169   ,1.46184962551633   ,153.848144870708   ,0.987703474217756  ,1.64321766086438   ,17.1276509837784   ,48.5061729368316   ,92.2491680593722   ,272.089069691484   ,281.737053078312   ,141.556050240473   ,0.00377645345192619,3.62804662930006   ,20.8291683335411   ,18.0684441158685   ,53063              ,mar                ,2006               
21.6508427705229   ,0.489329939984155  ,163.22144184478    ,2.28125921391191   ,2.0497256246365    ,27.2379244747973   ,38.5136631486297   ,92.2531239285238   ,273.204079193081   ,284.583168571046   ,158.080576350964   ,0.00374943798524431,3.50490473274873   ,17.7670989463146   ,16.3184777038688   ,53025              ,mar                ,2006               
15.9814779675886   ,0.831056773146321  ,156.125378150107   ,1.86146204103623   ,1.77286406863469   ,21.044575508036    ,45.6496865682729   ,93.6421083313312   ,272.39414814855    ,282.479121366855   ,154.805419162988   ,0.00380147052064093,3.59983547926592   ,19.3858701394771   ,17.6425755266799   ,53043              ,mar                ,2006               
18.5693801559024   ,0.648687243454722  ,163.503460586705   ,1.62453582714941   ,1.979245411098     ,25.8036945493575   ,40.2056036393031   ,90.7822193682045   ,273.287113948829   ,284.326469396705   ,157.61247468041    ,0.00378171390203601,3.22507733982034   ,18.1458139083711   ,16.257933197538    ,53001              ,mar                ,2006               
12.6503899590711   ,1.29905574484161   ,172.56713550764    ,-0.794312773639081 ,1.89097539432135   ,20.8396785075208   ,44.6972268383598   ,89.6418602785983   ,273.232316864419   ,283.20284267592    ,149.057625498473   ,0.00385412931781566,3.72974499226521   ,19.1371910391994   ,16.9098669338407   ,53075              ,mar                ,2006               
21.8096667944744   ,0.735876164014079  ,170.045730663863   ,0.753042976844769  ,2.23791799734603   ,31.1836308794045   ,36.0068105908245   ,87.4401837214051   ,274.620660392818   ,286.168951987747   ,157.891245678696   ,0.00382869432954159,3.2743227232035    ,16.4081368817881   ,14.9613194150901   ,53021              ,mar                ,2006               
21.8648943454136   ,0.725185861438086  ,171.136500316217   ,1.3378090373437    ,2.21991879812268   ,30.3110185220146   ,35.6529512845917   ,88.5444849483565   ,274.503378374246   ,285.985645404138   ,158.185054882812   ,0.00381320649166683,3.26984201104592   ,16.8094350476146   ,15.2109502009432   ,53005              ,mar                ,2006               
11.6872289990439   ,1.96461076722478   ,188.195594888774   ,-1.74893931874824  ,1.8273004251703    ,18.3751997676003   ,46.8352198412556   ,90.9413498259575   ,272.522150466543   ,281.929376380904   ,150.241893736209   ,0.00376323032047991,3.91563881892189   ,19.967026055301    ,17.7836858349653   ,53023              ,mar                ,2006               
12.1667733662939   ,2.47078949341629   ,181.707824194619   ,-1.69267380768092  ,1.91789262598984   ,18.1201450695683   ,45.734262726714    ,89.2087762642905   ,272.913341192997   ,282.471598595064   ,155.579158366763   ,0.00375599428695032,3.90064708858582   ,20.5752022771734   ,17.4876142509723   ,53013              ,mar                ,2006               
16.4016863326833   ,1.67716430661452   ,176.934186141087   ,-1.75646928969397  ,2.21809146812573   ,25.6810247383342   ,39.6134923716839   ,85.3810848393154   ,274.853666668203   ,285.538810792008   ,150.134785791973   ,0.00387463458249389,3.72620113065416   ,17.993256243764    ,15.5326487598474   ,53071              ,mar                ,2006               
14.0060781881472   ,1.48990009265112   ,202.386384323117   ,-1.85353446441845  ,1.88365940245455   ,22.6095825387698   ,45.991475992717    ,90.2980828007895   ,272.565170952761   ,282.031439561801   ,148.910725382712   ,0.00373727440056006,4.25505104041363   ,18.0951036890451   ,17.0860739212359   ,53003              ,mar                ,2006               
22.3627318263779   ,0.759177369807126  ,209.102053227043   ,2.75915732762884   ,3.28133295536684   ,30.9334881312121   ,37.3358976321293   ,82.3882350671431   ,276.019201412012   ,288.193786877463   ,228.850091894789   ,0.00432902826594569,3.8150522296373    ,17.058860141869    ,13.7938575877012   ,53017              ,apr                ,2006               
15.464293138969    ,1.64757868309091   ,189.713992165794   ,1.41152710705361   ,2.98336998689259   ,22.0638306869502   ,40.4754004309363   ,85.5404435301745   ,275.530550696036   ,287.644086055118   ,208.499409364277   ,0.00456174720796306,3.83035190476835   ,19.9322195926577   ,15.4574165609953   ,53063              ,apr                ,2006               
24.9201435787971   ,0.769338279559364  ,206.887937935034   ,2.68406430625974   ,3.50416670036636   ,33.2101771670533   ,34.1740479977228   ,84.1552222494233   ,276.530645441384   ,290.028895486091   ,231.397480420119   ,0.00441787985212662,3.7767314282116    ,16.5001138985557   ,13.7793487921348   ,53025              ,apr                ,2006               
18.1159170273869   ,1.26664222277814   ,198.320681481899   ,2.21914585829729   ,3.14646265948682   ,26.5783975720311   ,37.9526312954765   ,84.8312709768898   ,275.586815029681   ,288.054941094519   ,222.453677227351   ,0.00441343304740047,3.74682421129472   ,18.3094482118399   ,14.7193813924099   ,53043              ,apr                ,2006               
19.1279650076304   ,0.979733311042631  ,200.068033634102   ,1.85968012232494   ,3.32473737676597   ,29.4868977895553   ,35.332337100458    ,85.4274593821455   ,276.02762236208    ,289.658807528987   ,230.335726794996   ,0.00446479631484012,3.37689952484004   ,17.3513211185178   ,14.4160886210266   ,53001              ,apr                ,2006               
15.9964975022245   ,1.44100429382044   ,205.379120078891   ,-0.29739836099101  ,3.14722419554112   ,23.4203975728353   ,40.38229032509     ,85.1476732188206   ,276.071773791743   ,288.536996835746   ,219.56734525314    ,0.00466020140385109,3.73701651618527   ,19.343136985517    ,15.2952147582185   ,53075              ,apr                ,2006               
22.0628328375072   ,0.8610423518297    ,197.768172056369   ,1.13801667145812   ,3.53620597558144   ,31.3323616724748   ,34.6139759765527   ,83.333994010534    ,277.524689499293   ,290.985627730932   ,232.281454373873   ,0.00462020070808462,3.35898426776513   ,17.0957496435214   ,14.0677867514048   ,53021              ,apr                ,2006               
24.9871980649332   ,0.754618668187358  ,206.400712628148   ,1.88914734128076   ,3.56647154487802   ,32.5512688384724   ,34.192423162893    ,84.0733334351338   ,277.598615933029   ,291.021226730196   ,232.771057865511   ,0.00463725916810078,3.42896875262966   ,16.9964799792574   ,13.9751112826007   ,53005              ,apr                ,2006               
15.3911948756682   ,1.76424474073555   ,215.129408817015   ,-1.23682837290053  ,3.01439133357434   ,20.8342194940856   ,44.2139618220043   ,84.0355993807933   ,275.646788116518   ,287.088939687283   ,221.202788449716   ,0.00461654654302968,3.86605222696597   ,20.388066862829    ,15.6687956054759   ,53023              ,apr                ,2006               
16.4501351384145   ,2.16452527915828   ,210.739410786521   ,-1.16477061636798  ,3.09457898652782   ,20.8134916263218   ,43.6729893805885   ,82.0626288711921   ,275.913369892114   ,287.493715229667   ,220.929550463825   ,0.00457994985931763,3.93327440460315   ,20.8491713818455   ,15.5188083557974   ,53013              ,apr                ,2006               
19.0274093805504   ,1.59497179769      ,208.358644395534   ,-0.973249686513409 ,3.41479723035159   ,25.1238461049087   ,39.5280142603205   ,82.791737158964    ,277.526086756595   ,290.403958080261   ,223.298972128271   ,0.00483150978267905,3.75819740967376   ,19.2574021418243   ,14.9509113994071   ,53071              ,apr                ,2006               
16.4440764739875   ,1.72874834755404   ,224.515898020946   ,-1.37544205498376  ,3.09648832617885   ,22.4897830273258   ,43.995316337901    ,83.8435216165807   ,275.961781407563   ,287.269098112009   ,220.145624157982   ,0.00466289745908289,4.28342947276839   ,19.46790910092     ,15.4828574142317   ,53003              ,apr                ,2006               
31.7084405279846   ,1.03008168335765   ,185.207458075601   ,3.16809673140098   ,4.90133186809167   ,47.0619943909164   ,28.9331931363872   ,73.4017054195684   ,280.3616642124     ,294.42993415877    ,293.529001263326   ,0.00528351235433705,3.4199909382971    ,12.8717884533551   ,10.8581044472007   ,53017              ,may                ,2006               
25.8659297179971   ,1.22869636318136   ,171.722537489075   ,1.53114128456259   ,4.60285868885728   ,40.4306037830645   ,31.72477621293     ,75.7987449257757   ,279.001576848259   ,294.187828138022   ,273.468562146638   ,0.00550749876082319,3.53206449435592   ,14.5247206976395   ,11.493307905041    ,53063              ,may                ,2006               
32.7577303776115   ,0.806031049745202  ,180.980348046816   ,2.99758841750245   ,5.19633536413466   ,49.6057611272436   ,25.5304476713849   ,73.2184506677447   ,280.911141825417   ,296.433623580991   ,292.387307142926   ,0.00529551586745753,3.42275052057401   ,12.3167262816897   ,10.3670984554482   ,53025              ,may                ,2006               
29.4259014550207   ,0.988192062288355  ,176.52177026026    ,2.53397613474558   ,4.76592991863096   ,43.5106471435643   ,29.0468788760778   ,78.2890065920271   ,279.123166581721   ,294.735494985014   ,285.759917163254   ,0.00541486532935156,3.44016200879933   ,13.7913781945888   ,11.3736805147107   ,53043              ,may                ,2006               
31.5166409006253   ,0.896480447196324  ,176.509089155485   ,2.16543630588134   ,4.98093965200325   ,47.0264705326875   ,26.3190239861267   ,77.1348153350644   ,279.638732018803   ,296.353949798829   ,292.016748169718   ,0.00538039460435586,3.18744265102108   ,13.0559788912477   ,10.8912286581245   ,53001              ,may                ,2006               
26.9777920141734   ,1.04821806753496   ,186.399719255632   ,-0.172278538311229 ,4.79338619880025   ,42.2378546204829   ,30.4888723088939   ,74.9328146690933   ,279.359148762249   ,295.246902358111   ,283.387080872914   ,0.00556158330337457,3.44239998669733   ,14.0390416427989   ,11.1799489239181   ,53075              ,may                ,2006               
32.8023981071817   ,0.958090610010896  ,177.215198158966   ,1.49340657551701   ,5.20468355999987   ,48.9970588078274   ,25.9392671710504   ,72.672405011009    ,281.524014566199   ,297.373194037123   ,293.100993070768   ,0.0055443595319226 ,3.22722749224224   ,12.67291193884     ,10.4502453793959   ,53021              ,may                ,2006               
32.1663117226226   ,0.981085274187202  ,180.649416380687   ,2.22459284790022   ,5.23785347119614   ,48.6921969573219   ,25.5734463899412   ,73.2731377318925   ,281.968410561116   ,297.250129677863   ,290.508877872351   ,0.0055617497361455 ,3.32894844099478   ,12.6458510524741   ,10.5691732203922   ,53005              ,may                ,2006               
24.0825487431493   ,1.38849848781719   ,199.153871472207   ,-1.30334328892438  ,4.64179229825896   ,39.5952836416738   ,33.5889832369193   ,68.2520150330042   ,279.913299319023   ,293.621951779438   ,281.824685949143   ,0.00544218185613019,3.45605466971176   ,14.7300279100824   ,11.16393877184     ,53023              ,may                ,2006               
25.0360918493461   ,1.67664577643717   ,186.270705456948   ,-1.26124526503094  ,4.62972235172267   ,40.0849916126011   ,33.2754979182731   ,68.3214960715151   ,280.036071022264   ,293.844580231718   ,277.256504670246   ,0.00544125812412176,3.56310117808453   ,14.6647815690655   ,11.1467962061266   ,53013              ,may                ,2006               
27.7702961368328   ,1.46439415503292   ,181.180900656431   ,-0.675414364734478 ,5.00771620828212   ,43.5125277938413   ,29.6390041908566   ,71.4457256738326   ,281.483690383395   ,296.687437672269   ,281.971145280727   ,0.00577969084502487,3.45392668745882   ,13.8405846882892   ,10.9829480080288   ,53071              ,may                ,2006               
22.8812352697661   ,1.55464261505347   ,209.161174373357   ,-1.42425081257566  ,4.8597297386363    ,39.8093727903139   ,32.0631807467391   ,66.3399280784325   ,280.446887421164   ,294.194236631418   ,282.364874580874   ,0.00539805251074995,3.72842417981222   ,14.5005940254756   ,10.964138994785    ,53003              ,may                ,2006               
26.2946699247131   ,1.0837860315101    ,223.617068295927   ,3.68658026102311   ,5.5259030044775    ,39.5454055181197   ,33.8783408605399   ,79.6170277418152   ,283.856086153783   ,298.310054279338   ,314.579421402759   ,0.00716539029672538,3.13676558151399   ,14.8846908717143   ,11.9960623505516   ,53017              ,jun                ,2006               
21.2270708678014   ,2.07121175796911   ,194.21635365369    ,1.8294876579652    ,4.97485696003671   ,32.5300695086927   ,39.7294000235251   ,82.3412043497072   ,282.982938370323   ,297.319716408526   ,286.40998160025    ,0.00773870737363585,3.23576024635464   ,16.6967399586539   ,13.3003096454895   ,53063              ,jun                ,2006               
30.803992634622    ,1.01006362074799   ,219.380614617766   ,3.67411632286493   ,5.8537209898869    ,43.3704150998977   ,31.0525867852113   ,79.2479074510694   ,284.460322183055   ,300.030555267613   ,322.413416406049   ,0.00721584104289829,3.12805673283894   ,14.1852387505868   ,11.5660704598058   ,53025              ,jun                ,2006               
24.0792686416177   ,1.28811947159238   ,203.266366148919   ,3.00196969110812   ,5.17853462457088   ,35.479822177629    ,36.7112453788448   ,85.6690500015101   ,282.446729588717   ,298.024879653433   ,304.136251940913   ,0.00765316340084689,3.11551938223384   ,15.8988956462038   ,13.147962695033    ,53043              ,jun                ,2006               
27.3594852080545   ,1.08948235902313   ,206.834160532594   ,2.80890160679476   ,5.49195778242383   ,39.8602833825287   ,33.3285303063926   ,84.2421750555977   ,283.202241830908   ,299.641924703429   ,316.035499153757   ,0.00754756969277442,2.93546670611517   ,14.9098235059263   ,12.4544318708786   ,53001              ,jun                ,2006               
23.561245850411    ,1.34956639945507   ,202.991389627588   ,0.11766899099537   ,5.13477317063949   ,36.2878871198168   ,38.7558407104343   ,84.1414930470784   ,283.102296128217   ,298.324755434522   ,296.793966334324   ,0.00782291103296858,3.17052757953195   ,15.5466156541039   ,12.936899272339    ,53075              ,jun                ,2006               
28.4992253320013   ,1.04322008014872   ,196.043728680351   ,2.28599379043549   ,5.7987409387185    ,42.4220894087278   ,31.695334672072    ,80.0177999046521   ,285.125905855619   ,300.631156674899   ,324.772843330579   ,0.00746332550481057,2.9584840480563    ,14.379589406527    ,11.7404068666238   ,53021              ,jun                ,2006               
29.0123570891951   ,1.05102099836813   ,201.909767578892   ,3.15414980171465   ,5.96173577507337   ,42.5117063484719   ,30.8546067140982   ,78.4024936954415   ,285.675374752248   ,300.761013310901   ,327.856347263494   ,0.00731596025154711,3.09731406953913   ,14.5308780820647   ,11.5275050057227   ,53005              ,jun                ,2006               
22.5733792156777   ,1.45563721320521   ,217.624845758333   ,-1.14532463403716  ,4.96930264974973   ,35.8962521962744   ,41.7951737980418   ,78.2179160751911   ,283.462628654022   ,296.64080041605    ,294.731136472872   ,0.00755607532631359,3.13764222458036   ,15.6759352821247   ,12.5670534792401   ,53023              ,jun                ,2006               
22.9791945124273   ,1.61513878824043   ,205.177594599778   ,-0.93700206828471  ,5.04895037656055   ,35.5616041116898   ,41.2656079338899   ,78.2969078769651   ,283.623824876183   ,296.935276767804   ,296.61091594463    ,0.00753967657727539,3.27555960462564   ,15.8680642646437   ,12.6379980161344   ,53013              ,jun                ,2006               
25.2401937531169   ,1.34582988911366   ,201.237754733194   ,0.548632398490014  ,5.54390103965594   ,38.7468211948064   ,35.6529243663075   ,79.5363550253354   ,285.122621498005   ,299.877999431331   ,308.976488855667   ,0.00770066529865753,3.17976865480101   ,15.2024418140815   ,12.1140067074034   ,53071              ,jun                ,2006               
22.5193849972038   ,1.47946470748552   ,229.155872727137   ,-1.27130648544525  ,5.05907418220293   ,36.9111547094192   ,40.7721279606042   ,74.4492813889998   ,283.973909200775   ,296.875956956255   ,290.558154478792   ,0.00753022238267744,3.30807908666105   ,15.3397480608483   ,12.0232469499546   ,53003              ,jun                ,2006               
49.9453741198672   ,0.144308441740545  ,235.4268910933     ,3.53364281695058   ,6.76657834905882   ,67.216377700933    ,21.2486534567255   ,60.861756360507    ,287.671084806739   ,304.164850144601   ,323.329407412263   ,0.00690399837315276,3.19749400445911   ,9.65674152381316   ,7.20765270986574   ,53017              ,jul                ,2006               
45.9724840567279   ,0.138032316057013  ,198.848635123236   ,1.79414143229777   ,6.6330633147556    ,60.9511644184058   ,22.6066202637214   ,65.9333732261624   ,285.858116998943   ,303.944643201846   ,320.326986437604   ,0.00697853192957327,3.23508951889322   ,11.0284589715466   ,7.94054212569255   ,53063              ,jul                ,2006               
53.5390293819389   ,0.0633353980704848 ,238.350822062546   ,3.5614587357682    ,7.01130157126678   ,70.0946161534811   ,19.5396203236345   ,62.4692712972107   ,287.905528377248   ,305.739767314058   ,326.649854535067   ,0.00682760598355194,3.17070598477194   ,9.22989255420131   ,7.13494657653257   ,53025              ,jul                ,2006               
47.1195724042227   ,0.10786687667453   ,213.485208954443   ,2.89915978036044   ,6.65111830853289   ,62.4109884880736   ,20.7232785749513   ,70.7375095481088   ,285.270713769148   ,304.429009877724   ,321.144630870897   ,0.00682587538962638,3.15583094292089   ,10.655600489714    ,8.16262706185665   ,53043              ,jul                ,2006               
50.1311912899049   ,0.0482730335997658 ,221.224776055414   ,2.80075353924843   ,6.7916315336833    ,66.391604894322    ,19.6342323905539   ,68.2118591040976   ,286.331281852916   ,305.856133916989   ,322.179537198319   ,0.00683481867451141,3.02313539479453   ,9.92962539869245   ,7.71313326468319   ,53001              ,jul                ,2006               
48.809795222064    ,0.0875269828100584 ,221.218320043806   ,0.0995447686139275 ,6.84725289163825   ,63.0232950040466   ,21.6068312976121   ,67.5017988353346   ,286.008015403096   ,305.037603401893   ,320.867339351878   ,0.00695092313504112,3.33993224534862   ,10.5923622663921   ,8.02509275403828   ,53075              ,jul                ,2006               
54.6147669692828   ,0.0157220483639696 ,230.066953448696   ,2.37109237420253   ,7.01607238725752   ,69.3368446335899   ,20.1674864406917   ,63.8295203097701   ,288.30496914014    ,306.369062328102   ,324.523966417715   ,0.00697807178811792,3.16449037194992   ,9.48094735843668   ,7.35209229986366   ,53021              ,jul                ,2006               
56.0653264838694   ,0.0124848929155098 ,235.661944889686   ,3.33774986610375   ,7.10402888679668   ,70.2923884055933   ,20.3257131510551   ,62.6762435071726   ,289.013666201375   ,306.396482218265   ,324.027750916325   ,0.00710062976006797,3.28188612871405   ,9.30665741582981   ,7.18322373740339   ,53005              ,jul                ,2006               
52.0018417783553   ,0.181838705726722  ,231.84922152477    ,-1.18613810457798  ,6.82065314258705   ,66.6642644418263   ,21.1922974010384   ,53.4629835521642   ,287.329409829172   ,303.539710269378   ,319.5325007774     ,0.0061874682521024 ,3.34517714699484   ,10.1287528933516   ,6.98368386939493   ,53023              ,jul                ,2006               
54.3624108695493   ,0.140785132483682  ,221.447669968736   ,-0.877619794519524 ,6.84859785939407   ,67.7185672272945   ,21.3453511612739   ,52.5875458632786   ,287.445541670467   ,303.565435308074   ,317.508395003821   ,0.00618000761866903,3.46084843414133   ,9.99147772338015   ,6.85224857158787   ,53013              ,jul                ,2006               
53.6245390709491   ,0.0660771386863489 ,223.230459321258   ,0.877162946867668  ,7.07944929702933   ,68.1596698358307   ,20.5223567670266   ,59.8601620957009   ,288.613344950342   ,306.227114093419   ,318.20973716994    ,0.00684122579352265,3.32455867171725   ,9.74256086893479   ,7.17780990773163   ,53071              ,jul                ,2006               
52.7078625397309   ,0.243585065182641  ,238.119695810309   ,-1.42128804527277  ,6.97408982442636   ,67.2066107773068   ,20.4290451799136   ,52.0408437426634   ,287.505455974582   ,304.117977773776   ,319.941010143046   ,0.0061320076169293 ,3.37929698957509   ,10.045861690612    ,6.85925225771425   ,53003              ,jul                ,2006               
56.9119507413233   ,0.0136029565788312 ,250.276379309838   ,2.86231342437347   ,5.65672965773644   ,74.952348927852    ,20.588006276979    ,62.2042375797915   ,285.815948053812   ,302.67312979891    ,274.780185573091   ,0.00594372953650713,2.99744856526008   ,7.90567723731043   ,7.63957093794567   ,53017              ,aug                ,2006               
49.5725002003558   ,0.141725897315624  ,192.16654707579    ,1.17645341976949   ,5.46697883709282   ,68.0921222609344   ,20.4340609233395   ,70.6614778757867   ,282.914480805362   ,301.874354376233   ,271.279073150243   ,0.0057754991827192 ,3.02850008031903   ,8.8424153399942    ,8.78932671065844   ,53063              ,aug                ,2006               
55.4436717994325   ,0.0107967541172741 ,237.397053932456   ,2.88107139224471   ,5.77275286373499   ,73.3761540032884   ,20.0983319764234   ,66.1559125961346   ,285.61734823605    ,303.921473177423   ,280.648588520349   ,0.00605489511356771,2.8933291838523    ,8.09778252218512   ,8.20641899690978   ,53025              ,aug                ,2006               
51.1288674005635   ,0.0661357186579229 ,206.735497277653   ,2.29546844352306   ,5.50914552557027   ,68.5416343657247   ,19.5097779638819   ,70.3651314883064   ,283.166417646926   ,302.510560428291   ,269.560853377071   ,0.00565974089929062,2.94975147647279   ,8.94651883372956   ,8.74334484105188   ,53043              ,aug                ,2006               
51.9963057627709   ,0.0252366970419851 ,225.818057500508   ,2.20361749336849   ,5.55156012422795   ,70.6281712741219   ,19.4494645655712   ,69.129861782214    ,284.199698006295   ,303.725591363192   ,275.878945037986   ,0.00582779927634764,2.73663835651564   ,8.55715323404636   ,8.59951418840419   ,53001              ,aug                ,2006               
50.2892710229488   ,0.124395882525752  ,218.228119505365   ,-0.358780084193922 ,5.67063110499047   ,68.0679592533582   ,19.587863527041    ,69.5990475405959   ,283.53669836171    ,302.837228086642   ,270.706461268503   ,0.00577029262156892,3.17744722640039   ,8.86262978895792   ,8.76581426748967   ,53075              ,aug                ,2006               
54.8234468388281   ,0.00556366021003084,227.145727381369   ,1.82671910027663   ,5.71523909480045   ,72.7999183536463   ,21.0967971814773   ,65.7951090443519   ,286.321423707115   ,304.268148391004   ,281.757918069617   ,0.0062401820634256 ,2.84005268332236   ,8.17254889815972   ,8.31861200409551   ,53021              ,aug                ,2006               
55.2986918351439   ,0.00341545666281243,226.50240202803    ,2.81179196823983   ,5.77798305241109   ,72.6391445184669   ,21.4091393474769   ,66.3215087133183   ,286.652023430475   ,304.324474167974   ,283.456368132706   ,0.00636637085555596,2.92099298821489   ,8.18229896941697   ,8.38350130274315   ,53005              ,aug                ,2006               
55.1075696800364   ,0.195169292430652  ,233.541761788451   ,-1.471495768977    ,5.73506510869173   ,74.9126452440443   ,18.7624635346737   ,56.6412470388976   ,284.950020788763   ,301.239533140243   ,275.099130259418   ,0.0051910881482039 ,3.29250522366604   ,7.79155311606447   ,7.28273743533152   ,53023              ,aug                ,2006               
56.7286545691691   ,0.168657514467531  ,232.2517008022     ,-1.20087151172169  ,5.71512215529276   ,75.3653844728037   ,18.8977706388452   ,56.7098312933609   ,284.936519824458   ,301.285114439733   ,278.429362438313   ,0.00516549117331219,3.27447233046456   ,7.77816193717051   ,7.33042427297984   ,53013              ,aug                ,2006               
56.2410314741555   ,0.0464172531676486 ,228.653694876154   ,0.485082966464806  ,5.85123774260009   ,73.6980324601864   ,20.4202313850847   ,63.2207539908817   ,286.303060051903   ,303.947903744917   ,278.220622365068   ,0.00601241699015805,3.09553183931364   ,8.01960319257176   ,8.0079356882474    ,53071              ,aug                ,2006               
54.7181494215938   ,0.277339627707962  ,238.360415657352   ,-1.73088494900369  ,5.91098746482642   ,74.4432635903499   ,18.3804032341688   ,56.5145170085144   ,285.13691520646    ,301.635993122184   ,274.890102949652   ,0.00527853457846931,3.45221723992599   ,7.80506320956288   ,7.26012468809573   ,53003              ,aug                ,2006               
39.5450060516752   ,0.283691227733286  ,222.720463899682   ,2.28387796696734   ,3.59602230672138   ,56.7881242982568   ,28.6076176792035   ,78.9774675640027   ,282.259920889005   ,297.663383339936   ,194.070164244344   ,0.005927408538819  ,2.81361576021521   ,10.1078360323422   ,12.2175102466307   ,53017              ,sep                ,2006               
38.5057188979988   ,0.372039250813598  ,189.362602239829   ,0.243573000781019  ,3.61872523614822   ,53.3285745539564   ,26.9614218612331   ,81.6894824475382   ,279.926299047035   ,297.135770413941   ,192.868468585879   ,0.00549363362647238,3.05562556762222   ,10.9848584590591   ,12.7730143655276   ,53063              ,sep                ,2006               
40.4687752083854   ,0.214526172843123  ,209.461799449767   ,2.31793888853063   ,3.7090537162215    ,57.2309227069945   ,26.5739390343301   ,78.9500002001496   ,281.989174918501   ,299.134289203018   ,199.543352105921   ,0.00581823492798407,2.70202371813697   ,10.2033387346285   ,12.1679266985998   ,53025              ,sep                ,2006               
38.7336813571123   ,0.206274522192533  ,198.33129673952    ,1.69061760856883   ,3.60165436103312   ,54.7853114397448   ,25.8875612485001   ,82.1241747189251   ,280.211200961141   ,297.842306703068   ,192.860065016523   ,0.00550002346179087,2.83974680020018   ,10.6711780477537   ,12.5731038461153   ,53043              ,sep                ,2006               
39.7274247595843   ,0.180566659492886  ,199.573374028557   ,1.58335253333721   ,3.5745736483915    ,56.8775397825378   ,25.5106138836916   ,79.6883180824141   ,281.181152703723   ,299.01822795704    ,198.151890890418   ,0.00557933332037835,2.54606254186762   ,10.3741391877163   ,12.2595383655718   ,53001              ,sep                ,2006               
39.0468476194197   ,0.40816610701762   ,209.284251463385   ,-1.03555745246656  ,3.72314862410695   ,55.1767293933046   ,25.6424564959208   ,79.5171529885086   ,280.684288657993   ,298.19698666681    ,195.211236411001   ,0.00546563723387525,3.00623725389967   ,10.6658688839183   ,12.464717046906    ,53075              ,sep                ,2006               
42.132584524697    ,0.23228091955567   ,197.136116186647   ,1.27559394818277   ,3.67494274986096   ,58.7159947341528   ,27.3827112336036   ,75.6182335271591   ,283.171675567627   ,299.452817112849   ,203.1472204404     ,0.00590510756499731,2.66286034615376   ,10.062643155318    ,11.7859457071622   ,53021              ,sep                ,2006               
41.9972941618887   ,0.218789614141869  ,198.211130484709   ,2.23871543274594   ,3.78496845282864   ,58.3517620676368   ,27.4246119417853   ,75.6925439956861   ,283.163885364119   ,299.355441433156   ,206.54319296993    ,0.00588828950898338,2.82499395019028   ,10.0931950837197   ,11.7563207656439   ,53005              ,sep                ,2006               
43.0270157223297   ,0.748918437118609  ,228.655261896634   ,-1.78879828312999  ,3.84765379207968   ,62.8802779673543   ,24.8598486562693   ,65.810752965007    ,282.712798415158   ,296.860439810743   ,200.160336777586   ,0.00494107204006395,3.10053495378475   ,9.27322111085335   ,10.4499644289846   ,53023              ,sep                ,2006               
42.6249976993473   ,0.934561121549594  ,210.958685646361   ,-1.56635625800849  ,3.78906113427347   ,61.752060758381    ,25.2111077993536   ,65.9373209928343   ,282.594244600466   ,296.771437602684   ,200.639715464993   ,0.00492463803565273,3.135044272335     ,9.51700371501749   ,10.6529024086698   ,53013              ,sep                ,2006               
41.3213023985302   ,0.516426375383123  ,203.448879520412   ,-0.210086985695653 ,3.8050447823394    ,58.369187645279    ,27.141265856089    ,73.3741039746499   ,283.326921991281   ,299.041085191019   ,198.543351029187   ,0.00574358251481506,3.01102776560518   ,10.0831904827418   ,11.6543195177223   ,53071              ,sep                ,2006               
44.820698657438    ,0.757485547248464  ,249.179139928516   ,-2.00891674964387  ,3.97534505214424   ,62.8773590503238   ,24.8501814132189   ,66.2872120175048   ,282.642444850058   ,296.876955100104   ,201.400132209425   ,0.00498374103978639,3.33315520253205   ,9.33073162098581   ,10.5066416783344   ,53003              ,sep                ,2006               
27.6415369432011   ,0.564236939956225  ,204.653561596597   ,2.06099731212035   ,1.68609278491995   ,37.8929278242952   ,37.9380456694581   ,87.8038553462299   ,274.93267892848    ,287.568344800807   ,117.509597750459   ,0.00448751275601195,2.90625143907307   ,14.2586807711686   ,15.5685352968575   ,53017              ,oct                ,2006               
24.9169679331878   ,1.04395001925362   ,190.180663620127   ,-0.278249344644123 ,1.5754937978951    ,33.0598647016347   ,37.9291184344284   ,91.7796065484511   ,273.100462018      ,286.701382215589   ,116.368899573835   ,0.00433151440588135,3.11098658078347   ,15.6849893295411   ,16.820736894328    ,53063              ,oct                ,2006               
27.8211889646233   ,0.436174459587138  ,182.934028453783   ,2.05878498316683   ,1.7901662050994    ,38.4026958144779   ,34.3098760053024   ,88.9101773273441   ,274.8151531846     ,288.903803344914   ,123.715842545366   ,0.00446638354400055,2.93526060249598   ,14.2120840231849   ,15.5974856564942   ,53025              ,oct                ,2006               
25.5839357419404   ,0.906547406837327  ,184.915963615613   ,1.43681946361264   ,1.6089714713121    ,34.6252999217252   ,36.4260737041521   ,91.4296250213733   ,273.235811602832   ,287.143162413625   ,116.511495647626   ,0.00430494924415047,2.97616340381846   ,15.243017564865    ,16.5467169398441   ,53043              ,oct                ,2006               
25.5104756438432   ,0.454235886778758  ,175.508937336259   ,1.21858808812911   ,1.65793582788236   ,36.681530019406    ,34.1540727744053   ,90.3618616239345   ,274.037447298154   ,288.506218793597   ,123.766266677282   ,0.00441044325418675,2.73132309547325   ,14.6118889903943   ,16.0081455005671   ,53001              ,oct                ,2006               
25.0518063818146   ,0.564472664323206  ,194.619159108819   ,-1.30808691945584  ,1.68187594825448   ,34.200773170587    ,35.8228062018407   ,92.237450936189    ,273.436266564038   ,288.021200088993   ,121.114377990665   ,0.00446455657179953,3.06307036374054   ,15.2951107978821   ,16.5558369507328   ,53075              ,oct                ,2006               
27.6613932642119   ,0.36197992267443   ,175.958439398312   ,0.936975631370949  ,1.7349474309322    ,39.1785764289553   ,34.8242165799768   ,87.7063337297652   ,275.967188673753   ,289.453000192193   ,127.892236164841   ,0.00468140905304112,2.82368875303428   ,14.003125388924    ,15.3845086641998   ,53021              ,oct                ,2006               
25.7090565674774   ,0.538678058005171  ,179.788503702494   ,2.00580702989529   ,1.75036364064221   ,37.783720386918    ,36.3743372599709   ,87.760789477113    ,276.332287286888   ,289.572044669638   ,131.470860674946   ,0.00479980243401179,2.8612215163744    ,14.2926950629009   ,15.6154735907955   ,53005              ,oct                ,2006               
28.9875991298642   ,0.618745909215954  ,209.552295195653   ,-1.68820721922948  ,1.79667966468758   ,40.1287423089711   ,35.6005440885666   ,84.6150656405682   ,274.642088969373   ,287.283787783342   ,126.196512407636   ,0.00427469381620265,3.17780696069088   ,13.7938161395017   ,14.7512293359699   ,53023              ,oct                ,2006               
28.2402366640599   ,0.750730699506126  ,190.328302120805   ,-1.50223578421487  ,1.81156785775834   ,39.9263961607088   ,35.2368048872623   ,83.043052860499    ,274.870683285739   ,287.505054390767   ,128.643159676919   ,0.00427554943386463,3.31877637835617   ,13.9221430151794   ,14.5638754294946   ,53013              ,oct                ,2006               
27.4852943602056   ,0.553988425809975  ,182.696596156674   ,-0.49115642314672  ,1.83364476666437   ,38.3534457527869   ,35.0744857015242   ,86.6826363840411   ,276.008393046301   ,289.443371060199   ,125.183337144829   ,0.00468436376440016,3.21910391601011   ,14.2731639425366   ,15.2625414182782   ,53071              ,oct                ,2006               
30.1182706356489   ,0.476463860270554  ,227.922797858533   ,-1.84279796328858  ,1.89176926919929   ,40.5541316652848   ,36.0331364823196   ,84.0440985709043   ,274.969247877724   ,287.081599006267   ,129.78826097435    ,0.00428624750634529,3.55664292257871   ,13.5857024345506   ,14.4859719047385   ,53003              ,oct                ,2006               
8.52590867583205   ,1.90392898662151   ,178.713423579974   ,2.32896245468445   ,0.725241136479778  ,13.7063259310532   ,54.1111535583866   ,94.7308638179399   ,270.524716194749   ,277.840648435197   ,56.9588491234175   ,0.00355125537018943,3.93032600297011   ,20.6547721944622   ,20.611048204751    ,53017              ,nov                ,2006               
4.23008007309621   ,4.56240045855533   ,193.185994869211   ,0.622859186118255  ,0.838555327879138  ,5.28612819161417   ,57.1023084093614   ,94.0866254147546   ,271.491360751909   ,279.18928196993    ,60.9893602218551   ,0.00389528407359292,4.71340418011705   ,24.7002976535422   ,22.4369168474802   ,53063              ,nov                ,2006               
12.4779512916602   ,1.1931355595852    ,176.849256803345   ,2.02578688339806   ,0.943149510792829  ,17.8635065977055   ,48.3694934728159   ,93.8673375677728   ,271.611738578987   ,280.083364362327   ,58.401773210185    ,0.00367730277024197,4.31338337735023   ,19.4441094950014   ,19.5209920208458   ,53025              ,nov                ,2006               
8.09030576757694   ,2.28639756793433   ,186.649942250885   ,1.88768373084808   ,0.828280673362759  ,11.0566111238654   ,55.3311853719877   ,94.2044305186852   ,271.29593690373    ,279.051184392791   ,61.0622958349442   ,0.0037920799757248 ,4.53062183817133   ,22.0484479370056   ,21.0320170155952   ,53043              ,nov                ,2006               
8.56891685071888   ,2.00575933253042   ,178.163848728689   ,1.42338527065863   ,0.969790958758326  ,13.9330345614706   ,49.6064474546693   ,92.9350382594461   ,272.269879650273   ,280.712552631892   ,60.6891033053284   ,0.00381980596120565,4.06358267363186   ,20.9782005056838   ,20.1011576805552   ,53001              ,nov                ,2006               
3.6645690182087    ,3.70621693688865   ,195.192567860659   ,-0.66811918995544  ,1.10089639431706   ,8.27267556795266   ,50.7939573763679   ,93.6563559630151   ,272.848277595071   ,281.200122392243   ,61.5025560913834   ,0.00401793939620713,4.8416098131105    ,22.9824098067938   ,21.3593788095362   ,53075              ,nov                ,2006               
11.3437877983932   ,1.59542673545006   ,176.120089545433   ,0.98757635673317   ,1.15859181325023   ,18.4203054329065   ,46.5751615262643   ,89.8669531386938   ,274.076906229655   ,282.148613038674   ,57.2185633319463   ,0.00399148189904503,4.27260639150937   ,19.3784083011823   ,18.6794776193912   ,53021              ,nov                ,2006               
10.5722039244281   ,1.25010266183514   ,178.614937708687   ,1.96465461611513   ,1.13117616388807   ,18.8533982431277   ,45.4923077382044   ,91.0805565401412   ,274.313960443681   ,282.438479122184   ,59.3882774863723   ,0.00410582214280232,4.11160152863116   ,19.0198734246767   ,18.6166751461386   ,53005              ,nov                ,2006               
3.08675983799805   ,4.96481884248694   ,208.784716135152   ,-1.00409372767923  ,1.13566990853914   ,9.31135433224154   ,51.9758796146938   ,93.4865839213812   ,272.869646092132   ,280.908081566473   ,59.4008835020519   ,0.00407434773711414,5.16065472316298   ,22.3825731776022   ,21.5230555281629   ,53023              ,nov                ,2006               
2.56604226501398   ,6.5461469652349    ,203.832295174228   ,-0.816196294459165 ,1.2201121819256    ,9.1070656174151    ,50.5303532345757   ,92.1941760530855   ,273.094937282915   ,281.004306102173   ,61.8592027118277   ,0.00403567446466051,5.73893572248089   ,22.767353062688    ,21.4205645496308   ,53013              ,nov                ,2006               
7.09952034809536   ,3.09779131301454   ,195.222061067044   ,-0.251131074697721 ,1.36357531859502   ,14.5867209089715   ,46.4295753670256   ,90.1534965515137   ,274.632383211131   ,282.784033769644   ,55.8210788491619   ,0.0041314855174554 ,5.40424740329021   ,20.6188772408297   ,19.4980447360817   ,53071              ,nov                ,2006               
7.02350767926039   ,3.16294633866154   ,227.674957824856   ,-1.35768273349516  ,1.18887488759166   ,13.4048150132193   ,52.8283939674823   ,93.2015723615957   ,272.806012330438   ,280.759560741415   ,60.4166374445542   ,0.0040905399204242 ,5.97690016096526   ,20.4991267525657   ,20.5036125374536   ,53003              ,nov                ,2006               
6.56777548279378   ,2.13239264005573   ,141.185880333787   ,2.31433561082799   ,0.219173934565367  ,5.97640776895744   ,70.5864588105989   ,97.6369468383926   ,266.996538670515   ,272.799415359429   ,50.4694707296394   ,0.00281440367613524,2.60994608269173   ,24.4010753899786   ,23.4820102785047   ,53017              ,dec                ,2006               
5.44610424940998   ,2.07571310599947   ,149.329393054842   ,1.16828167858558   ,0.323764490935736  ,4.33592566048675   ,69.959023459994    ,95.9723128344875   ,267.970906408555   ,274.629304332791   ,47.5063901735053   ,0.0030960090853757 ,3.17517184126582   ,25.7475993217306   ,22.8547549160781   ,53063              ,dec                ,2006               
8.26158287036247   ,1.61293927583024   ,140.2657295382     ,1.73598934505714   ,0.239497647714256  ,7.80476543374855   ,70.5907551234848   ,98.6513002696668   ,267.555385827175   ,273.820432657617   ,51.9858189896067   ,0.00293208642880189,2.59016573008316   ,23.3399260403542   ,23.4717849236302   ,53025              ,dec                ,2006               
6.71776789507014   ,1.67705978954844   ,143.343096461861   ,1.73291484062029   ,0.242964710238859  ,5.52581900041862   ,72.2530748265645   ,98.3390255705743   ,267.411703408665   ,273.603255504526   ,49.3857550972306   ,0.00300717431901493,3.01389845075736   ,24.5083112020197   ,23.5950014683398   ,53043              ,dec                ,2006               
6.28965897162542   ,1.61363366758869   ,138.281356188375   ,1.29952975609139   ,0.242406099400489  ,6.013978553725     ,73.4915611256159   ,98.8325913116834   ,268.364663202237   ,274.572923702907   ,49.0853472418179   ,0.00319700024511893,2.39070325785574   ,24.0713054789058   ,23.7926433344625   ,53001              ,dec                ,2006               
6.77323559233232   ,1.86428361916191   ,157.67031983886    ,-0.309793172366267 ,0.477047446207454  ,6.21685721896404   ,65.1591605668909   ,96.3286618036008   ,269.110143229167   ,276.144344272987   ,47.7888474358951   ,0.00324290401838702,3.3849012139498    ,24.784469120998    ,22.4005471571006   ,53075              ,dec                ,2006               
7.39616456412233   ,1.69154436850395   ,182.494461970879   ,0.805693625064417  ,0.322006060508772  ,8.17128727356754   ,73.5247242066799   ,97.506298015301    ,269.653049148168   ,275.235423071446   ,48.3436544816922   ,0.00323099574811446,2.39853184168155   ,22.941765637031    ,23.1753859092028   ,53021              ,dec                ,2006               
7.57022600538847   ,1.71633529903503   ,186.958664368348   ,1.67062726445474   ,0.329312146211737  ,8.79198571234378   ,70.8887828721568   ,97.5045968840108   ,269.396554702368   ,275.130822012034   ,51.3750275395561   ,0.00315847709197257,2.19080812678006   ,22.7518098663766   ,23.0093613110115   ,53005              ,dec                ,2006               
8.72283478791297   ,2.25532114267288   ,178.471249682069   ,-0.35234358655983  ,0.713016930878101  ,9.5222192147027    ,56.6237764992329   ,90.0865152975047   ,269.816577717088   ,277.18783177283    ,49.9344089336277   ,0.00314777875187764,3.6956352309534    ,24.1452254151212   ,20.2223192029365   ,53023              ,dec                ,2006               
7.52588246646833   ,2.94229212488596   ,179.871013145713   ,-0.160295677873555 ,0.657402118303233  ,7.63961447305091   ,57.7558183543553   ,91.3445910748387   ,269.811271100269   ,276.765722219524   ,52.8427892834728   ,0.00313393028689074,3.65775064505104   ,25.0528984687299   ,21.0033173935576   ,53013              ,dec                ,2006               
7.2073648504904    ,2.02552224661761   ,185.802884762413   ,-0.21818176205435  ,0.467071589864387  ,7.22041854533237   ,68.0319429335555   ,97.2680263664018   ,270.147022117057   ,276.176999000611   ,48.4631214206458   ,0.00331682095814908,3.26681744497078   ,23.9796062291153   ,22.874015244042    ,53071              ,dec                ,2006               
12.9748769991218   ,1.37690966391795   ,207.167564161909   ,-0.986730293051278 ,0.87110589830581   ,16.1441584473625   ,54.2919802635546   ,85.4550321875987   ,270.474935809133   ,277.696045579005   ,52.1596726772559   ,0.00312016972010942,4.4168303359309    ,21.3579361412067   ,18.0821195887823   ,53003              ,dec                ,2006               
