bi,pr,th,pdsi,pet,erc,rmin,rmax,tmmn,tmmx,srad,sph,vs,fm1000,fm100,countyfips,month,year
13.1645031320708   ,0.759479941132051  ,150.432580196778   ,-0.170136440051    ,0.486704619501726  ,13.1902790548679   ,62.7042406002715   ,88.2163492069588   ,268.140627611016   ,275.174593331845   ,58.5921568819548   ,0.00293379323988225,2.7703567993075    ,22.3416465921471   ,19.5531351092629   ,53017              ,jan                ,2011               
5.05063715366443   ,2.44838650264039   ,194.551776623794   ,1.88930993021575   ,0.506747431345763  ,3.08525760072793   ,70.6677357598559   ,89.195067108256    ,268.503078720642   ,274.885552253802   ,47.9647175114416   ,0.00327341935193473,3.39531887838193   ,26.7306316464377   ,22.0064971683329   ,53063              ,jan                ,2011               
12.1143666291044   ,0.622274338077107  ,169.905811202957   ,0.683965259047941  ,0.525280873441298  ,11.755575004189    ,63.2582448859917   ,90.4044292405184   ,269.086572981727   ,276.307634699518   ,54.0555455183697   ,0.0031920575092244 ,2.89130196912767   ,22.7746024968918   ,20.0899860863557   ,53025              ,jan                ,2011               
9.09769679745347   ,1.17293063046385   ,175.614703940303   ,1.06334697873318   ,0.507289909043676  ,7.8955322220668    ,67.7387254879283   ,89.4030515444784   ,268.211680323085   ,274.991035197695   ,50.4687741692452   ,0.00314642630728785,3.17703988228304   ,24.3368166441069   ,20.7292980015971   ,53043              ,jan                ,2011               
8.62701821507913   ,0.971018001888817  ,172.616450982412   ,1.3481738927526    ,0.496509495393483  ,8.33480954443706   ,66.4569182991375   ,91.1959991282308   ,269.461427862956   ,276.468477753529   ,48.6780849369168   ,0.00341527418046269,2.70953045555553   ,23.8616099444431   ,20.9732953191564   ,53001              ,jan                ,2011               
6.60679494069242   ,1.84900135239904   ,-641.669542598254  ,-1.02627987359562  ,0.623539236172101  ,6.70748315755296   ,64.9618000188317   ,89.5380167245593   ,269.7260926787     ,276.858613527939   ,46.8151750431387   ,0.00348355216174731,3.44133611957534   ,24.5646938549092   ,20.9694298145215   ,53075              ,jan                ,2011               
10.3712127289169   ,0.761385838143994  ,-47.9395474218553  ,1.92499024394231   ,0.606837733821578  ,10.3148925801059   ,65.1460094144267   ,89.633016325049    ,271.236426871704   ,278.135656738281   ,47.2975909552562   ,0.00366991254239327,2.96736688179059   ,23.151487180317    ,20.2057127055696   ,53021              ,jan                ,2011               
11.3947431563273   ,0.607920606660207  ,177.245006251822   ,1.63653867771662   ,0.625865075459388  ,11.8096628808295   ,62.7398898493677   ,90.077750050901    ,271.299427659395   ,278.686185767983   ,51.338138367889    ,0.00370525666703426,2.83129241986342   ,22.7248155499579   ,19.8185235106506   ,53005              ,jan                ,2011               
8.91636093262082   ,1.88430716154744   ,195.462853025277   ,-1.53609329365641  ,0.696001941583001  ,10.1304209778676   ,62.4852796186548   ,87.8583851751023   ,270.00191285476    ,277.252428834793   ,49.1363393464086   ,0.00348767102972403,3.65479692537879   ,23.1901232605347   ,19.877144373101    ,53023              ,jan                ,2011               
7.47689779251537   ,2.50057830398788   ,-3467.78869701966  ,-0.30681887738826  ,0.707926585809783  ,7.60392835071482   ,63.053773252168    ,88.6145273053028   ,270.104676957751   ,277.358109146734   ,51.7196518813128   ,0.00353788402780465,4.12342538344983   ,24.6374740940436   ,20.4873235633578   ,53013              ,jan                ,2011               
8.40600024545533   ,1.51632260852778   ,-2406.31332690891  ,1.26351831756913   ,0.729544851898174  ,8.10083774953719   ,64.1479096263842   ,89.535143789456    ,271.517442792787   ,278.545873102228   ,46.5601276242136   ,0.00374325811929503,3.95723668501707   ,24.1606670185052   ,20.5221480901805   ,53071              ,jan                ,2011               
12.8869941237957   ,1.35345845627328   ,220.000785929134   ,-1.76976108350712  ,0.763285399065271  ,14.3570516857266   ,63.0786165514075   ,87.1310641946921   ,269.951761014438   ,276.922230651582   ,51.4367078682774   ,0.0033617408269292 ,4.42272790171046   ,21.1216145949502   ,19.2401461968401   ,53003              ,jan                ,2011               
17.3734002500417   ,0.6617183723796    ,166.82006899834    ,-0.987998248472047 ,0.971753867071955  ,23.8875928324004   ,47.0791124060469   ,81.6694934532465   ,267.348701360274   ,276.603575602558   ,97.0117301061422   ,0.00250687789937285,3.46072537009308   ,18.6282599142161   ,16.1797364457644   ,53017              ,feb                ,2011               
11.6253202712334   ,1.52870198166699   ,189.544649314632   ,2.14065870045983   ,0.821760121775007  ,12.2279444659938   ,57.7219082241829   ,86.5591360362157   ,267.285736774705   ,275.75127325087    ,77.3553804819138   ,0.00285831157944211,3.7722318897649    ,22.9102624304337   ,19.0139756122983   ,53063              ,feb                ,2011               
22.723181293769    ,0.357940452654823  ,170.317451980164   ,0.0929260979463856 ,1.14607853807857   ,26.0075776844742   ,45.202796096402    ,81.6729994332021   ,268.77788937674    ,278.765699933048   ,91.7286230131116   ,0.0027323920869643 ,3.67758578638023   ,18.4310773164306   ,15.715264309726    ,53025              ,feb                ,2011               
15.5869977227909   ,0.747622737957341  ,177.298617083669   ,0.824741158093561  ,0.857298370764457  ,18.0424544039037   ,54.4659787570499   ,86.5696105095375   ,267.0025552775     ,276.040516044026   ,85.8296807068345   ,0.00275827778564999,3.56659396568379   ,20.6051448348273   ,17.9938374272069   ,53043              ,feb                ,2011               
16.7361868484753   ,0.763947132885943  ,-380.658809014631  ,1.05533159559783   ,1.0161342588301    ,20.4789788446927   ,50.0081337150179   ,84.5654832987916   ,269.053561193066   ,278.634817876828   ,82.120461035497    ,0.0030105720190806 ,3.34040951316492   ,19.9748458351896   ,17.0892152006978   ,53001              ,feb                ,2011               
10.123746588721    ,1.95713119617538   ,-3003.6619380874   ,-0.70538844956779  ,0.991103929901073  ,13.8893465419419   ,53.599741390052    ,84.9207845772815   ,269.19963056933    ,277.880166288744   ,77.9388392559019   ,0.0031169937028351 ,3.72850956724972   ,21.939771028727    ,18.4373236604097   ,53075              ,feb                ,2011               
20.2918420200164   ,0.67751843626483   ,182.595993113256   ,1.50824834211515   ,1.21956052075826   ,23.0469729403873   ,47.3182182803259   ,83.3210672069382   ,270.840474453601   ,280.737872347989   ,84.8306604851733   ,0.00321063869979788,3.6017195736887    ,19.3181033412179   ,16.5298634413834   ,53021              ,feb                ,2011               
22.5426558289655   ,0.428305474295641  ,193.435559122016   ,1.08052589431317   ,1.2805686020682    ,25.4367265066955   ,44.6726857634893   ,81.8492711070021   ,271.121617401845   ,281.054068996658   ,89.2816604644891   ,0.00312878941433512,3.64375527680789   ,18.7210290622429   ,15.8462928622734   ,53005              ,feb                ,2011               
8.28901761823136   ,3.04322364089718   ,219.776228726175   ,-1.25823137221769  ,1.04961026946501   ,13.1483462953164   ,53.1093502753375   ,83.4643385577434   ,269.346192848185   ,277.500873166265   ,82.5076389164658   ,0.00304095964383387,4.02999599603234   ,21.9524338437904   ,18.8261101253284   ,53023              ,feb                ,2011               
7.71567006935223   ,3.66142669175567   ,220.707419200717   ,-0.244428113488526 ,1.11434631651614   ,11.509217107701    ,53.1545613832053   ,83.8625516912878   ,269.5056581433     ,277.862199014394   ,87.6346110434521   ,0.00307788803675896,4.62639661625908   ,22.9784034512876   ,19.2529883180524   ,53013              ,feb                ,2011               
15.0396668496655   ,1.7389303341241    ,213.66112263222    ,1.20928427541053   ,1.27837311800755   ,17.3791352430857   ,49.8052815405195   ,83.6232170610062   ,271.285665332648   ,280.405723372403   ,79.9323597895836   ,0.00329483389863152,4.54605310348822   ,21.1095550788543   ,17.661616081837    ,53071              ,feb                ,2011               
11.9183444046999   ,2.19424528563631   ,244.652409063266   ,-1.27331693151426  ,1.14933148807262   ,16.2948368177531   ,53.4701476502344   ,83.0324229274229   ,269.503415178333   ,277.217209657862   ,84.0099431635565   ,0.00294925350730992,4.80097861257037   ,20.6750311607862   ,18.2966183736004   ,53003              ,feb                ,2011               
12.982317703598    ,1.77156210755405   ,156.247281475779   ,-0.650094383432189 ,1.77683323606461   ,17.133251571705    ,46.6641922418309   ,92.5003263355597   ,272.356250023616   ,282.80011769633    ,149.829981317728   ,0.00389628070058007,3.9420274371697    ,20.5695057227895   ,18.441842571962    ,53017              ,mar                ,2011               
7.83524782244558   ,2.70380829305866   ,-1403.37410667488  ,2.45745078690931   ,1.57648646747064   ,9.64429088382516   ,51.0274750544681   ,93.0407308463852   ,272.008564131881   ,282.087595616758   ,130.791929010293   ,0.0040036625536691 ,4.23164377866837   ,23.6406584738844   ,19.6364902062841   ,53063              ,mar                ,2011               
19.1752126157976   ,1.05111672833104   ,179.564924755615   ,-0.109987772635028 ,2.09015100420368   ,22.6176383851194   ,41.1731922638165   ,92.8585830324486   ,273.115012235755   ,285.304259646506   ,153.984638435475   ,0.00403900233503884,4.21063407657492   ,18.932897482713    ,17.3083669885526   ,53025              ,mar                ,2011               
12.4457941000232   ,1.63379173739065   ,183.032398918446   ,1.01465150037026   ,1.75255821784417   ,15.1271049037469   ,47.3731796932198   ,94.7306607706239   ,272.028786844484   ,283.076779301442   ,149.665986552361   ,0.0040165116562774 ,4.17797744534786   ,21.431109000137    ,18.8535577481242   ,53043              ,mar                ,2011               
16.7142140339743   ,1.11308282067042   ,182.221505945475   ,0.969658795855815  ,2.00900604662023   ,19.9413314930931   ,42.2286639620365   ,93.5794685389156   ,272.893042963086   ,285.251996093321   ,153.087508184587   ,0.00409459156009058,3.92081973799298   ,20.044133837843    ,17.7014157445255   ,53001              ,mar                ,2011               
8.11545087636987   ,2.33923737286723   ,189.976686046101   ,0.0754000858582702 ,1.89287826422043   ,12.4752061935982   ,46.6380158801142   ,91.4877782823827   ,273.045454516185   ,284.001884580319   ,139.246165152736   ,0.00410231328095739,4.37006310353469   ,22.4240674380424   ,18.5436348807608   ,53075              ,mar                ,2011               
17.4144289563371   ,0.958184550902818  ,187.625580590298   ,1.19300868698927   ,2.20500572326018   ,22.6162759679127   ,40.5787630175834   ,91.9242236258078   ,274.19879036423    ,286.772355814666   ,153.445648360903   ,0.00427352198946726,3.94632100492494   ,18.9529766459027   ,16.9301499631801   ,53021              ,mar                ,2011               
19.2781949593926   ,0.864753246831742  ,191.259414089616   ,0.382855932452832  ,2.17333501263085   ,24.6192201887248   ,41.1156384542166   ,92.8770776840766   ,274.12948790869    ,286.606528493143   ,155.356156370116   ,0.00431698124642792,3.85709304514562   ,18.0905315102819   ,16.8953556966226   ,53005              ,mar                ,2011               
7.45722542714796   ,2.85140045377225   ,196.126997091469   ,-0.403529479019884 ,1.90906939366685   ,11.8498697249777   ,47.8322690775724   ,88.8705506696416   ,272.852103476199   ,282.864670236993   ,141.146417029657   ,0.00393670417606887,4.5736124809556    ,22.8270525182328   ,18.3514306816112   ,53023              ,mar                ,2011               
7.63460301970373   ,3.67328296178171   ,195.769601295856   ,0.358673091737284  ,1.9512047868507    ,9.68253629775713   ,48.1272241766037   ,89.5730539923321   ,272.849894184254   ,283.147966095935   ,146.317680791189   ,0.00399063570546265,4.87885893329417   ,24.4259804985125   ,19.0633057883575   ,53013              ,mar                ,2011               
11.1179456199338   ,2.29409875102129   ,195.84667238325    ,1.40042698236187   ,2.20655094366154   ,15.6739855125805   ,43.4838384472727   ,89.4669131637401   ,274.527094859262   ,286.1868992287     ,143.83493345027    ,0.00428580289015729,4.63646745539512   ,21.5194430307488   ,17.8126005923814   ,53071              ,mar                ,2011               
11.4769642602872   ,2.27154941293298   ,203.080422988184   ,-0.119798784237128 ,2.03189208682548   ,16.6732585126942   ,46.368936374773    ,87.156573912888    ,272.856862839963   ,282.658524985928   ,141.130767334538   ,0.00377462733295082,5.18454265031698   ,20.8440287672887   ,17.2459118301683   ,53003              ,mar                ,2011               
32.1472011315962   ,0.349981523048039  ,223.699477309701   ,0.476219601998639  ,2.96089320642286   ,34.5066940209079   ,33.7532329470214   ,81.6351275551137   ,272.358828762771   ,285.115191185635   ,222.038918533736   ,0.00330381143089469,4.33753381574464   ,16.8402750032824   ,12.9746689115252   ,53017              ,apr                ,2011               
12.7242699680116   ,2.00348860174899   ,237.71107679713    ,3.20398901473908   ,2.42935196222868   ,16.6876517915      ,43.4121342932441   ,90.3352319889397   ,271.684374786655   ,284.006787866904   ,194.979635468611   ,0.00378915176225832,4.67184214055719   ,21.6688280911431   ,16.9059747105553   ,53063              ,apr                ,2011               
32.5063924852193   ,0.417643050645608  ,223.223387853377   ,-0.0413174440197344,3.08905262983405   ,34.9811998478891   ,32.5695116441182   ,86.2463152963893   ,272.692957677382   ,286.83483198725    ,225.934268919801   ,0.00354834816804227,4.29841780107171   ,16.316251880726    ,13.7656592652973   ,53025              ,apr                ,2011               
23.0943792467565   ,0.918184988623427  ,222.518711797188   ,1.53165965702396   ,2.62888689567954   ,25.527185557964    ,38.4213112718071   ,90.3516292784455   ,271.345283077364   ,284.791879692472   ,208.823431863838   ,0.00363841149857817,4.4322736174698    ,18.8361015493564   ,15.5453890451478   ,53043              ,apr                ,2011               
25.1384839283817   ,0.775187778521735  ,219.761127558638   ,1.07874852915274   ,2.8286479602969    ,28.1930799295704   ,36.1943861208991   ,90.6585948096989   ,271.840979884165   ,286.235893099401   ,218.81809528901    ,0.00372199970897938,4.13683726101004   ,18.0279312092345   ,15.3070406995735   ,53001              ,apr                ,2011               
14.3484168737075   ,1.53569437006828   ,232.03808924387    ,1.78317931310803   ,2.54404141130401   ,17.6910272872822   ,43.7589887144051   ,90.2413587194705   ,272.251559880275   ,284.771505134134   ,199.854142324709   ,0.00391893295378552,4.66032926058302   ,21.2583456269806   ,16.7870607948677   ,53075              ,apr                ,2011               
26.5130774326814   ,0.612831560929712  ,223.437809578333   ,1.22687722986791   ,3.03560953386319   ,29.9036705804482   ,36.3987539961399   ,89.6376441940894   ,273.396431665665   ,287.414335229336   ,227.939302441524   ,0.00395410979118867,4.24920583659258   ,17.4301299832417   ,14.9427518727229   ,53021              ,apr                ,2011               
27.3514782206782   ,0.496509624938425  ,217.869385606062   ,0.489995241954351  ,3.06121395463657   ,30.839037651047    ,36.4527690473628   ,89.3319658249323   ,273.763764019125   ,287.29349755131    ,232.203895216346   ,0.0039760994270634 ,4.26348704273649   ,17.1032625852957   ,14.7763914165177   ,53005              ,apr                ,2011               
12.046459106086    ,1.91221812914114   ,240.202494748828   ,1.25000102364499   ,2.46641824500901   ,15.6338690566656   ,46.9693300059617   ,86.4921666249972   ,272.40139781249    ,283.478820336383   ,198.510519910698   ,0.00385450448035349,4.8495263347221    ,22.0557848815839   ,16.9287983136147   ,53023              ,apr                ,2011               
12.0510592533032   ,2.42428081158043   ,240.469343874467   ,1.60939909052266   ,2.49376633977599   ,13.520551917696    ,47.2235634504188   ,86.7750647899368   ,272.426407467508   ,283.612453051928   ,200.786577130196   ,0.00388635918372075,5.17541084524641   ,23.4605928071506   ,17.410114459592    ,53013              ,apr                ,2011               
18.3380198502605   ,1.40616373053012   ,234.747188250741   ,2.19944752785087   ,2.88576275184549   ,20.7457404385564   ,41.6276781139012   ,87.7394993479659   ,274.004541640036   ,286.769845676164   ,210.571662870784   ,0.00414375577861478,4.88995849593545   ,20.5796362843294   ,16.0220291485308   ,53071              ,apr                ,2011               
15.3456162571037   ,1.65821761788048   ,249.237488413901   ,1.85953473696743   ,2.55084231564018   ,19.1408041008229   ,45.2006068535965   ,84.4882708756013   ,272.590960548568   ,283.522584385187   ,192.137025237257   ,0.00373112350867137,5.34069298700115   ,20.6067027477162   ,16.1445923744907   ,53003              ,apr                ,2011               
22.0529675659911   ,2.20823547801845   ,207.309039194266   ,0.680848104653333  ,4.0550695027116    ,35.2887871086924   ,35.263796803143    ,83.2300303095725   ,277.980635742262   ,291.370655440256   ,263.634626855727   ,0.00500736681579019,3.59339647561133   ,15.2750709354748   ,13.4535125120548   ,53017              ,may                ,2011               
16.1314604391081   ,2.71456680209334   ,216.50595235876    ,4.09250061375513   ,3.66623098999393   ,23.2760450996386   ,41.2522562572869   ,88.9097975566231   ,276.800392833851   ,290.650564424687   ,251.448970251965   ,0.00544472129846377,3.92414382260528   ,19.3884351926524   ,15.1459643552556   ,53063              ,may                ,2011               
23.5313718805562   ,1.63232847051167   ,219.62999444543    ,0.34210970514951   ,4.42966661605378   ,36.2334210820487   ,32.1644382161577   ,84.6902240014845   ,278.248891333839   ,293.175334303448   ,278.96821522745    ,0.00506429834323167,3.69162651346899   ,15.1959104707249   ,13.1819264165929   ,53025              ,may                ,2011               
20.6895192421119   ,2.04729682905689   ,-1042.71799058538  ,2.15246182524884   ,3.81509027473553   ,29.2868924914428   ,38.09126808627     ,91.0380443006476   ,276.462868067508   ,291.298720652094   ,262.492222643732   ,0.00536523879453281,3.78401082952833   ,17.2321455755284   ,14.6972681211172   ,53043              ,may                ,2011               
21.4876632060171   ,1.63807749953975   ,217.166845291861   ,1.51465537082164   ,4.14798254045698   ,31.5498698973944   ,34.7440185873464   ,90.3961305920634   ,276.739843255524   ,292.684155854228   ,277.67434611886    ,0.00525178451880467,3.51523603031888   ,16.6513845178576   ,14.2761814351641   ,53001              ,may                ,2011               
15.301161003909    ,2.47681324781525   ,229.985229794757   ,2.66837085836074   ,3.77028586051043   ,23.7913557193401   ,41.6236826512664   ,90.023607005892    ,276.839692387445   ,291.097709081892   ,259.008727455212   ,0.00548765790515334,3.89363960856052   ,18.8642287935116   ,15.3635214401694   ,53075              ,may                ,2011               
19.838716080526    ,1.6110630309631    ,214.604103592903   ,1.48687462379069   ,4.41028702253148   ,32.1011894660315   ,34.3220922195586   ,88.7887948814752   ,278.256783035316   ,293.599982442927   ,286.321444109593   ,0.00537262351059172,3.57139324452682   ,16.1700489886641   ,14.0378691792784   ,53021              ,may                ,2011               
21.8353268866731   ,1.54811860604976   ,216.749498629802   ,0.899091133270061  ,4.466417886961     ,33.8091016248975   ,34.0494226489183   ,87.5182478377373   ,278.703556632377   ,293.38279744072    ,287.87890743067    ,0.00530718149763128,3.67139494236495   ,15.7250589085663   ,13.6879606841743   ,53005              ,may                ,2011               
11.0072527864227   ,3.21896127079102   ,237.171049573192   ,2.18601177728448   ,3.6266841169852    ,20.6938165328088   ,44.9685609600057   ,85.0822644353128   ,277.261367418751   ,289.370719859223   ,251.336744966929   ,0.00530395358403429,3.98242159739832   ,19.6277305390548   ,15.6244339498674   ,53023              ,may                ,2011               
11.0066358375904   ,3.41271571833708   ,228.26292540169    ,2.27955534414471   ,3.65374419760048   ,19.425313442417    ,44.9041949394405   ,86.1672370619436   ,277.139666087803   ,289.523356765775   ,253.35981575699    ,0.00531426761289148,4.07103532724859   ,20.3490383489332   ,15.8398596077951   ,53013              ,may                ,2011               
15.4451213827166   ,2.68962408415705   ,220.752855128327   ,2.70419627961104   ,4.16105568265152   ,25.0629477393133   ,39.1553830044994   ,87.974647396917    ,278.550446757175   ,292.688535376668   ,268.843110826614   ,0.00557279455886581,3.91629995803898   ,18.4583574260529   ,15.1162550470006   ,53071              ,may                ,2011               
14.1852056744914   ,3.14010301013838   ,241.031725144033   ,2.60559297739154   ,3.78198063836705   ,24.2304721356898   ,42.5014576796282   ,82.1649378652373   ,277.466486029718   ,289.552868096891   ,248.50588121138    ,0.00511123899616913,4.30160611700894   ,18.4886959230644   ,14.8566391462996   ,53003              ,may                ,2011               
37.3819743746803   ,0.361233432128396  ,233.006357608051   ,1.65540878233723   ,5.37561380254826   ,44.0205837850408   ,30.5297724808644   ,82.2095164186764   ,281.361855867974   ,296.769128398775   ,308.116078896878   ,0.00612625624310486,3.72362434091808   ,14.5034163864475   ,11.2536955551317   ,53017              ,jun                ,2011               
25.5149349803983   ,0.78026359994323   ,218.204381578285   ,4.78658955679355   ,4.50659848844148   ,31.9629346698734   ,39.4340323619205   ,88.5697141115909   ,279.884835132108   ,294.992428978453   ,275.505019495383   ,0.00681766656368005,3.90216510442011   ,17.0196954201541   ,13.4710383494453   ,53063              ,jun                ,2011               
39.2541128389288   ,0.198015714304733  ,235.846395811026   ,1.32548108124495   ,5.70027216177463   ,46.5341404412739   ,29.0212987048099   ,83.7480971174223   ,282.033985249056   ,298.360858017609   ,320.302297427813   ,0.00633931725131578,3.70874236453095   ,13.808889825485    ,11.117292119569    ,53025              ,jun                ,2011               
32.8392025845148   ,0.331275676910202  ,219.870701148155   ,2.93533691723276   ,4.85898176923857   ,37.4954627247206   ,35.3260038681607   ,91.8669354562448   ,279.635896069414   ,296.155355820394   ,296.498874334124   ,0.00678840424200889,3.74918006606394   ,15.7829336805958   ,13.1087968674176   ,53043              ,jun                ,2011               
34.9934362092697   ,0.217414071181533  ,224.834546580492   ,2.24645975160963   ,5.25634304314652   ,40.6055076052603   ,32.420501323097    ,91.2426409070107   ,280.356709092804   ,297.718279924365   ,312.862284249175   ,0.00674242228814405,3.62737993843918   ,15.1140972526845   ,12.5586540285018   ,53001              ,jun                ,2011               
27.2886028924082   ,0.434086647411041  ,229.611613903868   ,3.4154013931985    ,4.6764044638802    ,32.8233412744859   ,39.8604895108541   ,90.502568076489    ,280.133235010484   ,295.723728485706   ,288.462991197175   ,0.00702841104831839,3.88157364374984   ,16.8005363785613   ,13.5110429784363   ,53075              ,jun                ,2011               
37.4260683338459   ,0.107155909308185  ,225.697214670426   ,2.18526337536482   ,5.55299276596461   ,41.9280310956026   ,32.3052553879909   ,88.7409482183212   ,282.191570684971   ,298.515754824907   ,323.275601522984   ,0.0069146135983129 ,3.79020943351281   ,14.9451928726832   ,12.1852563064526   ,53021              ,jun                ,2011               
38.5414363325935   ,0.11684674299019   ,222.609396488709   ,1.78606450708704   ,5.78466652707      ,44.2786069678132   ,30.4563945501279   ,85.6529321074251   ,282.904834625425   ,298.853973342023   ,328.113424912101   ,0.00671518196131854,3.90142720858374   ,14.3781068052766   ,11.6071009040349   ,53005              ,jun                ,2011               
23.8036510653131   ,0.663663595803969  ,239.264576226781   ,3.00354167862215   ,4.68388906270574   ,30.936871262811    ,41.3912396644213   ,82.1910194716839   ,280.869153334339   ,294.338623688186   ,290.46944348511    ,0.00664206042564734,3.89617448220835   ,17.5863048982916   ,12.9539769275341   ,53023              ,jun                ,2011               
25.8392492622189   ,0.601962651897394  ,229.391289252636   ,2.95166246366751   ,4.77593869840495   ,30.5236593417472   ,40.9486367144094   ,83.8958571701982   ,280.858741989269   ,294.639429517816   ,293.190496072553   ,0.00669980870346891,4.25751809502771   ,17.96598031525     ,13.1546128204772   ,53013              ,jun                ,2011               
30.9111163961209   ,0.318900825485567  ,223.510911499065   ,3.48156452114343   ,5.29803675970411   ,35.472051996978    ,36.2953411922868   ,87.5963369633124   ,282.340576672231   ,297.723256197467   ,307.899908709849   ,0.0071496110080128 ,4.12641004254501   ,16.5618734186581   ,12.7395311071298   ,53071              ,jun                ,2011               
23.1800142801011   ,0.792900473615177  ,247.516941489152   ,3.49288927319566   ,4.79949858919547   ,32.2823383472842   ,39.8535287812969   ,78.7048176266561   ,281.068462666978   ,294.487739789457   ,286.241824192316   ,0.00641559080896024,4.06682634781457   ,16.9326067357168   ,12.425550396483    ,53003              ,jun                ,2011               
44.2574284229058   ,0.360163376792728  ,221.208114214725   ,1.30232709685595   ,5.94891120755002   ,58.8836422301554   ,24.6555760757745   ,71.4362013605965   ,284.313225513561   ,300.629583405366   ,309.01844628721    ,0.00627271142384477,3.21135122386717   ,10.8058436266205   ,9.20388093476461   ,53017              ,jul                ,2011               
37.1103469827313   ,0.442440534877475  ,212.94713250669    ,5.02792618943807   ,5.48982891964905   ,47.9868529443472   ,29.9612473753319   ,81.2520917149452   ,282.527464327198   ,299.877114800241   ,309.226854948404   ,0.00707345371913862,3.05067917662212   ,13.284884652176    ,11.0239219793631   ,53063              ,jul                ,2011               
45.4424708972051   ,0.218277486816311  ,231.260998140931   ,0.923608155841452  ,6.095992898044     ,60.2540244118057   ,24.5075855320366   ,73.5909057997825   ,285.031850847326   ,302.074862261106   ,314.073991071266   ,0.00659067419304268,3.09107106025611   ,10.511354173278    ,9.29021146472223   ,53025              ,jul                ,2011               
39.0424739718116   ,0.238883092855268  ,220.069823553256   ,2.82293540092338   ,5.65785427506136   ,52.2701863362228   ,26.1078288365167   ,80.619418336958    ,282.738936112727   ,300.748971976532   ,308.255583308863   ,0.0066609756160444 ,2.98528638642015   ,12.2539698463984   ,10.4724199257746   ,53043              ,jul                ,2011               
39.1959633573784   ,0.1819914504729    ,240.130119765881   ,2.00193087570903   ,5.80337423084514   ,54.0358641675841   ,25.6429048097996   ,80.3158172812278   ,283.695121957652   ,302.113853764166   ,312.272959039154   ,0.00686455423848492,2.83781057427623   ,11.7636244463407   ,10.3225741248241   ,53001              ,jul                ,2011               
35.6930499431169   ,0.317144399828665  ,233.049422852663   ,3.50519772417405   ,5.59337926534367   ,46.8067849423085   ,30.5470650815149   ,83.6588310416871   ,282.997917173556   ,300.75564009433    ,312.566403598966   ,0.00740767676096968,3.08411622053532   ,13.3576327244652   ,11.4771329159529   ,53075              ,jul                ,2011               
40.5584937639923   ,0.0780811536344226 ,240.05068628297    ,1.8364901415144    ,5.92285060199259   ,55.2802339653223   ,27.407872663834    ,79.1398020727759   ,285.335715471367   ,302.529732920455   ,316.306592050557   ,0.0072738423124857 ,2.93610719558101   ,11.3918167634874   ,10.1701189668244   ,53021              ,jul                ,2011               
42.8761910168946   ,0.0535382135758505 ,233.727067719846   ,1.48053476626248   ,6.01251998156349   ,57.1439292266592   ,27.3495561911373   ,78.6987515475191   ,285.56190640864    ,302.436825989084   ,317.473934216544   ,0.00724992470907861,3.07987045743728   ,10.9894902054011   ,10.0050468823682   ,53005              ,jul                ,2011               
36.5145804688582   ,0.303737890193912  ,239.445739174386   ,3.15345582310457   ,5.63989881646583   ,49.7976436706708   ,30.7009762790919   ,73.4855080701812   ,284.089497499919   ,299.500567528509   ,313.985500944853   ,0.00693018294106165,3.12738054612194   ,12.7699242572559   ,10.2091270357257   ,53023              ,jul                ,2011               
38.7021803529736   ,0.260521280410338  ,238.545090849145   ,3.01780951127124   ,5.66118339295525   ,50.5777973164741   ,30.8939646919159   ,73.455400309396    ,284.128685197281   ,299.571693403659   ,312.109138788997   ,0.00692536516923233,3.24841837982353   ,12.7143689641033   ,10.1638580622896   ,53013              ,jul                ,2011               
39.5244584852649   ,0.126754989911534  ,229.902506741519   ,3.44308406340721   ,5.92024205708297   ,52.6283816390859   ,28.703325034626    ,78.0610754196643   ,285.440170900358   ,302.247447080134   ,311.684077545254   ,0.00738289974370486,3.1140941068659    ,12.0773020459697   ,10.2753810770018   ,53071              ,jul                ,2011               
34.8151760375272   ,0.374737529532314  ,237.682123249324   ,3.50280062183556   ,5.82243890405291   ,49.9352369012062   ,29.4420650292206   ,71.7363205283901   ,284.051101095345   ,299.956620038749   ,315.06566477417    ,0.00677636097093651,3.26861378709821   ,12.5717504360773   ,9.95555879027248   ,53003              ,jul                ,2011               
52.4791153858935   ,0.0143485448621835 ,234.031195736504   ,1.06840895304905   ,5.66419278006068   ,69.6827660787728   ,20.0001733903625   ,66.1491682462076   ,285.503967185651   ,302.679551741754   ,276.356212645487   ,0.00621455612099813,2.98537184872655   ,9.03227395257186   ,7.7863154430595    ,53017              ,aug                ,2011               
45.2765525124426   ,0.12605740601864   ,231.087900664622   ,4.88545489746024   ,5.40533790371911   ,61.5146168296343   ,21.6541910495977   ,73.3930791987077   ,283.570040747235   ,301.715815557874   ,275.170762104805   ,0.00632262990959916,3.02706231790637   ,10.4549111305399   ,8.99821509916603   ,53063              ,aug                ,2011               
52.3026967349814   ,0.00214905528026083,239.572932207409   ,0.621116767247474  ,5.85544119448132   ,69.0041154193423   ,19.6053690815011   ,69.0578481466441   ,285.661243883922   ,303.936578994358   ,281.996593834158   ,0.00639372238046384,2.98890074286995   ,9.10992852009263   ,8.09804947930082   ,53025              ,aug                ,2011               
47.6727179188735   ,0.0483950506501426 ,234.248080387008   ,2.42431648886135   ,5.46243789530267   ,64.7124118580261   ,19.6372109137889   ,72.2897944428719   ,283.776063733898   ,302.530968443682   ,272.420014880896   ,0.00608343852622454,2.87115116772471   ,9.93470454162773   ,8.63112102075063   ,53043              ,aug                ,2011               
48.9950184811945   ,0.00851462598625278,233.767602747233   ,1.60835043694948   ,5.63109588386149   ,66.0198700317163   ,19.2061637288178   ,72.4378712634104   ,284.336293192401   ,303.830982815063   ,277.044158554042   ,0.00622881753466147,2.84819285795113   ,9.69961248884052   ,8.51849763513945   ,53001              ,aug                ,2011               
47.1325810733918   ,0.0219936459994322 ,250.638925126888   ,3.37055342749053   ,5.57181458235239   ,62.077397420257    ,20.4760439808681   ,73.7921371690146   ,283.809769605604   ,302.830664025439   ,273.837121441894   ,0.00631783942183024,3.11582372162781   ,10.4690249663829   ,8.94043111325215   ,53075              ,aug                ,2011               
48.4986251783726   ,0.0258008190932182 ,234.62208235956    ,1.39502855444518   ,5.814410262309     ,66.0255870927948   ,20.6016595742247   ,70.8055691891805   ,286.099031369799   ,304.417580839777   ,282.229161546958   ,0.00671691010889849,2.97753485182379   ,9.514047798152     ,8.46101829354875   ,53021              ,aug                ,2011               
49.2250385191587   ,0.0110302017004401 ,-1319.31475920294  ,1.07488248043894   ,5.8872592509942    ,65.5063249633885   ,21.3240657541264   ,71.9181330295482   ,286.431229866787   ,304.359273090279   ,284.063323610542   ,0.00690997094021266,3.11304689447464   ,9.58452009781555   ,8.67793673733123   ,53005              ,aug                ,2011               
50.5877310612044   ,0.0590305480929892 ,260.571029270228   ,2.99374149131972   ,5.6515557990956    ,68.6655684543549   ,19.8287586606927   ,61.3422121467583   ,285.297360410482   ,301.702265282954   ,277.96085030692    ,0.00585983613354533,3.17059614140771   ,9.15965716534544   ,7.42583999178066   ,53023              ,aug                ,2011               
50.587110686274    ,0.0592476542005836 ,248.057494170117   ,2.87165200169382   ,5.68099297480172   ,67.6524614476811   ,20.4517314872555   ,62.4117420085719   ,285.230501769906   ,301.665260527549   ,280.363102805149   ,0.00595355966711016,3.28447028291405   ,9.31482269473624   ,7.63666400174961   ,53013              ,aug                ,2011               
48.6993041695055   ,0.0492402891298219 ,238.407410436311   ,3.13720229663823   ,5.894597837189     ,66.0498432576609   ,20.4423101347887   ,68.0384383638043   ,286.327969971023   ,304.20719882856    ,279.500302564619   ,0.00661219702774052,3.1640035932126    ,9.51136915470526   ,8.17705205641736   ,53071              ,aug                ,2011               
51.2072326614348   ,0.0878604593421858 ,258.914689341797   ,2.9605840099409    ,5.82393507371377   ,69.9151140342804   ,18.8085930432211   ,59.4523754263587   ,285.34056029871    ,302.138692526641   ,280.04352885211    ,0.00569055706889976,3.24267653721991   ,8.89841122068123   ,7.13933584991556   ,53003              ,aug                ,2011               
53.2446829699013   ,0.0480992336573811 ,201.645889742184   ,0.175430103433582  ,4.28608581048352   ,69.5007443192406   ,18.8836417895871   ,65.429987821896    ,282.991797250643   ,300.270473208089   ,194.953336714327   ,0.00502404627631404,3.34253131540531   ,8.44253519022668   ,9.04692507475641   ,53017              ,sep                ,2011               
42.2723079851454   ,0.291075343019758  ,202.56823768036    ,4.09255966359963   ,4.2038836499478    ,59.4123292909446   ,20.0397453957416   ,71.2678108509068   ,281.062006994246   ,299.87447508838    ,191.739249129136   ,0.00524032661286036,3.48862668895432   ,10.027271841942    ,10.4157704029644   ,53063              ,sep                ,2011               
54.1078643544283   ,0.0293536561254655 ,200.955956061885   ,-0.293818555236553 ,4.53000517989861   ,70.0683263326548   ,17.4724670967193   ,63.8216743466914   ,283.473272952417   ,301.91393530809    ,199.180335749801   ,0.00495868905755736,3.35015914496636   ,8.43699454597262   ,8.88836129191153   ,53025              ,sep                ,2011               
48.8296861410331   ,0.0935092234860308 ,198.398733374232   ,1.67576905919051   ,4.26390095668457   ,64.7829387224754   ,18.2543178467307   ,69.0523784537304   ,281.425897627097   ,300.580503928974   ,191.264773126813   ,0.00496056441078   ,3.35532205656301   ,9.30636975702636   ,9.76219135681219   ,53043              ,sep                ,2011               
48.2022203908153   ,0.07610881187559   ,202.047692477601   ,0.824973031280717  ,4.27420595876353   ,66.8725520038331   ,17.3057204377116   ,65.9430649951399   ,282.552341977824   ,302.025193358151   ,195.093366837524   ,0.00494473904620104,3.01579379534425   ,8.95050945896815   ,9.35175639754152   ,53001              ,sep                ,2011               
44.9141715366139   ,0.184381414193879  ,207.34436562482    ,2.72141224071091   ,4.34881874056423   ,63.323302146762    ,17.884235833514    ,67.4059876945346   ,282.171899023916   ,301.440711734547   ,193.365196123909   ,0.00505176881204962,3.25187087184308   ,9.42938185734842   ,9.70506148218641   ,53075              ,sep                ,2011               
48.6621764016763   ,0.0359558099719624 ,201.470578152583   ,0.729182470876437  ,4.36141074929482   ,68.1439902056181   ,18.1861462840361   ,63.5292673150087   ,284.411142229912   ,302.753387142084   ,200.483819339459   ,0.00524906535134412,2.97049432963897   ,8.71130675584842   ,9.0346953141995    ,53021              ,sep                ,2011               
48.936558319784    ,0.0288180668363476 ,202.475242958596   ,0.380112884951943  ,4.3876430664307    ,67.7188566708236   ,18.9458591536892   ,64.3851974654715   ,284.633378780147   ,302.41004290308    ,204.362774237984   ,0.00535201644881985,3.05985807939864   ,8.76317788665817   ,9.12753230342733   ,53005              ,sep                ,2011               
52.5415898550124   ,0.155591517213277  ,211.767569137163   ,2.28616888762508   ,4.4370632681047    ,72.2031137000453   ,16.9299523782533   ,58.3685050808371   ,283.985707357655   ,300.727129488801   ,200.191713126204   ,0.00476493540749737,3.20766625981894   ,7.96985686575651   ,8.19829768147281   ,53023              ,sep                ,2011               
52.0402466898813   ,0.193314293251547  ,211.438862171806   ,2.21707508243607   ,4.40814620152402   ,71.2320227671252   ,17.4483037246251   ,58.3195762717495   ,283.991939775024   ,300.592464626772   ,200.367454236548   ,0.00480305986880385,3.31165262568892   ,8.09953754335174   ,8.3315418661993    ,53013              ,sep                ,2011               
50.2245425087327   ,0.0673413978322967 ,208.329584968381   ,2.45836800643745   ,4.53382402786071   ,69.0420109120811   ,17.9539783587947   ,62.1505763583713   ,284.660753943797   ,302.672964266645   ,197.376120629866   ,0.00521595962762045,3.23981590904194   ,8.49321375403624   ,8.80107552695081   ,53071              ,sep                ,2011               
53.845169050212    ,0.128147370520404  ,221.779324612768   ,2.02533419194593   ,4.70477637989388   ,72.9469531479253   ,16.36778713253     ,58.1134315172831   ,283.896390360811   ,300.861201603279   ,202.75513599702    ,0.0046903728019138 ,3.49919766685098   ,7.79723787510772   ,8.01363981344404   ,53003              ,sep                ,2011               
25.7416573682771   ,0.68989265928277   ,199.493659109439   ,0.0938143747032813 ,1.45783514156905   ,32.5974095082264   ,43.3882353299805   ,94.9337388998777   ,274.792073194011   ,286.866924940301   ,110.260659454408   ,0.00498151643615382,3.16404715680514   ,14.9669847667098   ,17.6742898925948   ,53017              ,oct                ,2011               
19.8158535019932   ,0.974864235156783  ,-1365.26712028278  ,3.53432672376449   ,1.30210812440841   ,25.3620000174962   ,49.0674501451421   ,97.3495723598318   ,274.152282897369   ,286.35388183893    ,106.779208661949   ,0.00536135889049019,3.51372958165265   ,16.7728763848312   ,19.1408738317601   ,53063              ,oct                ,2011               
25.522551260643    ,0.535436205046087  ,201.742842339567   ,-0.3973730019837   ,1.57783640215031   ,33.4518645545774   ,41.5057176657567   ,95.2990082890778   ,275.266894675766   ,288.53050065461    ,113.738560446719   ,0.00518317716153889,3.13129636984168   ,14.6593868333284   ,17.4907163280132   ,53025              ,oct                ,2011               
24.1594748874764   ,0.68037982850592   ,223.578767527296   ,1.39986839741543   ,1.40582279805104   ,29.7318954515498   ,44.4953824110161   ,97.0462221284691   ,273.934581677003   ,287.056331539661   ,108.29367258191    ,0.00514065539983827,3.35373137040633   ,15.6959718219934   ,18.3994155686725   ,53043              ,oct                ,2011               
24.0515678965326   ,0.645986480930289  ,214.148988326207   ,0.617691267864605  ,1.47362209671812   ,30.9372275977713   ,43.3077225835412   ,96.6387776978543   ,274.835599069113   ,288.456776280557   ,111.694363069133   ,0.0053328771303791 ,2.98131813089776   ,15.381779395517    ,18.1170090440351   ,53001              ,oct                ,2011               
20.4633772753402   ,1.09099961300739   ,229.490429750909   ,2.45711569800096   ,1.45802309810097   ,26.8720218268291   ,46.9331774525217   ,96.9778490539203   ,274.870501896607   ,287.884551010566   ,108.372439289998   ,0.00554845673134603,3.43534247557624   ,16.306320819529    ,18.8022075441712   ,53075              ,oct                ,2011               
24.4962443517396   ,0.61215382423171   ,210.121389880311   ,0.492492904373182  ,1.55403428078068   ,31.5365906426688   ,44.8712222418773   ,95.8203982549625   ,276.517384917683   ,289.390957705969   ,113.271510597494   ,0.00570859921421329,3.08955649196658   ,15.0854913839335   ,17.9091683885891   ,53021              ,oct                ,2011               
24.3347935477248   ,0.565092582475144  ,206.352053219773   ,0.192112798494754  ,1.58765297683852   ,31.5460454978477   ,45.2708185696151   ,95.8267694419749   ,276.739391908684   ,289.453074664054   ,115.547940793577   ,0.00577134103043171,3.09031002762482   ,15.0719201336337   ,17.8634431353961   ,53005              ,oct                ,2011               
19.9517042565694   ,1.56867101612314   ,234.127059947224   ,2.02943421409737   ,1.56731900868949   ,28.3778296417904   ,47.3822662542301   ,92.8617077492875   ,276.012636447999   ,287.266435779471   ,111.510722692112   ,0.00544799084820307,3.52538195656072   ,15.7109056594878   ,18.1049294704857   ,53023              ,oct                ,2011               
20.0961007073288   ,1.95361406690136   ,229.746469577247   ,1.98110912961277   ,1.56016817111368   ,26.9652741510629   ,48.3138957402932   ,93.1957093979575   ,275.916278217395   ,287.253804494674   ,113.056688110926   ,0.00549635545988349,3.78846456515912   ,16.2431540958705   ,18.4160045601391   ,53013              ,oct                ,2011               
21.7768812649775   ,1.19360453153587   ,221.633047064364   ,2.18217914253675   ,1.62415720700217   ,28.1844438631141   ,46.4864885321196   ,95.3076123323398   ,276.729941463395   ,289.280116283578   ,109.176699822198   ,0.00581288519624397,3.64136597657185   ,15.9324467405384   ,18.3580767797605   ,53071              ,oct                ,2011               
21.6067774857749   ,1.36811577635082   ,238.277246965193   ,1.7246547911289    ,1.68115609248849   ,30.2725399572877   ,46.3242819844231   ,91.5796646331938   ,276.195612494907   ,287.169845965488   ,114.799679659832   ,0.00529523825121389,3.92477760339923   ,15.0923541269781   ,17.5422582200816   ,53003              ,oct                ,2011               
22.9689915520376   ,0.554956708272822  ,175.110108864811   ,-0.567056813838775 ,0.843332124344154  ,26.1921782712945   ,47.906449096265    ,86.2339736688276   ,270.118165378622   ,278.468620911741   ,63.8813859292653   ,0.00304304638540503,3.66194784669114   ,17.4093451791696   ,17.5568689989808   ,53017              ,nov                ,2011               
13.7331483535129   ,2.27914835453381   ,208.459427172845   ,2.71201911801142   ,0.787285888955335  ,16.2813900888128   ,55.6160456268017   ,86.4576478728166   ,270.826761584683   ,278.550901347646   ,63.9768344343856   ,0.0033774673038685 ,4.16362400498796   ,20.4873494085449   ,19.5788171102452   ,53063              ,nov                ,2011               
25.7327327462103   ,0.288990164198132  ,196.905113710012   ,-1.04970476926644  ,0.981573374734001  ,28.7745260736697   ,44.0774082715013   ,86.732260483783    ,270.957391451336   ,280.73638688947    ,67.4404042379366   ,0.00320925469123128,3.73349783901105   ,16.8108122912505   ,17.0099924419945   ,53025              ,nov                ,2011               
19.750515024607    ,0.898024272375763  ,206.272446843453   ,0.38332550710122   ,0.836563393854452  ,22.5630932987542   ,51.3047122497073   ,87.2868672291248   ,270.526845203967   ,278.937863130046   ,65.9212078328159   ,0.00328582474679776,4.00830209236251   ,18.4161307674793   ,18.3675547452606   ,53043              ,nov                ,2011               
21.3840067050063   ,0.519746574439436  ,202.74419942599    ,-0.471996984116327 ,0.926498088092252  ,26.1056010486745   ,46.0456366743946   ,86.4841673748085   ,271.401149839385   ,280.940346366059   ,68.5956378872096   ,0.0033566338490137 ,3.54928005890496   ,17.5009311906474   ,17.3764677097827   ,53001              ,nov                ,2011               
15.5193805096196   ,1.45102560684582   ,207.824244841931   ,1.80158902660889   ,1.0644586864815    ,20.1460831259559   ,49.0379644998289   ,84.2119702821619   ,272.144475718779   ,280.561659316119   ,66.8551157232546   ,0.00345525438044969,4.46400420455839   ,19.1922980719922   ,18.0806977142633   ,53075              ,nov                ,2011               
22.9711468191636   ,0.363873712037308  ,198.899531305753   ,-0.690334613716755 ,1.10142930200849   ,28.2727173592494   ,44.4161896818112   ,85.405022086119    ,272.865653502635   ,282.439471161671   ,67.1945694515033   ,0.00350847149691664,3.7268093326535    ,16.8880349781574   ,16.6446043992654   ,53021              ,nov                ,2011               
24.551492987676    ,0.29565976098583   ,201.467310212867   ,-0.657486073422949 ,1.06036592775724   ,28.9468277277561   ,43.6981001952696   ,86.2388542338941   ,272.855414302909   ,282.640745019254   ,71.471560640636    ,0.00354306280601006,3.52566829791083   ,16.8438008813933   ,16.6427567869484   ,53005              ,nov                ,2011               
13.8705240649466   ,1.7910633649894    ,208.993849171072   ,1.57449024943461   ,1.11966699843158   ,19.3529908142674   ,50.0099683777392   ,82.9677178258481   ,272.245716131301   ,280.137573975115   ,68.6458548547812   ,0.00344787652370005,4.80395628661843   ,19.3752828698721   ,18.1026476263753   ,53023              ,nov                ,2011               
13.1894012679188   ,2.17860718758445   ,209.660010585818   ,1.42812482131089   ,1.1074056930918    ,17.9056571405271   ,50.1973613975352   ,83.6365215687644   ,272.107356371389   ,280.160293126398   ,72.4694662320468   ,0.00346162537964919,5.11933732991859   ,19.9955701884591   ,18.5137081106296   ,53013              ,nov                ,2011               
17.9948295310261   ,1.0047158124738    ,212.63021233308    ,1.37364771453346   ,1.23843023431434   ,23.9028755791998   ,45.788228283342    ,83.9589974710935   ,273.504561100161   ,282.424276596938   ,66.5357980363737   ,0.00360895961742005,4.72974095854979   ,18.0013136618183   ,17.0560834325103   ,53071              ,nov                ,2011               
20.2781167861029   ,1.18932119836111   ,208.263631918134   ,1.38414461609801   ,1.18058978462016   ,22.9795327865682   ,50.5835570052302   ,82.3169192525302   ,272.082975509161   ,279.762434153313   ,70.5548894179128   ,0.00335756622376929,5.4905027547892    ,18.2203774819989   ,17.4450811221362   ,53003              ,nov                ,2011               
16.4469380925822   ,0.561877743145183  ,178.011373704634   ,-1.52083360413817  ,0.317313930391842  ,18.7940221958726   ,63.3795239592498   ,91.9910780823563   ,267.387008909652   ,274.05201055453    ,54.0004583975697   ,0.00272772118995934,2.54656296803516   ,19.4695143012452   ,20.1652540372281   ,53017              ,dec                ,2011               
12.8320191925178   ,1.19282118515041   ,192.596591073667   ,1.99990864301887   ,0.307590877505753  ,11.8849678428097   ,69.6283503473469   ,94.0773388755358   ,268.536899047975   ,274.892185307805   ,49.6841112181288   ,0.00313473314661608,2.73507739216119   ,22.3470741001427   ,21.5430173408176   ,53063              ,dec                ,2011               
17.7273758826352   ,0.278404868640673  ,173.58814869729    ,-1.92498151116223  ,0.373570248832026  ,20.314125587561    ,60.9938965428391   ,93.1921859382058   ,268.289478319204   ,275.578289307682   ,54.285339922443    ,0.0028991646634389 ,2.37011653176537   ,19.0182207659641   ,20.0465576576358   ,53025              ,dec                ,2011               
14.6568416592661   ,0.635254132618658  ,170.727560770768   ,-0.82988950944459  ,0.323057647695421  ,15.2907097214518   ,66.5580996838845   ,94.1204160021142   ,268.059863667272   ,274.663983370372   ,51.0839142574046   ,0.002978003026333  ,2.62806570185208   ,20.7337472096263   ,21.0819968769829   ,53043              ,dec                ,2011               
15.4580532462458   ,0.465838029637885  ,165.359725504732   ,-1.82102936361102  ,0.388322845859449  ,18.8315971634336   ,60.9560388833768   ,93.2622713263875   ,268.929455540173   ,276.31706589022    ,49.5985322418504   ,0.00304653877901659,2.08846978805639   ,19.5217796887686   ,20.1236823033694   ,53001              ,dec                ,2011               
16.1528450289521   ,1.10744879752076   ,173.300045248593   ,0.534782586220433  ,0.511082546327044  ,17.3524689430343   ,60.3592609431697   ,91.7204278242822   ,269.592681100883   ,276.856205370136   ,49.2580984155992   ,0.00315219937058567,2.89995637362144   ,20.3943190379423   ,19.8946148655087   ,53075              ,dec                ,2011               
17.666004524231    ,0.284572926235433  ,160.432974592356   ,-2.05464148280712  ,0.507203482534641  ,22.1600966165005   ,57.6656008221553   ,91.0684555308024   ,270.271950370593   ,277.865606951591   ,48.8908509565011   ,0.00317832124595626,2.23992377498211   ,18.5023250499138   ,19.0043219480759   ,53021              ,dec                ,2011               
18.8866547100702   ,0.192793152727236  ,171.185718003674   ,-1.93440177922065  ,0.502074367182304  ,23.6967000233351   ,54.4811757691513   ,90.9017645028921   ,270.334226876885   ,278.383478308382   ,52.5312950982615   ,0.00318462802047834,2.11062223494523   ,18.2296428046518   ,18.6944595253209   ,53005              ,dec                ,2011               
17.1509563227618   ,1.45031211375805   ,189.554929462378   ,0.0223899812246702 ,0.605910484031552  ,19.0198264178745   ,57.4380224251599   ,88.5249988638836   ,269.750863988651   ,277.175268766352   ,51.8330958277542   ,0.00313192316912805,3.19719771864992   ,20.0212514768723   ,19.0269763251516   ,53023              ,dec                ,2011               
16.6126288287823   ,1.97976702872979   ,193.018824967789   ,-0.35227960059468  ,0.583128355428524  ,17.7993525144512   ,58.1543322751243   ,88.9460644400765   ,269.751917885985   ,276.949240969779   ,54.8030015003411   ,0.00315198730153193,3.36326702134667   ,20.6387656453184   ,19.2024615172108   ,53013              ,dec                ,2011               
18.4663552691297   ,0.903032917906921  ,193.694727441224   ,-0.576197889883344 ,0.626609596455101  ,20.847185877539    ,56.8841494624854   ,89.8624244658928   ,270.931467067646   ,278.314454708771   ,49.6895917657268   ,0.00328436115176763,3.14615867318015   ,19.2152431157223   ,18.9343247059561   ,53071              ,dec                ,2011               
20.2062838820935   ,1.05894781827344   ,-3748.21214328497  ,0.0816072992382258 ,0.697555785347909  ,21.0142467382007   ,57.7505560640581   ,87.0165013264565   ,269.762416488759   ,276.999699513234   ,54.4118050893148   ,0.00306524505043955,4.00735284616477   ,19.1724444275645   ,18.615166938972    ,53003              ,dec                ,2011               
