bi,pr,th,pdsi,pet,erc,rmin,rmax,tmmn,tmmx,srad,sph,vs,fm1000,fm100,countyfips,month,year
8.1052082006261    ,0.36128379127796   ,137.438560115929   ,-1.89616922242943  ,0.225962199323816  ,6.66940020436588   ,77.684464775638    ,97.2732106318174   ,267.484624878758   ,274.015748171503   ,68.6263497659988   ,0.003074382271004  ,2.06991340178384   ,24.1545627276573   ,23.0200541568169   ,53017              ,jan                ,2001               
4.96047908623547   ,0.899012725690332  ,141.900812027115   ,-1.84905517258301  ,0.2471114934588    ,3.03630132916095   ,80.0894831902304   ,98.4821553107324   ,267.652934143503   ,274.409891328457   ,56.2575636449568   ,0.00326868406869416,2.372808316383     ,25.6902375322707   ,24.0382987173039   ,53063              ,jan                ,2001               
8.74052881162289   ,0.348289672204253  ,126.047321467664   ,-1.25180185647054  ,0.266833184073962  ,7.44531212205138   ,77.1979636083046   ,97.204242614289    ,268.834494852897   ,275.023672904863   ,64.8572296914876   ,0.00322634732603104,1.93480536019953   ,23.8166454102258   ,22.8133365844031   ,53025              ,jan                ,2001               
5.88565929837466   ,0.542611559196895  ,133.569749326434   ,-1.06746694343661  ,0.217583374983215  ,3.26365946423903   ,81.5325182286905   ,99.1956828666051   ,267.158445146381   ,273.845564004409   ,60.1210490787761   ,0.00315286060310669,2.28342770689932   ,25.6270552533944   ,24.358880557055    ,53043              ,jan                ,2001               
6.10897210822198   ,0.54927223456805   ,121.744110281746   ,-0.54462320653236  ,0.226036679668693  ,4.02388671904829   ,82.9432419578495   ,98.8061288452289   ,268.951861260856   ,274.701479342632   ,60.4501300792904   ,0.00339377905449259,1.72585068206347   ,25.1573668966585   ,24.3084992841471   ,53001              ,jan                ,2001               
6.36340610355346   ,1.00024592277334   ,150.914243951613   ,-0.567642846101639 ,0.338485099844338  ,4.65884833792976   ,76.6054089452465   ,97.5275281595596   ,269.140515978703   ,275.637622004297   ,58.1996638789168   ,0.00344582884673178,2.47266228358026   ,24.9707536170424   ,23.2880965175303   ,53075              ,jan                ,2001               
6.75588293003361   ,0.598278647309941  ,160.0802630838     ,0.749367343161542  ,0.270586191143646  ,4.99887240435268   ,82.9427751986028   ,96.918962382087    ,270.754973399728   ,276.040745964713   ,60.6334151227776   ,0.00364524738371451,1.68075489419566   ,24.6562537635822   ,23.5981847287408   ,53021              ,jan                ,2001               
8.37436629094861   ,0.481284134074303  ,155.517726288046   ,-0.205140856862494 ,0.316773536614896  ,7.68155856295371   ,77.0220411027245   ,96.6682069039022   ,270.899847529776   ,276.571558735894   ,63.6575057917502   ,0.003591278511258  ,1.55264897160708   ,23.7148041721518   ,22.6519029919121   ,53005              ,jan                ,2001               
8.12133695756797   ,1.30296139007065   ,177.294055364911   ,0.184844806944608  ,0.465849720355123  ,6.87344621355562   ,68.3975084163793   ,95.8048196141788   ,269.595880140405   ,276.804920591684   ,61.8051882720715   ,0.00353158891636825,2.6509537063651    ,24.647931171739    ,22.0972067984472   ,53023              ,jan                ,2001               
7.29821899989995   ,1.64518737246853   ,165.291012247216   ,-0.467133495456053 ,0.394243823681162  ,5.30465426402012   ,71.4499864508988   ,96.6466130335736   ,269.624135457267   ,276.263601456758   ,66.4959289982117   ,0.00357622567036458,2.63547565321064   ,25.6577413461032   ,22.8560254812603   ,53013              ,jan                ,2001               
7.27888057279166   ,0.989480665368325  ,158.142320148187   ,0.738650772225889  ,0.347483999564083  ,5.13309506915445   ,79.3448421874448   ,96.7375864438613   ,271.141512150718   ,276.360385313517   ,61.1996685031078   ,0.00369904263991908,2.35104127414671   ,24.9492441650579   ,23.3575757769753   ,53071              ,jan                ,2001               
11.7305556084225   ,0.935525361751146  ,208.826341227641   ,0.369284988215551  ,0.602620266049869  ,12.2738408091392   ,63.5272055936472   ,92.5488432054944   ,269.843453691346   ,277.229363351871   ,64.5682119731485   ,0.00337960559124035,3.13814653754796   ,22.3689041393685   ,20.322326099561    ,53003              ,jan                ,2001               
9.92232185817314   ,0.547185882310604  ,136.518362824952   ,-2.1104381798841   ,0.648906247527509  ,10.9497255085702   ,60.611048044771    ,97.0364865647126   ,266.500494039284   ,275.691758045289   ,110.576873182562   ,0.00285901179778502,2.14341703668942   ,23.1370590292219   ,20.9271154882911   ,53017              ,feb                ,2001               
7.49426115826473   ,0.945038998694431  ,130.109575107331   ,-2.409675273731    ,0.601196097248063  ,6.65100373457888   ,66.6863397083953   ,97.3875194745016   ,266.524321545739   ,275.372989609818   ,94.8743722665533   ,0.00301085777148136,2.41202154390666   ,24.9250634949569   ,21.9911465124105   ,53063              ,feb                ,2001               
12.0363857028777   ,0.410218478266814  ,104.104218961797   ,-1.27222066292095  ,0.754393545750672  ,13.1526990283348   ,59.1691769082853   ,95.9006627474606   ,268.473043277887   ,277.461763973241   ,108.707610119102   ,0.00304995311458219,2.16571047611984   ,22.5938874088027   ,20.3114700784382   ,53025              ,feb                ,2001               
9.47167327131244   ,0.506369881794248  ,121.83143486203    ,-1.44195515415264  ,0.607947814123666  ,8.63994209891601   ,66.3321365976838   ,97.3483215049798   ,266.748294441439   ,275.268222292495   ,102.726217791768   ,0.00296182452816415,2.28250700235875   ,24.1832655844248   ,21.5916444707396   ,53043              ,feb                ,2001               
10.7790866108332   ,0.453334017631964  ,102.999910443291   ,-0.878027388669458 ,0.728915693781998  ,11.6807458324563   ,61.6974398093393   ,94.763693223954    ,269.097166096535   ,277.584862971765   ,104.629184119193   ,0.00320308369499584,1.8869963016512    ,23.3732054213057   ,20.2035403856234   ,53001              ,feb                ,2001               
8.90768837946768   ,0.87049399131862   ,137.056193601921   ,-1.1524426505028   ,0.751898585278697  ,9.61231958788228   ,61.8669219194941   ,95.0212371903107   ,268.828951280097   ,277.579320106827   ,99.8238438857904   ,0.00328281925232032,2.27932329237211   ,23.8787519728236   ,20.5651913468177   ,53075              ,feb                ,2001               
12.3096282671801   ,0.398186125434362  ,141.867646769059   ,0.601070986535305  ,0.858426993201067  ,14.0186823015603   ,58.1426822038797   ,94.1075460119562   ,270.805093304142   ,279.819815822224   ,106.89452082351    ,0.00344290287620234,1.90150942667336   ,22.6059877146731   ,19.5610716945522   ,53021              ,feb                ,2001               
12.405727155641    ,0.353744634087823  ,123.045886261801   ,-0.440699830868041 ,0.903462944917589  ,14.6270301213468   ,55.6336663355791   ,95.6507137597665   ,270.444781312273   ,280.316805332471   ,105.974594166192   ,0.00343224393497451,1.93876276312936   ,22.1151302902757   ,19.7881996855833   ,53005              ,feb                ,2001               
9.10672217022875   ,1.09631326448539   ,165.893103960693   ,-0.374003122018855 ,0.856041746321461  ,11.1913068253305   ,58.2966825346452   ,92.811526331525    ,269.272931891833   ,277.953400023764   ,103.271793358709   ,0.00330689062785901,2.4024788615126    ,23.425064893137    ,19.6889029445115   ,53023              ,feb                ,2001               
8.88562214003815   ,1.40133419046673   ,152.771591426681   ,-1.00967036670051  ,0.864029408337112  ,9.92928010771246   ,57.9857130699757   ,93.5929353838102   ,269.365804616604   ,277.97783071137    ,109.908184642835   ,0.00330542743473509,2.38405628696296   ,24.4347216446362   ,20.1494695318218   ,53013              ,feb                ,2001               
10.0873144028881   ,0.782153534267041  ,143.265650504277   ,0.360212045017539  ,0.911568196245948  ,11.6723552134042   ,58.1153296521593   ,93.9990860798356   ,271.037787598046   ,279.773291744006   ,101.930472615981   ,0.0035115720646193 ,2.3016586747544    ,23.4035589639595   ,19.9414888955436   ,53071              ,feb                ,2001               
12.2933032844331   ,0.687100921342843  ,204.057870531729   ,0.180657883621118  ,0.946611861048637  ,15.7213211947046   ,56.2583869376197   ,91.6969896382162   ,269.4167443714     ,278.19196380838    ,105.312580691886   ,0.00326039086432428,2.90606802419154   ,21.4322511737115   ,18.8264497176698   ,53003              ,feb                ,2001               
14.1611940906558   ,0.81684095271851   ,209.363052023395   ,-2.12443210242144  ,1.87218929449534   ,19.7155642467789   ,43.8546205379996   ,92.6973270138972   ,272.447325328113   ,283.569719340281   ,168.601138120319   ,0.00381776298317012,3.2786610603602    ,20.2296966617081   ,17.3776009225626   ,53017              ,mar                ,2001               
13.2183434812955   ,1.2454572989492    ,194.404511946278   ,-2.6961346397284   ,1.66906763258629   ,15.4046516628342   ,47.5110238828265   ,95.6974334799083   ,271.858381558428   ,282.967886279828   ,146.855318534186   ,0.00403076638663481,3.75657775771654   ,21.918875575989    ,18.597282544224    ,53063              ,mar                ,2001               
16.8931539681848   ,0.810439223190618  ,194.038191382851   ,-1.31492181712878  ,2.11926100493012   ,22.6056241177863   ,38.3752744290221   ,92.8934263787391   ,273.382851773137   ,286.08065652462    ,171.022504160087   ,0.00396685477481237,3.22162132474754   ,19.5606046111304   ,16.8525046751649   ,53025              ,mar                ,2001               
14.0294203323072   ,1.07526709573568   ,193.968778908395   ,-1.5551126242253   ,1.81017792437807   ,17.1537086578557   ,43.954622171907    ,96.1921067193434   ,271.872772087575   ,283.822695770369   ,162.565565072983   ,0.00396825658167578,3.47449836601368   ,21.3485120134106   ,18.3371228340619   ,53043              ,mar                ,2001               
14.6974346128402   ,1.02781847026914   ,185.452043109652   ,-1.02152840921579  ,1.99241035251126   ,19.8843562495236   ,40.8754122307697   ,95.1950883541853   ,273.102246900199   ,285.943346508198   ,166.565806012903   ,0.00412004648565815,3.00498336018074   ,20.3919218991378   ,17.6655071099261   ,53001              ,mar                ,2001               
12.6654298134385   ,1.17689474533134   ,198.236724676968   ,-1.57534368231746  ,1.90923991110565   ,17.7123189015723   ,45.1143500195961   ,94.5115670017771   ,273.298409003415   ,284.959742561355   ,152.52302470314    ,0.00422875753092267,3.56188012276926   ,20.7627922172474   ,17.8193186580434   ,53075              ,mar                ,2001               
15.6932373433389   ,0.939485653277218  ,183.083608736878   ,0.265242881042948  ,2.16648805223535   ,21.5131324506575   ,39.5143275459706   ,94.7478834563982   ,274.494168094607   ,287.463559796733   ,169.432177332081   ,0.00433617462193196,3.06985837864521   ,19.8289087572405   ,17.2636157646368   ,53021              ,mar                ,2001               
16.3134471840284   ,0.734445723952979  ,182.46163752621    ,-0.803682880792628 ,2.22501873422509   ,22.243107047557    ,38.0429045804973   ,95.5720929875586   ,274.465000649904   ,287.543035828674   ,174.062419716241   ,0.00432751473348881,3.16318691271729   ,19.5496235909547   ,17.1804175740049   ,53005              ,mar                ,2001               
12.6794414247898   ,1.5392643594952    ,211.438879220764   ,-1.21452913002938  ,1.87412153319065   ,17.925515473713    ,47.8308805046471   ,92.8125749648011   ,273.482036956683   ,284.04378852699    ,153.612318562114   ,0.00425413618455961,3.71916050018612   ,20.5023961599354   ,17.7832919627912   ,53023              ,mar                ,2001               
12.8761132631224   ,2.06038530366714   ,200.752731408849   ,-1.69159526366051  ,1.8877381445729    ,16.8296938851397   ,47.8522800519003   ,93.2071209414507   ,273.446527585128   ,284.20858388655    ,160.811597026174   ,0.00427570585667533,3.78947392709049   ,21.2071913801482   ,18.1037776758896   ,53013              ,mar                ,2001               
14.4491080906935   ,1.35632998988896   ,191.986348134481   ,-0.439371327571142 ,2.10707693579251   ,19.4006113362394   ,43.3634086761955   ,93.7937725596374   ,274.833004979239   ,286.859446223689   ,157.654886814481   ,0.00447417236021907,3.61467391913749   ,20.4012327922038   ,17.4548677033775   ,53071              ,mar                ,2001               
14.5688063100578   ,0.934324294265534  ,225.692625092034   ,-0.426069136672719 ,1.93836003122314   ,21.2516877947624   ,47.5726824743146   ,91.7841958988406   ,273.608415762172   ,283.973049604839   ,153.212314488047   ,0.00420973692849706,4.13840093092271   ,19.0513243532641   ,17.0388081443711   ,53003              ,mar                ,2001               
23.8778268498335   ,0.527944146969623  ,202.940611440259   ,-2.02986007227302  ,3.09543941601482   ,32.544178573569    ,35.6013484210231   ,85.9524740272241   ,274.857100519144   ,287.439776911568   ,212.147725278883   ,0.00409147200894878,3.72647618418969   ,16.6573452973516   ,13.5485281655088   ,53017              ,apr                ,2001               
14.0733272962779   ,1.79099823107231   ,190.940818427955   ,-2.61325097385994  ,2.55809072300173   ,20.9226596634965   ,42.8249362696268   ,92.4673664846681   ,274.234601896802   ,285.447565389863   ,186.560388134895   ,0.00438543250173304,3.92316601740795   ,19.6875330730774   ,16.4404405850891   ,53063              ,apr                ,2001               
24.8034898158127   ,0.596213141226282  ,195.253995815579   ,-1.16884069624733  ,3.33178847774291   ,34.2378400914194   ,31.7828298619867   ,85.4492124285515   ,275.80936497346    ,289.272562094624   ,212.325074063707   ,0.0041515861893777 ,3.66925489054374   ,16.2693237234658   ,13.1666534876547   ,53025              ,apr                ,2001               
18.3313139094635   ,1.03373539092148   ,194.606375872264   ,-1.47684544139944  ,2.86345278957863   ,25.7242667227011   ,36.8599474693729   ,92.3857833164309   ,274.055022659241   ,286.9291744915     ,200.842948390988   ,0.0042140936596777 ,3.75787886786575   ,18.4116709807797   ,15.3858834388812   ,53043              ,apr                ,2001               
18.6632873913593   ,1.00486452396614   ,188.657430845674   ,-0.91010272297303  ,3.07490209130981   ,28.0198035208293   ,34.6358925875871   ,89.8146550121143   ,275.110196660287   ,288.445550075119   ,212.189573126923   ,0.00426692421770003,3.38815035443707   ,17.7893429589476   ,14.7008223109168   ,53001              ,apr                ,2001               
13.8624039947903   ,1.81425896068882   ,206.73430947844    ,-1.50792039409572  ,2.74083941275466   ,21.4966135744207   ,42.270634534574    ,90.4197210564707   ,275.186482332117   ,286.64874735275    ,195.650705242082   ,0.00452429715522985,3.69141439654313   ,19.4852835777881   ,16.2115939335543   ,53075              ,apr                ,2001               
17.3822993176823   ,1.09351877149863   ,191.420676669096   ,0.385993905133905  ,3.22510806406156   ,28.0888353899198   ,34.998383597594    ,88.6134473702846   ,276.728082490579   ,289.628819881341   ,215.404267207415   ,0.00454194778528733,3.40347718787499   ,17.6370822834357   ,14.6002513480798   ,53021              ,apr                ,2001               
19.8779054314365   ,0.930221579639752  ,189.024333184511   ,-0.647350586342756 ,3.31722830773811   ,29.7826082501421   ,33.5999305272714   ,88.4212384056528   ,276.810280735535   ,289.937380681988   ,215.562274572459   ,0.00452350887823097,3.49918752969546   ,17.2903532598616   ,14.3598355846762   ,53005              ,apr                ,2001               
11.6679391350173   ,2.47893541060681   ,226.372549023737   ,-1.16355835280803  ,2.5637282587233    ,18.0027773938564   ,47.2090124880552   ,90.5397574636013   ,274.9083129946     ,285.2535678208     ,193.568085425241   ,0.0046350538566965 ,3.77331296743567   ,20.6061402202393   ,17.0566042572322   ,53023              ,apr                ,2001               
11.8671450775557   ,3.0075386988711    ,209.560215889991   ,-1.45651393599587  ,2.61233978095687   ,16.6384249218156   ,46.8404360210292   ,89.9520263285745   ,274.986836799235   ,285.444318316661   ,196.333965784176   ,0.00460501370104729,3.93212831782837   ,21.539393246902    ,17.1827410452445   ,53013              ,apr                ,2001               
14.5812386349921   ,1.91908298953762   ,199.74729127577    ,-0.34750668602039  ,3.03105804574522   ,22.630566564277    ,40.2303827513201   ,88.1221890183322   ,276.907716675632   ,288.743922403641   ,202.014858477419   ,0.00476265381270803,3.77154895007449   ,19.4437367644736   ,15.6626403285236   ,53071              ,apr                ,2001               
12.715023537403    ,2.14460936982339   ,237.227574920248   ,-0.604480457498971 ,2.63568787689337   ,20.7590376063275   ,45.6282212487102   ,90.7410421719516   ,274.922169093668   ,285.498341269389   ,190.623604151222   ,0.00460466135283615,4.12066261832151   ,19.2089139434833   ,16.7084934066392   ,53003              ,apr                ,2001               
42.5649697361421   ,0.221746344043839  ,231.669599630762   ,-2.54056234169092  ,5.32199708754763   ,53.3074665031436   ,25.768666528223    ,70.2390612436475   ,279.581802403986   ,295.566617561873   ,299.434996034174   ,0.00482789457417691,3.93828973447994   ,12.3271183370974   ,9.34050956567198   ,53017              ,may                ,2001               
29.0567417575909   ,1.05117717134285   ,210.457075994054   ,-2.67523206355241  ,4.8344056791319    ,38.0684503410737   ,30.6068409415644   ,77.0460669387262   ,278.188813249274   ,294.685194918964   ,283.475940104781   ,0.00524579610549376,3.87715489346089   ,16.071846968053    ,11.4553768440069   ,53063              ,may                ,2001               
43.4947059511025   ,0.178820376845894  ,227.826996292913   ,-1.45595305558211  ,5.61806477142574   ,55.6167138565288   ,22.9558864657508   ,69.2172226211531   ,280.367655383407   ,297.557461666992   ,308.521263847389   ,0.00479131157967708,3.63919947880889   ,12.023004921215    ,8.9793306822596    ,53025              ,may                ,2001               
34.0522005816278   ,0.593502936854503  ,216.182625074751   ,-1.77717267888448  ,5.12655173534517   ,43.3707428884539   ,26.5482905256674   ,79.1678330643695   ,278.070733700846   ,295.654097583867   ,298.457691160615   ,0.00501274321267271,3.79031848433901   ,14.7804728578554   ,10.9720175714689   ,53043              ,may                ,2001               
33.6688649161232   ,0.407963994266872  ,212.176142521074   ,-1.12209411520322  ,5.34537298187485   ,47.3170299565288   ,24.6177055296478   ,74.3204406474189   ,279.141657200172   ,297.226412467699   ,311.32241079082    ,0.00492603001211232,3.23399084838396   ,13.8526846230036   ,10.1275473360941   ,53001              ,may                ,2001               
27.0416455376222   ,0.837032224730477  ,212.289803853623   ,-1.61243062179463  ,5.05371691147336   ,38.595495646294    ,31.358918571255    ,74.7789170911235   ,279.145839502092   ,295.628107240738   ,299.141513162863   ,0.00540102722375977,3.58364318410178   ,15.8057345851775   ,11.2842457150418   ,53075              ,may                ,2001               
35.303654064541    ,0.248516347919297  ,207.375915008621   ,0.154477306742233  ,5.53878014448559   ,49.1941587890644   ,25.1476124952804   ,71.9315599753898   ,280.943347758632   ,298.388527556389   ,315.102987207077   ,0.00521644507361479,3.14443063185026   ,13.4841354347636   ,9.74153396698736   ,53021              ,may                ,2001               
37.4220019579135   ,0.177968061750776  ,213.116439952778   ,-0.830449633718722 ,5.57081946174842   ,51.2214073975547   ,24.4348902326432   ,72.7056231961994   ,281.27775208935    ,298.632674649554   ,312.652395622674   ,0.00522398559762486,3.14737796765813   ,13.037815352937    ,9.57940215790492   ,53005              ,may                ,2001               
26.207654179705    ,1.01416507200305   ,224.522669589441   ,-1.09616248788964  ,4.83430934088475   ,36.9958063731139   ,36.0664149018572   ,68.7708524716591   ,279.753950794291   ,294.063879420824   ,294.076955491473   ,0.00550020700550586,3.55619766357021   ,16.2854644710997   ,11.1934908654976   ,53023              ,may                ,2001               
26.5156719924324   ,1.23540113421132   ,212.754039844937   ,-1.32676243444622  ,4.8602077285697    ,36.818936771244    ,34.9918635293773   ,69.2401811850673   ,279.7409264143     ,294.495976351902   ,292.179235877469   ,0.00544540622594281,3.58000142125136   ,16.5543551607684   ,11.2036042950722   ,53013              ,may                ,2001               
30.475220759954    ,0.733641651595574  ,209.774213383212   ,-0.537934441937179 ,5.32359094254589   ,42.8690803194184   ,29.5932629120309   ,70.4007594931198   ,281.191166723428   ,297.619415563328   ,300.700834473881   ,0.00552789451037952,3.39611111825575   ,14.9836105027288   ,10.4301936248766   ,53071              ,may                ,2001               
27.8119360495623   ,0.883794028225129  ,242.125429748506   ,-0.632617793696844 ,4.95202716092432   ,39.0936863503794   ,34.3056750613043   ,67.2061621955852   ,279.833364179057   ,294.561099177056   ,288.035476842655   ,0.00542817198460225,3.78596396195852   ,15.6693916131054   ,10.7748848836731   ,53003              ,may                ,2001               
32.344336631436    ,0.890099971796999  ,224.888576822975   ,-3.04877238228636  ,5.02004854946873   ,51.192095161534    ,30.4163687069354   ,79.0190753919631   ,281.41668151691    ,295.493621782301   ,289.354592128455   ,0.00580720092579538,3.26914627565956   ,11.3696620674682   ,10.7614702323269   ,53017              ,jun                ,2001               
24.1817920463311   ,1.18183895577474   ,198.038054718048   ,-3.19750821626657  ,4.4541978954665    ,39.4143143141765   ,36.7023135431632   ,85.3902156887808   ,280.316398909703   ,294.371643323038   ,268.370529497914   ,0.00641614858437567,3.40494616415725   ,14.0888936654413   ,12.5302186955314   ,53063              ,jun                ,2001               
37.1128728807527   ,0.646119137916494  ,214.472365502015   ,-1.91748798253113  ,5.35948553532816   ,56.0057476402855   ,26.9901281866193   ,76.6278456832635   ,282.440882978608   ,297.321303800575   ,294.276608667833   ,0.00575276129491148,3.24359768160518   ,10.6217615425841   ,10.0263055472894   ,53025              ,jun                ,2001               
30.7034374148262   ,0.672173777777426  ,204.53667126324    ,-2.36925840747669  ,4.71371985478542   ,44.8382352719728   ,32.2236806924133   ,88.784229578399    ,279.969113382538   ,295.389662191047   ,281.172489268228   ,0.00621471586626085,3.3040330162054    ,12.9881359891656   ,12.1793248206543   ,53043              ,jun                ,2001               
32.9864229978319   ,0.574929778664991  ,198.483338030589   ,-1.71081199322639  ,5.07652290354713   ,49.6537562843039   ,28.9571650648982   ,83.8848993771397   ,281.185115226155   ,297.026614028654   ,290.13976005802    ,0.0060137020068647 ,3.10387573658338   ,12.0121467038804   ,11.1987574139662   ,53001              ,jun                ,2001               
25.2691049613623   ,1.00855391129559   ,204.565494120134   ,-2.23377006671008  ,4.6620922944125    ,40.9323138280382   ,36.1419712957494   ,83.7897282839008   ,281.059837012197   ,295.305554232728   ,273.276601949056   ,0.00645712461937949,3.37602074530545   ,13.868117572373    ,12.1657538847082   ,53075              ,jun                ,2001               
37.2746132051412   ,0.500218524256578  ,194.941600002142   ,-0.911147648588014 ,5.41421342638823   ,54.0336055645576   ,27.9821622465818   ,78.5303693839831   ,283.102361039382   ,298.120669367864   ,297.381245126969   ,0.00608554156688161,3.19515849414544   ,11.2220308889487   ,10.3312867332727   ,53021              ,jun                ,2001               
39.0166706985367   ,0.580132264402903  ,197.500812801113   ,-1.5990936351569   ,5.61276711107946   ,56.63309977981     ,26.3777015256223   ,75.37187065354     ,283.635460721529   ,298.554835854856   ,296.164115166147   ,0.00594107576334092,3.3574152765307    ,10.6917077948591   ,9.80887620801756   ,53005              ,jun                ,2001               
23.5789320909288   ,1.10430416672743   ,215.952216617969   ,-1.72932399281804  ,4.5390877239946    ,40.4685783271711   ,39.372079964158    ,77.6990989384937   ,281.317529208418   ,293.877330279301   ,270.461278197484   ,0.00632229584493861,3.37035577302147   ,13.846266477498    ,11.7958287091976   ,53023              ,jun                ,2001               
26.177875981471    ,1.11581797885853   ,205.064795736825   ,-1.7901077973697   ,4.66660941358636   ,40.9515529546022   ,38.4174610352641   ,77.8302469649656   ,281.510500813696   ,294.289769767508   ,271.249951767048   ,0.006279163816895  ,3.60540144362375   ,14.0221280099626   ,11.8196820706389   ,53013              ,jun                ,2001               
32.9403752036509   ,0.826277000620598  ,200.41577153852    ,-1.41453016665449  ,5.25557786675327   ,47.9892742278453   ,31.7774524326893   ,77.6691493254044   ,283.320762770738   ,297.518356773976   ,283.94688103115    ,0.0063348370966398 ,3.4989016524983    ,12.5861560812488   ,10.9597373367971   ,53071              ,jun                ,2001               
24.852477233519    ,1.17700654085898   ,226.449684466527   ,-1.38860034755116  ,4.62917442243465   ,42.1534798636054   ,38.180529888877    ,76.0688785028574   ,281.426420511585   ,294.293774718496   ,266.662440850845   ,0.00629007531320925,3.51825456980371   ,13.3747976941204   ,11.5325768653494   ,53003              ,jun                ,2001               
47.0288948883126   ,0.171451962598717  ,263.224619556267   ,-2.88226597007073  ,6.22156760547692   ,63.4633410559686   ,23.8691643879171   ,70.0529255629436   ,285.666201904021   ,301.758436088406   ,309.452133435434   ,0.00664881097084646,3.20177406378906   ,9.9265290842752    ,8.48245869849145   ,53017              ,jul                ,2001               
36.9317140321916   ,0.340813958127074  ,220.059645738049   ,-3.41310867700413  ,5.69519665620177   ,51.9374739954268   ,26.5411856094287   ,80.6166357325975   ,283.548163027912   ,300.747725292916   ,295.566517274559   ,0.0070932972632003 ,3.15144844148215   ,12.0850193573688   ,10.3162861570259   ,53063              ,jul                ,2001               
50.6518172227439   ,0.0734279106265708 ,251.394915831555   ,-1.75843968748193  ,6.43502286491848   ,67.1529031321499   ,22.4428829296992   ,70.1718219965846   ,286.396690169335   ,303.296337233193   ,315.873878290035   ,0.00671829494051003,3.10073677002206   ,9.30148689713253   ,8.28243274012988   ,53025              ,jul                ,2001               
41.188131687823    ,0.203582361940516  ,233.877616819806   ,-2.51527815047198  ,5.88241617862599   ,56.6049967144734   ,24.0281941554629   ,81.1179369128285   ,283.625281920489   ,301.670720202532   ,304.775732388277   ,0.00676507350135948,3.00732769012745   ,11.1807044406109   ,9.98244782229826   ,53043              ,jul                ,2001               
44.7244947054305   ,0.159356442134893  ,240.350277559298   ,-1.78144711600448  ,6.02318498201077   ,61.4620231332593   ,22.9302941637544   ,76.9118264261153   ,284.905037265463   ,303.042169483656   ,305.811664391957   ,0.00677996397916097,2.82463626422374   ,10.3160510060086   ,9.28190097785479   ,53001              ,jul                ,2001               
35.8797520174633   ,0.344622690803186  ,235.932451032791   ,-2.37115734909095  ,5.66802966814566   ,52.2247522794951   ,26.988144891909    ,80.8961517949258   ,284.250847515417   ,301.568597966869   ,293.335012977788   ,0.00731898880570745,2.91758536591702   ,11.9036470914475   ,10.4363637585432   ,53075              ,jul                ,2001               
46.9497296537994   ,0.088450559016049  ,236.121380584944   ,-0.953739285915612 ,6.192940024525     ,64.5138302985255   ,23.8029778019074   ,72.3455466542587   ,286.864295584629   ,303.656855944309   ,308.065870102345   ,0.00712329506863685,2.92648469364229   ,9.63265076452686   ,8.67980835289872   ,53021              ,jul                ,2001               
49.5273085332199   ,0.0894553327357343 ,238.971235831029   ,-1.4424033540887   ,6.46757368219788   ,66.2475948714191   ,23.2687758885169   ,69.1983401268851   ,287.65231007523    ,303.909010386007   ,312.628778961147   ,0.00709946352190662,3.16529393635831   ,9.38104127422274   ,8.28031949340262   ,53005              ,jul                ,2001               
34.1277079726669   ,0.492357509282733  ,250.051990521262   ,-1.82512466408945  ,5.53352599052264   ,53.607452283281    ,29.3704420038895   ,69.6727858023471   ,285.386341532923   ,299.865723127068   ,293.298877152764   ,0.00714145290460628,2.81243090565327   ,11.5198974271166   ,9.47118092103942   ,53023              ,jul                ,2001               
37.2965702444328   ,0.334905877513089  ,241.077371512166   ,-1.86108916404984  ,5.6504986252742    ,55.8551382242959   ,28.8480722968229   ,68.0828359269186   ,285.524468879204   ,300.18198540766    ,292.590502989733   ,0.00701493717816713,3.03176536508316   ,11.1720902712396   ,9.1070339233564    ,53013              ,jul                ,2001               
42.679029351144    ,0.181024777398408  ,236.246502548995   ,-1.46735640758583  ,6.07157721589501   ,61.2034752838511   ,25.1179158619436   ,69.1407311387241   ,287.181576324391   ,303.2267328638     ,294.013235564873   ,0.00719515536655324,3.00648108038757   ,10.2142659598      ,8.60651757033703   ,53071              ,jul                ,2001               
33.5394744350229   ,0.663592316303249  ,261.416917055726   ,-1.45585633025147  ,5.59094568207765   ,53.0683834389403   ,29.1557094123971   ,69.1715781479295   ,285.548520807886   ,300.235855012718   ,293.467611838768   ,0.00727232059471314,2.78491336161989   ,11.6692917057843   ,9.48467951413741   ,53003              ,jul                ,2001               
50.797941561894    ,0.162594402732201  ,229.695555215684   ,-2.84315641678247  ,5.59265250680177   ,66.6427340517872   ,22.4733317708691   ,68.9956409129959   ,286.742792552579   ,303.247568420882   ,262.712878616714   ,0.00694004368835343,3.20565131236425   ,9.23226174726951   ,8.85895264701173   ,53017              ,aug                ,2001               
46.3540293116366   ,0.110156027388136  ,190.202689359729   ,-3.53892234260671  ,5.49273914987637   ,60.541168639655    ,21.6941074670933   ,74.5400122197332   ,284.75945121525    ,303.150925303501   ,260.762726566162   ,0.00681820473862816,3.1704717457838    ,10.5864533903506   ,9.52846639625511   ,53063              ,aug                ,2001               
51.4925316957136   ,0.145843467396857  ,224.717973490559   ,-1.84846255902285  ,5.78541771337208   ,67.0966528885599   ,21.4998969575063   ,70.6252762384556   ,287.179309890638   ,304.748618666108   ,268.622056963197   ,0.00717687581483965,3.14509038002436   ,9.15837646496635   ,8.98218200005274   ,53025              ,aug                ,2001               
45.1821788724716   ,0.210350853542926  ,200.673877214816   ,-2.57929831653146  ,5.46714126945359   ,60.920854150712    ,20.798566486151    ,73.4702474001016   ,284.933277693712   ,303.475559587924   ,259.771870769853   ,0.00665082065627324,3.06011063551571   ,10.486746400028    ,9.48728922529615   ,53043              ,aug                ,2001               
46.5605626798546   ,0.22878917045454   ,210.989059001199   ,-1.82345953609335  ,5.54834268064792   ,64.0021903447649   ,20.2976174717283   ,70.552911129398    ,286.289473993675   ,304.767883633628   ,263.118527911774   ,0.00684017534708625,2.83476022671216   ,9.91092411336203   ,9.09328798487905   ,53001              ,aug                ,2001               
45.7020927341107   ,0.089861748254729  ,213.65775974061    ,-2.52091522636367  ,5.58044629585585   ,60.5102563767551   ,20.8495895692293   ,73.9924989116169   ,285.311799285136   ,304.197639893273   ,259.614520726937   ,0.00687257911442678,3.08112172066826   ,10.6159697879379   ,9.4954414732135    ,53075              ,aug                ,2001               
46.9696701576767   ,0.230594967949035  ,227.859574980842   ,-1.0658782434005   ,5.64943718018366   ,64.20850721222     ,22.7584085290544   ,71.7891365652345   ,288.098725584423   ,305.183736217111   ,268.040051774056   ,0.00764958717347245,2.90074084960941   ,9.6327552838006    ,9.37523774692498   ,53021              ,aug                ,2001               
48.0003888074394   ,0.186196734649144  ,248.695024623202   ,-1.46874719008774  ,5.77770352562117   ,64.7063737271464   ,23.0410615520911   ,72.3446425019068   ,288.281490721305   ,305.251782629367   ,269.214223673107   ,0.00778057280053993,3.06240849458869   ,9.4553520696312    ,9.39856860568947   ,53005              ,aug                ,2001               
47.8385074475912   ,0.152748379779469  ,231.042949711879   ,-1.87489479320513  ,5.63828480186359   ,65.1825432701929   ,21.1732744772194   ,62.9773819028579   ,286.725846608735   ,302.988455538328   ,265.53343677922    ,0.00654653003638037,3.08489832344764   ,9.74410326584526   ,8.28398750975289   ,53023              ,aug                ,2001               
49.3446958185208   ,0.139647319626011  ,220.931823692497   ,-1.98276037581096  ,5.62955229722493   ,66.4803183529349   ,21.4569770949573   ,63.0370081106043   ,286.76347863652    ,302.966823158464   ,268.075903284491   ,0.00658571261280587,3.10634967841282   ,9.48110014315977   ,8.28492587354815   ,53013              ,aug                ,2001               
48.4092134760494   ,0.139540940882683  ,226.630275834639   ,-1.62974200823766  ,5.75967099860119   ,65.7012512273061   ,22.1026365447476   ,69.4254811629829   ,288.100780496065   ,305.21799304721    ,266.020793644675   ,0.00744802565376159,3.00671098159893   ,9.42188946468574   ,8.94702946467566   ,53071              ,aug                ,2001               
49.0973794948408   ,0.20210298962149   ,236.629256960712   ,-1.40291509864322  ,5.79852238143784   ,66.1123921834696   ,20.5291095479449   ,61.4967864413584   ,286.974858218652   ,303.64103874061    ,266.952831553043   ,0.00653128920542701,3.10748200411513   ,9.71256059373101   ,8.05090134520516   ,53003              ,aug                ,2001               
45.2364934646654   ,0.13275769339123   ,222.12422760624    ,-2.78512337983244  ,3.85007630736037   ,62.3546409906831   ,24.4550508434882   ,73.0845453867265   ,282.330473515458   ,298.630688405273   ,193.002364779847   ,0.00568372643365912,2.92473736933407   ,9.62263410650495   ,10.0863402665679   ,53017              ,sep                ,2001               
41.2204208171388   ,0.244087369629798  ,188.424565294038   ,-3.73720000942427  ,3.89296475964114   ,57.6448348413485   ,23.1901225789581   ,77.7716826078498   ,280.524726764095   ,298.646700756069   ,194.772989025329   ,0.00550619135511682,3.02354544826312   ,10.4451738587508   ,10.9331687968311   ,53063              ,sep                ,2001               
44.7073190973669   ,0.0858156785759382 ,201.398306688159   ,-1.85923880543946  ,4.04034402849905   ,63.2228765596928   ,22.4436716638201   ,72.7984079054112   ,282.583376322019   ,300.21207747009    ,201.501632690895   ,0.00559666774065122,2.79548134864793   ,9.55301790257767   ,9.90818680890227   ,53025              ,sep                ,2001               
42.9605431476945   ,0.115940719565514  ,194.00794240627    ,-2.58169815022507  ,3.87272713703112   ,59.9922731240211   ,22.2732798707608   ,76.176133053703    ,280.713217532113   ,299.044649724725   ,193.169394309955   ,0.00533433416619372,2.86383026317651   ,10.186246888867    ,10.4511016417802   ,53043              ,sep                ,2001               
42.3286387433418   ,0.115641096777993  ,194.410558179132   ,-1.77818895382549  ,3.88674652419323   ,62.3750214808991   ,21.4559216668749   ,73.1086119918677   ,281.802530418768   ,300.211977108843   ,200.006809619368   ,0.00536891709818125,2.55135587981005   ,9.7891837204311    ,9.91938221126709   ,53001              ,sep                ,2001               
42.0729601407224   ,0.210489041981744  ,204.611893595742   ,-2.78603030410467  ,4.08064007888121   ,60.4420324605306   ,21.6600346644158   ,73.5279945588953   ,281.424829863904   ,299.689292910108   ,199.68821448442    ,0.00540336767621521,2.99092091507538   ,9.97969016207901   ,10.1226038559558   ,53075              ,sep                ,2001               
40.7744428991252   ,0.125633136889873  ,206.034281404186   ,-1.05098956502401  ,3.93782698590022   ,60.2764452234904   ,23.5760263720537   ,74.4357027978163   ,283.36823933528    ,300.846248881022   ,205.112387880179   ,0.00595209769788198,2.56423769282989   ,10.1032554077491   ,10.3245252577464   ,53021              ,sep                ,2001               
41.7239339733447   ,0.0839033188831054 ,210.362874616068   ,-1.48368362065485  ,3.98499283603075   ,59.8806769427463   ,23.9471282003429   ,75.9258019244177   ,283.322158968472   ,300.837463968792   ,209.300875357152   ,0.00605435053773382,2.633396722538     ,10.1808574157824   ,10.577378702728    ,53005              ,sep                ,2001               
45.6600394057079   ,0.302049364923937  ,220.712672307427   ,-2.1677608239478   ,4.18406636480466   ,66.6043843903156   ,21.7442167491399   ,63.7660304004361   ,282.987527980765   ,298.629218783487   ,204.52368440016    ,0.0052288404757236 ,3.11493985540625   ,8.77680004388403   ,8.86123131446957   ,53023              ,sep                ,2001               
45.439018195781    ,0.360740809493664  ,212.644118964443   ,-2.23592677842468  ,4.08265397363516   ,65.9438746956631   ,22.2007007295133   ,64.5670096918342   ,282.925909447795   ,298.52922779769    ,204.560546948897   ,0.00525604533387127,3.0322475793318    ,8.94958748817444   ,9.11860390945255   ,53013              ,sep                ,2001               
43.2831411702087   ,0.23871460855411   ,210.251842348169   ,-1.8237203509827   ,4.12993365816954   ,62.1533756791092   ,23.2235798480388   ,71.5598331720202   ,283.67267856753    ,300.749818337707   ,202.18244898106    ,0.00588643929594875,2.87753962824338   ,9.68167456940907   ,10.0111833064537   ,53071              ,sep                ,2001               
49.7757077502082   ,0.260709136488809  ,231.956595585584   ,-1.85168281476718  ,4.42519213123623   ,68.2881384192882   ,21.1132902552612   ,63.4795327351331   ,282.989015390809   ,298.963649985506   ,205.543007684044   ,0.00520222356096545,3.42544349452295   ,8.56023093476493   ,8.63103058512193   ,53003              ,sep                ,2001               
32.6604596739749   ,0.465769576914683  ,207.876906295961   ,-2.78785436451167  ,1.75871952302004   ,40.5499774480361   ,37.9738027875957   ,88.9674807822908   ,274.830372306121   ,286.22360212908    ,101.68505711162    ,0.00433552476265535,3.91735009401428   ,13.0702474245185   ,15.6550428871486   ,53017              ,oct                ,2001               
19.759315373135    ,1.87778193815478   ,201.936261146469   ,-3.62976182763217  ,1.57381487782767   ,29.1961496232825   ,41.6633486158182   ,93.2254667920755   ,274.236780242366   ,285.744806120052   ,100.935660816592   ,0.00467862219171488,4.25060311724525   ,15.7273652606623   ,17.9991023322393   ,53063              ,oct                ,2001               
35.9046080378164   ,0.483627707970032  ,199.378038574688   ,-1.98800759615875  ,2.01819385007044   ,44.1722821333909   ,33.4467331046673   ,86.7804294043346   ,275.814063611497   ,288.285693818839   ,105.248097730525   ,0.0043825053461699 ,3.89091721070068   ,12.4233485766442   ,14.7665848827604   ,53025              ,oct                ,2001               
26.4550555608583   ,1.04825116713361   ,198.03331097039    ,-2.60134794575502  ,1.77365151477223   ,35.5585916389429   ,36.8644462926566   ,91.7402992530474   ,274.0665606517     ,286.704941325709   ,100.987731424928   ,0.00440923523631634,4.12833736777829   ,14.1492145125553   ,16.7139604443518   ,53043              ,oct                ,2001               
28.6010587197648   ,0.80263327223138   ,190.839963651698   ,-1.86676800342093  ,1.89617125038376   ,39.9967021358598   ,34.431382538596    ,88.780465482773    ,275.403227182972   ,288.29125192397    ,105.408904119785   ,0.00450957530539976,3.69621352159291   ,13.1563304315291   ,15.6018273753945   ,53001              ,oct                ,2001               
21.9308152801998   ,1.58705766043695   ,206.708190718371   ,-2.78919904278774  ,1.8472492542959    ,33.585796955894    ,38.2473163066915   ,90.1329261349817   ,275.565962957567   ,287.641489249705   ,103.648703670755   ,0.00477773969092599,4.2471039298861    ,14.5707114685826   ,16.8430273592766   ,53075              ,oct                ,2001               
31.5935967196938   ,0.644686213183787  ,195.167710580735   ,-1.15801613812263  ,2.00041009438023   ,41.0462949107953   ,34.9634023365844   ,87.8274534641957   ,277.188591211664   ,289.424231453037   ,108.651316655067   ,0.00485675632812097,3.77943062582619   ,13.1046618488823   ,15.2641038271097   ,53021              ,oct                ,2001               
31.1762516982734   ,0.565088691100646  ,190.525352400043   ,-1.60949411459223  ,2.0261965546459    ,40.8721274212813   ,35.0333017024586   ,88.316133328762    ,277.292473226723   ,289.719722353882   ,112.893759776536   ,0.00494862194618123,3.71404314056497   ,13.1235749786604   ,15.3140968560581   ,53005              ,oct                ,2001               
22.1319592824311   ,2.04335693388944   ,218.833895993242   ,-2.16670992445995  ,1.82747970463828   ,34.2475263401015   ,41.1180763884743   ,87.564077420121    ,276.376418058487   ,286.806521789269   ,108.82735682537    ,0.00488483217467694,4.4157588186328    ,14.2828846960884   ,16.6080750324664   ,53023              ,oct                ,2001               
21.8587139328697   ,2.53992072231231   ,211.186480251081   ,-2.21530389962604  ,1.88021284742717   ,33.3273720145251   ,40.7689227774384   ,86.9324213304022   ,276.41681269765    ,287.030698616789   ,110.130388898355   ,0.00487730201096094,4.72226664572426   ,14.6695858036177   ,16.6481709878925   ,53013              ,oct                ,2001               
25.7055790986751   ,1.56206406201164   ,202.429457901658   ,-1.81375960234381  ,2.05113150725723   ,36.0087360440219   ,37.2536440111976   ,87.7807363509632   ,277.387558047427   ,289.371741998424   ,106.504799767051   ,0.0050391399495095 ,4.46160665892285   ,14.1791549833184   ,16.0963065549204   ,53071              ,oct                ,2001               
21.9634029298483   ,1.7836937337784    ,229.249546038689   ,-1.8960716720045   ,1.93002956106729   ,35.3421950885372   ,40.825556642116    ,86.6193173235378   ,276.452217190075   ,286.644771312752   ,113.032978361456   ,0.00480290802160801,4.94309928365559   ,13.834292549904    ,16.1935256673275   ,53003              ,oct                ,2001               
9.34540494444982   ,2.02130236478266   ,154.170933442046   ,-2.56100161463317  ,0.576369925017422  ,14.9091509273712   ,59.0026099533191   ,95.635245927946    ,272.573125941027   ,280.027738359011   ,60.2820094130003   ,0.00428034675977823,3.07641359693492   ,20.0781533177008   ,21.3385287348686   ,53017              ,nov                ,2001               
7.57990097892183   ,3.12557246633697   ,163.17226313907    ,-3.06455677161946  ,0.608832542595794  ,9.75324551429703   ,64.0383049138774   ,96.1970812982097   ,273.568474896556   ,281.116523048532   ,60.6801715400564   ,0.0047407418397928 ,3.39707229020265   ,22.8821408665047   ,22.3220777488407   ,53063              ,nov                ,2001               
11.411536307264    ,1.73238632344822   ,157.200499009827   ,-1.73309597259502  ,0.716298525300079  ,17.1669585841845   ,54.8866368480894   ,95.7308648128614   ,273.580032673149   ,282.139834020081   ,61.6398470850706   ,0.00447981405173503,3.19198708151224   ,19.4159077530732   ,20.8277042824491   ,53025              ,nov                ,2001               
9.23399057694112   ,2.30693261723198   ,160.182016941803   ,-2.17122617114984  ,0.626414173779092  ,12.2291153711653   ,60.0987288736785   ,96.8049459689557   ,273.312553256451   ,281.263384995199   ,61.2798950174069   ,0.0046415116616644 ,3.33581111551564   ,21.5412044872627   ,21.9703140531918   ,53043              ,nov                ,2001               
9.60836146363683   ,2.03368034334186   ,162.013186953032   ,-1.56638252168695  ,0.6830772794776    ,14.5024889876028   ,56.5234689097691   ,96.4021923225498   ,273.878164521284   ,282.52421908957    ,62.9865225903967   ,0.00467297899013753,2.90667218472577   ,20.5665299823655   ,21.3577331558453   ,53001              ,nov                ,2001               
9.75096816122002   ,2.548494795084     ,173.819690151944   ,-2.35946570307601  ,0.804058497104575  ,12.8757971168322   ,56.469801710989    ,95.615582430372    ,274.161272055233   ,282.818371560489   ,64.4600866585526   ,0.0047593498486642 ,3.56286689671816   ,21.5916468519323   ,21.3291827663721   ,53075              ,nov                ,2001               
11.1590692787653   ,1.68285295537649   ,167.030969755868   ,-0.910824505812847 ,0.757843599396829  ,16.0714629776314   ,56.6480264661251   ,95.4595012009449   ,274.815049055051   ,283.086222193791   ,62.1125220059126   ,0.00474170955569627,3.03803154369195   ,20.0126625061035   ,20.8799795554234   ,53021              ,nov                ,2001               
11.8759804680914   ,1.45054247724499   ,164.788629268242   ,-1.4217672105254   ,0.743124688102237  ,16.4542608873312   ,55.4144263861918   ,96.4798709226078   ,274.27877274312    ,283.081190698387   ,65.9015684397733   ,0.00471182082371219,2.94351914603506   ,19.8747224654437   ,20.9407382673531   ,53005              ,nov                ,2001               
9.51667464452214   ,2.62605585171446   ,189.643648085189   ,-1.74509966089612  ,0.855446519543789  ,12.600777110149    ,56.9291922977992   ,94.5096046830803   ,274.057869096523   ,282.43414491768    ,66.3760038976097   ,0.00473816874285188,3.82465251259675   ,21.8102441700843   ,21.2902656107956   ,53023              ,nov                ,2001               
8.19073580197245   ,3.39983962830189   ,186.79363786521    ,-1.84760827705082  ,0.840425752200849  ,11.620349391291    ,56.665192264204    ,93.9199709467863   ,274.049189193752   ,282.33537512974    ,68.6081647513425   ,0.00466320063814401,3.98924217027519   ,22.488642559917    ,21.4630904412394   ,53013              ,nov                ,2001               
10.3101965663297   ,1.96584308378419   ,177.741634680957   ,-1.46840470843522  ,0.839180434761735  ,13.8779146922013   ,57.0682929294865   ,94.524113746581    ,274.926554531521   ,283.218934664429   ,62.4760184427587   ,0.00479824337474169,3.7418791486965    ,21.2155691914442   ,20.958126962088    ,53071              ,nov                ,2001               
12.1496853158144   ,1.4657862531769    ,207.855549500923   ,-1.31801123433087  ,0.958166087963539  ,15.689039686077    ,57.0547047396936   ,92.8114055930553   ,274.314577456286   ,282.376249100808   ,69.2541184390548   ,0.00469274799200115,4.46151345567982   ,20.3969484577504   ,20.2653317541972   ,53003              ,nov                ,2001               
4.04787615424701   ,1.46527986274789   ,176.610097591538   ,-1.5403887245533   ,0.263120997828027  ,2.46159204907376   ,71.4144475762092   ,98.135365377325    ,268.625376458866   ,274.098735143725   ,50.0318922053129   ,0.00311664578278724,2.88353483386385   ,26.3069985337442   ,23.8904305637151   ,53017              ,dec                ,2001               
2.88928729241696   ,2.50446020595752   ,156.716155092187   ,-2.22935197835273  ,0.21409441757955   ,0.978522117566136  ,75.0177725253738   ,99.4506434091802   ,268.031227747213   ,274.257634350932   ,49.1477884781518   ,0.00327451737102672,3.47453028181041   ,28.7883493850538   ,25.0581866530058   ,53063              ,dec                ,2001               
7.69279295136146   ,1.0031856159015    ,160.053630526222   ,-0.138645634715747 ,0.366511211942294  ,6.06771157780637   ,66.761597684329    ,97.8523464830528   ,269.830665055577   ,276.161005933019   ,50.4661933439233   ,0.00334915343118266,3.05953425838045   ,24.6477004716049   ,22.8604833298962   ,53025              ,dec                ,2001               
4.55840725448659   ,1.47255877619854   ,151.396098872263   ,-1.19001518734031  ,0.233123635578974  ,2.20632051743528   ,73.1450065051362   ,99.3227690260469   ,267.99595181777    ,274.42578975462    ,48.9525167152629   ,0.00325493861114652,3.3152251513211    ,26.7691840152847   ,24.3346844024476   ,53043              ,dec                ,2001               
6.46798772906076   ,1.21739530190754   ,174.172496580961   ,-0.0184737400159795,0.343175560416741  ,4.64939521928435   ,67.9159358234096   ,98.2024109575332   ,269.658055161382   ,276.17348959849    ,48.6179086540353   ,0.00343259787980873,2.82032005564019   ,25.4525168251285   ,23.1742921891162   ,53001              ,dec                ,2001               
4.35244733882663   ,2.03115726883622   ,173.879444693846   ,-1.55416007050697  ,0.394460586029087  ,2.5341052237062    ,67.6516837210562   ,98.3701112153296   ,269.464389654421   ,275.969678325578   ,48.8625282650368   ,0.00340675534858533,3.53169776703096   ,26.9525233502108   ,23.6596649270899   ,53075              ,dec                ,2001               
8.83353246481588   ,1.00394191720165   ,209.310477876312   ,0.641869186638639  ,0.50243161314982   ,8.22182449868714   ,64.8472563797388   ,96.2446680812347   ,271.410094201504   ,277.891494461451   ,48.4034832988641   ,0.00360311342227177,3.01866903171325   ,23.8597887396201   ,21.8521936821326   ,53021              ,dec                ,2001               
8.57816747997821   ,0.863077335706241  ,198.706591339366   ,-0.519137748946937 ,0.510947147853024  ,8.81532725264703   ,62.6932043343606   ,97.1499388907318   ,271.274372132431   ,278.356333110742   ,49.9973393190072   ,0.0036671275645747 ,2.86334044397818   ,23.403074132197    ,21.8383788140803   ,53005              ,dec                ,2001               
4.5683267796026    ,2.48791726199798   ,192.713157471169   ,-1.2674845881899   ,0.495594179208003  ,3.72631677025148   ,64.5339498555438   ,96.2910330359733   ,269.755741939189   ,276.354239371795   ,52.6475072675117   ,0.00339942011769136,3.77981930947699   ,26.6042228250523   ,22.7706689881982   ,53023              ,dec                ,2001               
4.2174393541011    ,3.15524546790862   ,194.251621747142   ,-1.36007753141341  ,0.510361430586607  ,3.60074415909745   ,64.2288826587937   ,96.0388410105547   ,270.002579989608   ,276.461990106127   ,56.272495207695    ,0.00343478304672463,4.08198644311328   ,27.5950125131724   ,22.9477033908038   ,53013              ,dec                ,2001               
7.74856590986155   ,1.45035091706004   ,197.25965513755    ,-0.940194996566004 ,0.638566212514087  ,8.30683544796688   ,62.3444188074045   ,94.4939226026458   ,271.887486329117   ,278.323252934815   ,50.0790535177319   ,0.00363826858669111,3.82191109353611   ,24.1718931919191   ,21.2664150796285   ,53071              ,dec                ,2001               
9.26893004992463   ,1.48047390860435   ,212.999030376351   ,-1.01447582310134  ,0.566688143746551  ,9.17892235707522   ,63.4580523233344   ,94.2786451232984   ,269.619441371649   ,276.290793559499   ,55.7009832978539   ,0.00329328062233159,4.52080712753491   ,23.5092553421819   ,21.2453739449346   ,53003              ,dec                ,2001               
