bi,pr,th,pdsi,pet,erc,rmin,rmax,tmmn,tmmx,srad,sph,vs,fm1000,fm100,countyfips,month,year
5.51380466149157    ,1.43605165925094    ,144.220757364758    ,-0.381535139295916  ,0.25376041505144    ,4.12663131476047    ,72.6074766779804    ,99.2918429841125    ,266.84641033226     ,273.562882268422    ,65.6530919431158    ,0.00297005305213031 ,2.69648938275515    ,25.0448899944495    ,23.9297424978447    ,53017               ,jan                 ,2000                
2.07103686475521    ,2.67767769360963    ,153.279059924662    ,-0.116547856695022  ,0.310055876909738   ,0.78619087374709    ,76.9064485793231    ,98.075110684494     ,268.434587523708    ,274.280971598539    ,52.6589707511934    ,0.00326220321533203 ,3.27583372901498    ,28.1404454120644    ,24.5592174217717    ,53063               ,jan                 ,2000                
8.0433122082938     ,1.06701306661259    ,137.443621934223    ,-2.32209055005864   ,0.334270163917206   ,6.50304418119985    ,68.9773398133503    ,99.6370815100054    ,268.612895869517    ,275.358443628064    ,60.8147315517267    ,0.00323287219067621 ,2.80529164383031    ,23.947029082331     ,23.4551512255396    ,53025               ,jan                 ,2000                
4.4439691291356     ,1.73025487942076    ,146.752189602456    ,-0.0954504890628837 ,0.297428597286355   ,2.46095032390143    ,73.2871539636979    ,99.4956216925937    ,267.946391881058    ,274.167022291567    ,55.1711203063899    ,0.00316340296968545 ,3.04684207147847    ,26.1150096329726    ,24.2540106929398    ,53043               ,jan                 ,2000                
6.03297113803599    ,1.46396921062993    ,134.919090929231    ,-1.79037067857362   ,0.349234840908833   ,4.40420538379625    ,70.2641590810194    ,99.6064859043484    ,269.710222500421    ,275.982568408174    ,55.4408428147359    ,0.00346159365312472 ,2.62981115580597    ,24.9962131109043    ,23.7761298491759    ,53001               ,jan                 ,2000                
3.1166025076978     ,2.01970869752421    ,161.77409039434     ,0.313251311391154   ,0.4402277821096     ,2.36906794056987    ,68.0337040746642    ,98.5620421827631    ,270.104906498078    ,276.177106395048    ,52.3142301166397    ,0.00347557963650546 ,3.35749901596011    ,26.2916788649876    ,23.4214666700273    ,53075               ,jan                 ,2000                
7.53512931449394    ,1.21942671273486    ,163.034976116101    ,-3.310405592735     ,0.453611879926129   ,6.63164535489334    ,67.4542205654362    ,98.8845694321852    ,271.331274088441    ,277.785971281369    ,55.9220594372998    ,0.00368245296791501 ,2.77903409922685    ,23.8665544043699    ,23.086009142949     ,53021               ,jan                 ,2000                
7.87083607717671    ,1.27204466777608    ,154.05789872587     ,-3.56708096164688   ,0.482369758309606   ,7.44588691479277    ,64.3185511345307    ,98.9253253470761    ,270.921487416855    ,277.956157133128    ,59.4644127802258    ,0.00361022909451552 ,2.66904757382772    ,23.5923582864504    ,22.8601213733894    ,53005               ,jan                 ,2000                
3.38580454705965    ,2.69558107914397    ,181.634098943406    ,-0.347628275669801  ,0.515839326768469   ,3.25486484758075    ,63.5206240539535    ,97.8268107271128    ,270.055606509564    ,276.83672177302     ,54.9486819920571    ,0.00356108760921648 ,3.65022719431272    ,25.9579464660764    ,23.0101014175293    ,53023               ,jan                 ,2000                
3.46029409547491    ,4.19201267474314    ,177.034283893613    ,-1.18084870330765   ,0.49266893629427    ,2.92517505456396    ,63.4219321347716    ,97.7426320749085    ,270.064586503464    ,276.768635558309    ,59.5153049734109    ,0.00356300089552651 ,3.88897835866077    ,27.3437882228349    ,23.5391210117285    ,53013               ,jan                 ,2000                
6.36347973114148    ,2.23775679527363    ,168.880345959864    ,-2.69558476192276   ,0.547739440303148   ,5.57739142318009    ,64.6694199756909    ,97.2795169088992    ,271.856191379518    ,278.159393310547    ,55.0419424321124    ,0.00373435407499481 ,3.61883827324868    ,25.0167936484644    ,22.7163326692118    ,53071               ,jan                 ,2000                
8.04767194232957    ,1.52647713929097    ,205.785569480427    ,0.164677367951843   ,0.600783664914743   ,8.90530244619995    ,62.712559316252     ,96.0407829158919    ,270.370124409107    ,276.930542498778    ,57.0837413715087    ,0.00352458649877747 ,4.38616780866194    ,23.1575685071754    ,21.5668461655683    ,53003               ,jan                 ,2000                
7.02846753530732    ,1.03621335605314    ,142.537259541017    ,-0.136653160036259  ,0.668624426689018   ,7.27238634231217    ,59.6105000503622    ,99.1089687934967    ,269.357739239598    ,277.563587260696    ,95.8290374413976    ,0.00349607690482934 ,2.42063136241289    ,24.4978068069536    ,21.7758506945477    ,53017               ,feb                 ,2000                
4.16665774328633    ,1.54688550825743    ,143.801073026396    ,0.448215336169436   ,0.702725572027088   ,3.81260162046621    ,64.3178068112147    ,98.3564289513744    ,270.758036396061    ,278.146270539933    ,82.5042304371524    ,0.00381032487545247 ,2.8252018208717     ,26.0001439058517    ,22.1937347876731    ,53063               ,feb                 ,2000                
9.74897218713014    ,0.867382206212731   ,111.553690132611    ,-1.87746448347221   ,0.792822967660189   ,10.3116970391455    ,56.7296455491146    ,98.3261135900323    ,271.459171637881    ,279.696997356838    ,91.4315579888341    ,0.00383896374513793 ,2.61043020966518    ,23.3992224285079    ,21.0476935305213    ,53025               ,feb                 ,2000                
7.44552841284933    ,1.00005883569296    ,136.59687248138     ,0.321013621888494   ,0.704545251259239   ,6.94700075818972    ,61.4617537164542    ,98.7070494345175    ,270.630784589765    ,278.309714844395    ,87.5229040114009    ,0.00376758490905973 ,2.69378031594148    ,24.7643441178471    ,21.7272559706359    ,53043               ,feb                 ,2000                
7.33727506236547    ,1.04885568129852    ,113.389375418156    ,-1.22214104482102   ,0.78789305506557    ,7.7992264713569     ,58.9330513591509    ,98.1254755508885    ,272.323006452325    ,280.288976640424    ,87.7734970769285    ,0.00410971063179154 ,2.39935917097418    ,24.3824548115264    ,21.357317930843     ,53001               ,feb                 ,2000                
3.79223008873372    ,1.90859339833776    ,153.336642573948    ,0.632264577068535   ,0.834756286685206   ,3.87697246611419    ,61.2765473378606    ,97.7250885378413    ,272.495636741574    ,280.195861071418    ,84.6634457847852    ,0.00417110502737488 ,2.82876946024033    ,25.8480157897052    ,22.0405200116775    ,53075               ,feb                 ,2000                
8.26634658404043    ,1.22865557496134    ,134.298417421683    ,-2.6619190124365    ,0.855681283780179   ,9.28540559446204    ,56.6242365009182    ,98.4184342751136    ,273.214802865668    ,281.824915179577    ,89.5606653616979    ,0.00433254668602316 ,2.35674626447342    ,23.7282044934702    ,21.1940050237781    ,53021               ,feb                 ,2000                
8.64420110752338    ,1.32318658562917    ,131.160593980559    ,-2.82760256411291   ,0.854915956221049   ,9.18393565954664    ,56.2252205887389    ,98.8480346817539    ,272.775789991235    ,281.600568384411    ,88.8987255249604    ,0.0042524580226588  ,2.33376515684106    ,23.8320335996222    ,21.357548402309     ,53005               ,feb                 ,2000                
4.88555969700629    ,2.3751585012948     ,183.273756870413    ,0.19851874232323    ,0.867799709375019   ,4.48776657238254    ,61.1551218400937    ,97.7235942149226    ,272.337354441713    ,280.108568589245    ,88.6721051308362    ,0.00424497691112237 ,2.92853649981327    ,26.0141574797       ,22.1320297825939    ,53023               ,feb                 ,2000                
4.43510193304218    ,2.52260914116196    ,160.762490208938    ,-0.5570875951861    ,0.848665549178108   ,4.20990396486927    ,61.3775713477638    ,97.4274697621188    ,272.297437264122    ,280.034071292463    ,94.4796048195039    ,0.00423795515798062 ,2.89052707760434    ,26.677697248573     ,22.1082926137107    ,53013               ,feb                 ,2000                
5.7635645595095     ,1.98948565972823    ,156.582661191115    ,-1.99081456027218   ,0.884550586476939   ,6.3024972868122     ,59.0899744161192    ,97.4771263928917    ,273.44720455883     ,281.662119560818    ,86.4088130229857    ,0.00438637502310158 ,2.72263909698086    ,25.0931161820681    ,21.5779894309315    ,53071               ,feb                 ,2000                
6.81302220848213    ,1.9060498022737     ,205.354131430108    ,0.713748910271737   ,0.962991868741072   ,8.25014134609685    ,59.6628438016794    ,96.4954271997724    ,272.613373976181    ,280.110409562605    ,90.3626618007425    ,0.00415152402530226 ,3.34126919403874    ,23.7688333471077    ,21.2045608872045    ,53003               ,feb                 ,2000                
11.6950853809035    ,0.927952582312985   ,229.795371073265    ,0.75360274105019    ,1.7790641683919     ,14.9559683341715    ,44.6197071812607    ,93.4237902311022    ,272.375566764309    ,282.899403793564    ,156.128624319958    ,0.003803905401383   ,3.35250847670899    ,22.3046811765282    ,18.1439092088166    ,53017               ,mar                 ,2000                
7.75138241206265    ,1.9798306263975     ,218.984119388727    ,1.1972975839673     ,1.5371204285642     ,8.59000370536724    ,51.4166262357629    ,95.7066057910053    ,272.124319837121    ,282.016470006873    ,138.637795941738    ,0.00406306160453454 ,3.68760813930617    ,24.7027956318044    ,19.8768599724604    ,53063               ,mar                 ,2000                
14.9764101891802    ,0.846279688471104   ,228.12040663117     ,-0.737896353701024  ,1.933099589868      ,17.911481247158     ,40.1069194218133    ,93.5898503820212    ,273.22773212933     ,284.972410916171    ,157.293968050071    ,0.00398114183540049 ,3.25182643106202    ,21.6178327006903    ,17.7065631421366    ,53025               ,mar                 ,2000                
11.1949968844103    ,1.51545740990015    ,221.907218318125    ,1.25746143616102    ,1.69215937120662    ,12.2356068325326    ,45.9145327704692    ,95.8912741375975    ,272.11452436025     ,283.078853437133    ,151.550556690939    ,0.00400940702634576 ,3.48596165113943    ,23.5315496900063    ,19.2536836468932    ,53043               ,mar                 ,2000                
10.8782249965188    ,1.23723414742069    ,216.301145975218    ,0.313734071331015   ,1.78155692760633    ,13.9391722686193    ,42.9259099685305    ,95.5589069021267    ,272.836291402642    ,284.540246740839    ,156.626657573581    ,0.00412791761075697 ,3.05759584595199    ,22.7461425290441    ,18.7375910667122    ,53001               ,mar                 ,2000                
5.865768730721      ,1.89067758898215    ,224.521247342596    ,1.55931479780113    ,1.69941779469629    ,8.58009694321065    ,48.8016924336558    ,95.22813324988      ,272.995747152542    ,283.32477605541     ,150.295416320424    ,0.0041697935872151  ,3.60799594493247    ,24.3975852360445    ,19.6263682696941    ,53075               ,mar                 ,2000                
12.0706922696269    ,1.09613460197666    ,212.115378639095    ,-1.34255343224758   ,1.96134272738367    ,15.4749706986968    ,40.3962959282451    ,94.0165148609625    ,274.060343550689    ,286.123678369262    ,159.309884110633    ,0.00426838426615595 ,3.14918385789945    ,22.4445259603022    ,18.1217761175804    ,53021               ,mar                 ,2000                
12.3413354481773    ,0.859079936673523   ,216.683337333389    ,-1.36655760081797   ,2.02240721876839    ,15.7804470137466    ,39.5165894705504    ,94.4510625488637    ,274.106467953118    ,286.415306503433    ,160.148255783448    ,0.00424980842650367 ,3.13152402159844    ,22.3750600728353    ,17.970440651083     ,53005               ,mar                 ,2000                
7.11446881319264    ,2.18154697920855    ,236.114264835028    ,1.23392850993969    ,1.71508802728217    ,8.66212072696991    ,50.4360335145009    ,93.6668844878423    ,272.468216731156    ,282.447343004273    ,155.092544808652    ,0.00402867794566344 ,3.7634750957767     ,24.9573778165077    ,19.5486140243517    ,53023               ,mar                 ,2000                
8.37475776756609    ,2.68787387279612    ,225.71254528054     ,0.831086004634606   ,1.76177322047624    ,8.74766627436733    ,49.9720062609561    ,93.1289988741483    ,272.47412586647     ,282.735456062398    ,160.129416475584    ,0.00403092494675645 ,3.8752384620167     ,25.6604275451361    ,19.6623748048216    ,53013               ,mar                 ,2000                
10.3971855555841    ,2.00563732849594    ,221.253611875024    ,-0.262643934555792  ,1.96158044248499    ,11.8604203085427    ,43.8713207177343    ,92.4686921072419    ,274.284186886703    ,285.646823585924    ,154.061612106952    ,0.0042909876299766  ,3.65510694393798    ,24.1928672873064    ,18.7027254604837    ,53071               ,mar                 ,2000                
9.67925064244709    ,1.53558845080002    ,249.518846521272    ,1.4809006520087     ,1.83265741011213    ,13.5258369703707    ,48.3231314148711    ,92.5315401873534    ,272.611849977742    ,282.709921337224    ,155.550070573786    ,0.00397213518979501 ,4.22198898475929    ,22.6178011540556    ,18.445324229498     ,53003               ,mar                 ,2000                
29.3150312366218    ,0.238534637651723   ,230.210002798926    ,1.00470859146956    ,3.56511190191433    ,38.0693815450677    ,32.0314609950872    ,82.5129491608955    ,276.421238565916    ,290.656185257767    ,227.422106526076    ,0.00433994671738826 ,3.51559202401679    ,15.6623080415974    ,12.1628340576537    ,53017               ,apr                 ,2000                
16.803406620775     ,1.70149216540082    ,203.403173041996    ,1.34705976457944    ,3.15130726445651    ,24.0843979909427    ,39.1949107043528    ,89.8610963510283    ,275.526881654502    ,289.568780700003    ,210.043764858381    ,0.00477311762751353 ,3.56508292260503    ,19.3967408177338    ,15.1941463488817    ,53063               ,apr                 ,2000                
30.0284866233339    ,0.463861668361524   ,215.514561267159    ,-0.152107840678317  ,3.75175762406796    ,38.1654991914701    ,30.4971901574562    ,84.6149276725262    ,277.348678794363    ,292.430211093119    ,232.594152555867    ,0.00459202724344498 ,3.42494484741538    ,15.6776594106778    ,12.4911733958287    ,53025               ,apr                 ,2000                
20.9258944994697    ,1.01310137303245    ,208.104862518309    ,1.58152001043493    ,3.36730268122947    ,28.6277854251027    ,34.592538377038     ,90.7489287565318    ,275.516025663996    ,290.555648631336    ,220.773447223381    ,0.00462065191580873 ,3.46326981991553    ,18.0671762791909    ,14.5145470406768    ,53043               ,apr                 ,2000                
23.9558495655444    ,0.644371717408034   ,201.979430254274    ,1.04227422404084    ,3.59311363006503    ,32.4266469764163    ,32.5891206284079    ,88.6838395604204    ,276.678796187057    ,292.173321732864    ,233.347774578849    ,0.0047260673248668  ,3.15459974904001    ,17.1834099959052    ,13.6538895060932    ,53001               ,apr                 ,2000                
17.2863696246898    ,1.09754322267141    ,209.305850786415    ,1.79976798141704    ,3.40493755828633    ,25.3282398514467    ,38.839231338875     ,88.0450100528493    ,276.694561984193    ,290.838286119648    ,221.16591777637     ,0.00498121482203258 ,3.56921012497883    ,19.0516909565645    ,14.5155055897657    ,53075               ,apr                 ,2000                
25.8186758174874    ,0.450109756413179   ,193.602994355743    ,-0.631103932093351  ,3.77310502611674    ,34.6609762304257    ,32.8488887779529    ,87.0052822968899    ,278.315097456712    ,293.264103107941    ,238.609684777871    ,0.00501535307974196 ,3.20230254138127    ,16.4715438738847    ,13.1818810992363    ,53021               ,apr                 ,2000                
27.5704192131466    ,0.326071776594935   ,201.700310952116    ,-0.581787003714893  ,3.8174665508891     ,35.1270665209204    ,31.9510231385805    ,89.2236180047782    ,278.158447530472    ,293.369158225276    ,241.632522544259    ,0.00500696248576253 ,3.28441519445099    ,16.4168529430555    ,13.4552677561781    ,53005               ,apr                 ,2000                
16.4348931912551    ,1.02714965351275    ,222.512384999736    ,1.14640813516781    ,3.28749592347422    ,24.6998979797521    ,43.2098992294406    ,86.2414278989993    ,276.768749870474    ,289.678267484866    ,222.132059892611    ,0.0051463237492412  ,3.7391789685742     ,18.976492784433     ,14.537121198587     ,53023               ,apr                 ,2000                
16.762932893284     ,1.27146415205885    ,202.132919162314    ,0.763727858792633   ,3.32175156589578    ,24.8366599325942    ,42.7640733116376    ,85.3196733131875    ,276.891128340317    ,289.875945009028    ,223.208190220272    ,0.00508750131074177 ,3.77993373969671    ,19.1236679758701    ,14.4756920743779    ,53013               ,apr                 ,2000                
20.9726960222064    ,0.688353240798066   ,197.995115434369    ,0.699692379168379   ,3.71062123064749    ,30.8304841685747    ,36.8482597516481    ,84.5899228594813    ,278.53091106053     ,292.756850832394    ,228.953195276235    ,0.00518204683228459 ,3.58034244761234    ,17.3296721305951    ,13.2857698363017    ,53071               ,apr                 ,2000                
19.7901789409572    ,0.823337480911607   ,235.355880385623    ,1.47796042919739    ,3.44354222477788    ,28.1827478914655    ,40.9711992806762    ,85.325307856279     ,276.949925603194    ,290.086546258857    ,219.73505713377     ,0.00511657827068687 ,4.17312182640507    ,17.7452538856915    ,14.0269323212097    ,53003               ,apr                 ,2000                
34.7581380297482    ,0.529135888367797   ,227.293668455049    ,0.361930119096296   ,4.46418335783762    ,48.3481059886613    ,29.1472032369712    ,79.7718644159979    ,278.974371367875    ,291.908511117441    ,271.816054097819    ,0.00480472357594155 ,3.8350779406144     ,12.4583891502578    ,10.7005757859101    ,53017               ,may                 ,2000                
19.6745130340085    ,1.84726006355329    ,200.936514208487    ,1.80684875687084    ,3.95967080366589    ,30.230570183395     ,36.4640571395256    ,86.0513651597522    ,278.148328317148    ,291.066277106096    ,259.513350135825    ,0.00544437780281479 ,3.79128060015712    ,17.2174492611676    ,13.5125173812217    ,53063               ,may                 ,2000                
37.6944845010352    ,0.637327859948914   ,217.138575201612    ,-0.38452165905502   ,4.8966685388563     ,49.2795570795003    ,26.2841535421618    ,80.0704933372795    ,280.105950750284    ,294.140444232347    ,279.860020084947    ,0.00498552444770495 ,3.8981622179675     ,12.5752555665567    ,10.5396991051642    ,53025               ,may                 ,2000                
23.883160070955     ,1.00788645309739    ,207.334916322535    ,1.89073735135907    ,4.23950488109017    ,35.1388487504916    ,31.2415143924237    ,89.6095940923753    ,277.858309767595    ,292.073035185327    ,270.73453708807     ,0.0052130124734779  ,3.74562936219582    ,15.7931268763089    ,13.0901505170128    ,53043               ,may                 ,2000                
26.1887842280658    ,0.838449276399455   ,203.215371468309    ,1.08242818627795    ,4.5864939594877     ,39.4985082561818    ,28.8377940704779    ,87.0502802177744    ,279.003037501796    ,293.720373407377    ,279.75634723596     ,0.00526439530309204 ,3.61947014430654    ,14.6253256436383    ,12.2348922483912    ,53001               ,may                 ,2000                
21.2684539959168    ,1.70311745110155    ,214.612314734255    ,1.85305710652295    ,4.17579730552786    ,32.7217134542302    ,36.3159751923939    ,85.9547695018037    ,278.961963330727    ,292.023406809856    ,270.118520144729    ,0.00563333077301436 ,3.74109244797669    ,16.3050799056022    ,13.3081314342434    ,53075               ,may                 ,2000                
32.4965359931879    ,0.781191871198941   ,200.344698005123    ,-0.8066119209314    ,4.83570888222891    ,44.8140807050038    ,29.1967189206675    ,84.4029110134683    ,280.98464159717     ,294.945640647263    ,283.376092635313    ,0.00565983391607818 ,3.73094942841873    ,13.4531021151294    ,11.46177268117      ,53021               ,may                 ,2000                
34.132824463212     ,0.752711620708945   ,204.458779555027    ,-0.780115471936072  ,4.9926838522468     ,45.7535149628344    ,27.8598877823428    ,83.4056297115844    ,281.457619483745    ,295.298798773894    ,281.942104789951    ,0.00562797562600913 ,3.9347754622557     ,13.2931140347914    ,11.2303885816959    ,53005               ,may                 ,2000                
20.7591083469088    ,2.58077024578304    ,232.598756465041    ,1.00674841394956    ,3.94176692198092    ,31.2136540839964    ,41.2797687028363    ,83.7470432993072    ,279.069014050731    ,290.470066759205    ,267.382936634728    ,0.00575513637963734 ,3.75835663562689    ,16.6852008371118    ,13.5966485452853    ,53023               ,may                 ,2000                
23.5818614240939    ,2.91786436242272    ,212.199727892835    ,0.542371757161912   ,4.03941464638553    ,32.5486840405309    ,40.1645812350458    ,83.0198331219867    ,279.134129806903    ,290.796947059831    ,265.333476836648    ,0.00568675177346892 ,4.10234173270138    ,16.7181917910358    ,13.3042150015687    ,53013               ,may                 ,2000                
28.240724389493     ,1.87343137279222    ,203.945772915242    ,0.650112039278334   ,4.67920777066436    ,40.22186097516      ,33.0164669986288    ,80.4791792562681    ,281.24176125035     ,294.210020107827    ,272.285374363045    ,0.00578711995910052 ,4.02100581687296    ,14.5570197160432    ,11.8157446209977    ,53071               ,may                 ,2000                
20.628021232961     ,2.02125499389605    ,245.838260342465    ,1.3198910809514     ,4.01687061957873    ,32.5725223753686    ,40.084841185018     ,83.2358545106188    ,279.133815689033    ,290.777171656584    ,263.519913532606    ,0.00571375084345341 ,3.9302530708048     ,16.0085001131044    ,13.3190058358338    ,53003               ,may                 ,2000                
40.6268871227359    ,0.417136596615036   ,233.283461664545    ,-0.412540404238175  ,5.7993653002882     ,53.8180514228526    ,26.5378756530416    ,73.6515538211353    ,282.995019439396    ,298.170648675937    ,300.451908231531    ,0.00593763654042238 ,3.79314203578828    ,11.643916313132     ,9.79830123947637    ,53017               ,jun                 ,2000                
26.6480081308827    ,1.30746169266114    ,211.34659592313     ,2.01304488486432    ,4.94975886785755    ,37.2854843845966    ,34.4325465831351    ,79.1584742904555    ,281.802708254179    ,296.43618608067     ,275.758548912814    ,0.00665540219890378 ,3.53773521427688    ,15.8391908144154    ,12.1043211149952    ,53063               ,jun                 ,2000                
43.3369449451608    ,0.422192599722919   ,222.147221926402    ,-0.630973545259794  ,6.20982207946121    ,54.4786029881925    ,24.4268891755289    ,73.8435223039514    ,284.095475386876    ,300.186173723908    ,312.435639561218    ,0.00607324106992483 ,3.68835507218319    ,11.8844307263837    ,9.82976880798537    ,53025               ,jun                 ,2000                
31.5006301492163    ,0.881420573153642   ,217.939559804045    ,1.90015392591651    ,5.31802826375362    ,41.1771198209734    ,29.7764836840148    ,84.7250600694946    ,281.614789201953    ,297.646521411249    ,291.259814998775    ,0.00649365265920385 ,3.58379226101232    ,14.8010845733618    ,12.0451227179385    ,53043               ,jun                 ,2000                
35.6034514867661    ,0.662409229810841   ,214.177272764802    ,0.990927749883593   ,5.77881706976959    ,46.6615918707825    ,26.4758385963859    ,81.3186354769221    ,282.628032510169    ,299.566339166709    ,308.850909734979    ,0.00634437366144121 ,3.37445856638488    ,13.6434682629739    ,11.1965560040251    ,53001               ,jun                 ,2000                
29.6545999547381    ,0.932080582190926   ,216.218156942022    ,2.05722784285452    ,5.28709021223293    ,38.2786467853621    ,33.613542866389     ,81.6654294221167    ,282.130402046952    ,297.568846623439    ,294.455718232697    ,0.00678319920257976 ,3.61681074886229    ,15.7431164096757    ,12.3074590989468    ,53075               ,jun                 ,2000                
38.891286522017     ,0.544345995344592   ,209.260335631067    ,-0.71718807864385   ,6.18494258174529    ,49.2151643139277    ,26.1232380369382    ,76.9168356626462    ,284.395072134947    ,300.759909538856    ,321.797973946791    ,0.00647883597850943 ,3.48048279037842    ,13.205607338563     ,10.737686531666     ,53021               ,jun                 ,2000                
40.2084665806435    ,0.482868998065817   ,202.003000856388    ,-0.750569147735658  ,6.39860866359       ,50.8896139256818    ,24.756925030855     ,74.5764168641506    ,284.912257475543    ,301.227339255128    ,324.803184896766    ,0.00634897420152056 ,3.56868054179045    ,12.9129797710234    ,10.3051410497763    ,53005               ,jun                 ,2000                
28.8627050561605    ,0.997827192087798   ,225.024047504165    ,1.52245736937569    ,5.22018258648136    ,37.0929286028781    ,36.2490315202354    ,76.3018278370733    ,282.321161751125    ,296.346238796953    ,294.571036366844    ,0.00665643402060984 ,3.72058386163435    ,16.1180848575774    ,12.129471862094     ,53023               ,jun                 ,2000                
30.3409571697623    ,1.13693815444305    ,207.996711749598    ,1.11838873133492    ,5.35351466662389    ,38.3487462839323    ,35.2507652038055    ,75.1808660613721    ,282.519603288527    ,296.721837835661    ,296.636778318528    ,0.0065743835616522  ,3.84984128627061    ,15.8806925061277    ,11.9051677596507    ,53013               ,jun                 ,2000                
34.4181770134012    ,0.862827616602783   ,203.391894881544    ,1.24795901516912    ,5.99212313496323    ,44.0300071756368    ,29.6635860247987    ,75.6305363388889    ,284.304951386077    ,300.054148207254    ,311.998759504902    ,0.00672164498777873 ,3.71852133305577    ,14.4245991975634    ,11.2585552304741    ,53071               ,jun                 ,2000                
30.6428224927285    ,1.03017788577956    ,238.195819496905    ,1.45157161130232    ,5.38408905937724    ,38.3508851777608    ,35.5484801262255    ,74.8694269454102    ,282.508426103801    ,296.770375391457    ,292.533305817393    ,0.00664617550959289 ,4.00375493438575    ,15.716119652885     ,11.8848729463099    ,53003               ,jun                 ,2000                
39.8089681434855    ,0.372746674277502   ,255.417784948555    ,-0.671569496767134  ,6.25279016341762    ,61.0323784865252    ,23.2571263907422    ,72.6232710013171    ,285.355708236436    ,302.127779613774    ,314.366415022643    ,0.00663272718191694 ,3.02705837236198    ,9.97558383609552    ,8.80912655281529    ,53017               ,jul                 ,2000                
38.0758339879339    ,0.350519105575144   ,187.807240494841    ,2.06969005769268    ,5.77875949628377    ,52.4597754769728    ,27.4493618821242    ,80.0932989381367    ,283.531610079894    ,301.317537836052    ,306.262956875284    ,0.00718757662941685 ,2.82692497571855    ,12.2758961278371    ,10.2055779713862    ,53063               ,jul                 ,2000                
46.7317703945455    ,0.300448778480592   ,250.537625387935    ,-0.550176360394721  ,6.5623765707494     ,63.4413421825677    ,22.0542451479514    ,73.7578015909827    ,286.063346439413    ,303.665816755925    ,320.69437932656     ,0.00674960408606094 ,3.05633912524391    ,9.94513820768099    ,8.76804343080889    ,53025               ,jul                 ,2000                
38.2619094236667    ,0.434798385733869   ,203.94731829098     ,1.97450931769349    ,5.96947780978148    ,52.7505877130126    ,24.153248683622     ,82.7362152232943    ,283.478596637904    ,301.911993650671    ,311.118374171879    ,0.00683992332590656 ,2.86224306198748    ,12.1935148921223    ,10.3792080251823    ,53043               ,jul                 ,2000                
41.1248279126722    ,0.400985399753399   ,220.789281677914    ,1.20254572165317    ,6.24585671642591    ,56.7533973802622    ,22.6782368949892    ,79.773713106853     ,284.604617418451    ,303.424413717524    ,313.604405593625    ,0.00683169240423879 ,2.87017623069646    ,11.3663361408164    ,9.76194446672407    ,53001               ,jul                 ,2000                
40.2141082816133    ,0.237789152922565   ,211.219671465525    ,2.04507924514658    ,6.01103248578095    ,53.5836599187833    ,26.2028930098734    ,81.0187409349185    ,283.947893174115    ,302.122767398841    ,309.555908387273    ,0.00713604410154218 ,3.02412244909402    ,12.0622999558277    ,10.18349624974      ,53075               ,jul                 ,2000                
47.4528909375475    ,0.328285064270186   ,232.226257535718    ,-0.18170550763607   ,6.57429987174406    ,61.6659351694377    ,23.2820567348755    ,74.4462094938785    ,286.830436850422    ,304.121519617881    ,319.442376332248    ,0.00710613965530586 ,3.10529374360447    ,10.4918697985467    ,8.98316618550208    ,53021               ,jul                 ,2000                
51.8149834792777    ,0.101358317944054   ,241.155402597667    ,-0.823361526474842  ,6.83054220517143    ,65.8003671214334    ,22.7094484356711    ,72.0505750624818    ,287.53785259948     ,304.359160411447    ,323.079674881136    ,0.00709556637681689 ,3.34512306537922    ,9.64910429009592    ,8.39499063977851    ,53005               ,jul                 ,2000                
44.8924540555147    ,0.197487258648101   ,230.842838967041    ,1.50469007248283    ,6.0297327219807     ,59.0365500468287    ,26.1509622403028    ,67.6341434601814    ,285.074246956289    ,300.878288778077    ,309.535910334097    ,0.0065800421228873  ,3.0601557876084     ,11.1922775988731    ,8.65354339925017    ,53023               ,jul                 ,2000                
46.9224904594402    ,0.247796581087466   ,218.149123267021    ,1.21181874957511    ,6.14116714836637    ,60.1137794200844    ,26.0273027402327    ,65.9076753576711    ,285.298736162513    ,301.138708935741    ,308.863672982879    ,0.00658571316037667 ,3.23787230723332    ,11.0129302439909    ,8.46591678959879    ,53013               ,jul                 ,2000                
48.9281167183758    ,0.227008678213836   ,222.565227571318    ,1.38828277617452    ,6.57148484736017    ,62.5809615197971    ,23.5268938484512    ,69.6148520533944    ,287.137019739919    ,303.968192163803    ,311.627480577678    ,0.00701241825163558 ,3.2201054957699     ,10.4565011496435    ,8.46778282186287    ,53071               ,jul                 ,2000                
46.2295298327206    ,0.13739497021718    ,247.294476846404    ,0.994185314434433   ,6.1506351189583     ,61.6720255615292    ,24.8206528960494    ,65.3966295674798    ,285.214063830788    ,301.562891209914    ,309.660789218487    ,0.00649178040090861 ,3.05497441287318    ,10.7039710005676    ,8.14923907011179    ,53003               ,jul                 ,2000                
57.2172740331326    ,0.00377338669759947 ,273.543432200051    ,-0.98672720718282   ,5.6179442336358     ,72.5829364649576    ,20.7230105092449    ,66.5657719860138    ,284.946584640674    ,301.769728525008    ,271.567548432585    ,0.0060430978935289  ,3.20480369562253    ,8.36712167323356    ,7.9362470226986     ,53017               ,aug                 ,2000                
52.2545293339212    ,0.0298636586653075  ,230.816947568221    ,1.67904394161496    ,5.43950209366082    ,66.2430891543232    ,21.5668386621491    ,73.8596570227868    ,282.715654654624    ,301.259052419115    ,272.82142496282     ,0.00610004176894508 ,3.21896577878423    ,9.40892044139009    ,8.9391978144447     ,53063               ,aug                 ,2000                
56.500949933921     ,0.00150966546187103 ,258.038354352092    ,-0.859017282520068  ,5.77471932138398    ,72.0353329264767    ,20.5902490298928    ,69.950547522304     ,285.255970994432    ,303.071552809099    ,278.285106413951    ,0.00630679580859401 ,3.12520469893766    ,8.38417044928552    ,8.28481076799516    ,53025               ,aug                 ,2000                
51.8191141256682    ,0.00611017336385606 ,244.839798350029    ,1.51038110030959    ,5.43597990646585    ,65.4232445794024    ,20.2221999162155    ,76.0466507202355    ,282.481444048472    ,301.671928676541    ,269.682221066329    ,0.00591193297284225 ,3.11829763566918    ,9.67891208073202    ,9.19521493410273    ,53043               ,aug                 ,2000                
53.8478682759796    ,0.000177132663021677,240.819699134389    ,0.844665521757594   ,5.59495618444944    ,68.8357566308486    ,20.1551376786687    ,72.9817984031214    ,283.785874910898    ,302.754578591539    ,273.458051919695    ,0.00610233002005014 ,3.03817002992994    ,9.03468189654679    ,8.65822865341758    ,53001               ,aug                 ,2000                
54.94579383068      ,0.019863440170513   ,242.520717597831    ,1.65244381000014    ,5.67443865625863    ,67.3453191697122    ,20.4473887156173    ,73.2296923731129    ,283.091627836571    ,301.978259761456    ,270.965376995166    ,0.00601896070362735 ,3.45101474381488    ,9.30237505371702    ,8.79505636227877    ,53075               ,aug                 ,2000                
55.9670399602827    ,0.0058564578393294  ,241.141462063034    ,-0.268034586501427  ,5.84031354606004    ,70.5997251392298    ,22.0754129733992    ,70.1073264701786    ,286.110389009007    ,303.356813011453    ,278.764113914168    ,0.00670022947919409 ,3.23886019276922    ,8.60182603233801    ,8.40534203348325    ,53021               ,aug                 ,2000                
58.032327270355     ,0.00844320319635617 ,242.931651404532    ,-1.10216538868183   ,6.06890855182057    ,71.9930285779455    ,21.4681550392465    ,69.9091494597195    ,286.41197137019     ,303.830718605317    ,283.02737434476     ,0.00671915166433488 ,3.3994440724147     ,8.32553650400388    ,8.3175360203745     ,53005               ,aug                 ,2000                
59.5491549350251    ,0.0487137650403856  ,251.87554307348     ,1.03189591931923    ,5.7706521054925     ,74.2807946450675    ,19.7076733122367    ,61.1377673944952    ,284.213719659376    ,300.832029070173    ,275.192369305521    ,0.0055611782686608  ,3.58674883971446    ,8.07715612579457    ,7.39883251625845    ,53023               ,aug                 ,2000                
60.8769902536289    ,0.0381052612365261  ,240.465620811818    ,0.811351035446917   ,5.79398871949951    ,74.2018494312072    ,20.3725914233562    ,61.1665325625445    ,284.162810833465    ,300.636725246775    ,277.597724525414    ,0.00561205969724362 ,3.68104308229547    ,8.10083064838069    ,7.44904485193384    ,53013               ,aug                 ,2000                
59.5688589486774    ,0.0104008233268718  ,241.247108827412    ,1.00592002996463    ,6.01445275418501    ,73.0386242094923    ,21.085938653013     ,66.746525891772     ,286.071510497022    ,303.267864752529    ,276.581247927478    ,0.00644722931004461 ,3.5035821578961     ,8.24084512967936    ,7.94406199749142    ,53071               ,aug                 ,2000                
60.3174940384131    ,0.0910622635964819  ,259.157002099857    ,-0.122123276483984  ,5.95997076975421    ,75.9033314799432    ,18.4270272208911    ,59.6849567663931    ,284.487119627527    ,301.64880034804     ,276.267773261092    ,0.00551565776234578 ,3.65105077887468    ,7.76525948972233    ,7.13793902888926    ,53003               ,aug                 ,2000                
39.7978138406541    ,0.172572657086523   ,207.73771282352     ,-1.22068414636967   ,3.30369097367933    ,53.9526577944383    ,27.5767833463801    ,80.9854852199983    ,280.252840388624    ,295.090724171161    ,174.703261454772    ,0.00566493886516045 ,3.30547508277662    ,10.7772185068782    ,11.9867942594989    ,53017               ,sep                 ,2000                
24.7077734827106    ,1.28168587931842    ,195.237378881925    ,1.60544884703834    ,2.84805608957311    ,38.9064313786129    ,34.0193710159023    ,88.4354085599519    ,278.892979859388    ,293.120617023379    ,168.583078094142    ,0.00611075000998327 ,3.37437691372096    ,13.644985212212     ,14.807636786715     ,53063               ,sep                 ,2000                
38.7410588035781    ,0.330693317322321   ,197.931824940606    ,-0.958463940612085  ,3.45282503141091    ,52.1601031729973    ,26.6932926094292    ,81.8479684232285    ,280.710207884403    ,296.449274371587    ,180.531536680892    ,0.00583048350548588 ,3.30021204879776    ,11.211761260977     ,12.2529987010921    ,53025               ,sep                 ,2000                
28.9322735309273    ,0.698541702158296   ,197.599338336662    ,1.38051456734222    ,3.12476754429422    ,43.4730611030318    ,28.9184541166635    ,86.5610000255284    ,278.939943491739    ,294.626851581825    ,171.985830813812    ,0.00576321642378911 ,3.31296118302486    ,12.8897283934561    ,13.7334261492499    ,53043               ,sep                 ,2000                
30.6454182644411    ,0.824918707476621   ,188.17283100886     ,0.941710373210617   ,3.20498408584677    ,46.0162900709719    ,28.5929529134501    ,83.5038019497278    ,280.223816441169    ,295.723079212848    ,175.640259187839    ,0.00591820444804532 ,3.03910795858676    ,12.4385144590307    ,13.1170432253804    ,53001               ,sep                 ,2000                
25.8982030575326    ,1.44388901717418    ,197.577919540312    ,1.85082804885565    ,3.09131718479185    ,39.5166201904147    ,32.5028997731676    ,85.949413251241     ,280.082757100423    ,294.395731444116    ,169.714256606008    ,0.00620457822522696 ,3.30890640169031    ,13.7443136388367    ,14.3385511718825    ,53075               ,sep                 ,2000                
31.8368223596128    ,0.806227448595485   ,180.515064929449    ,0.145112216109649   ,3.33310803132179    ,46.678407765902     ,30.5778377090356    ,82.0797900630266    ,282.208071038662    ,296.599379581549    ,180.594654520964    ,0.00647372088992061 ,3.07068158139021    ,12.1852853551278    ,12.9909787268516    ,53021               ,sep                 ,2000                
35.3011500999347    ,0.57142443767555    ,182.174500010799    ,-0.995986310934145  ,3.51338764687144    ,49.6459576893605    ,29.541445213427     ,81.3002166618257    ,282.44762175671     ,297.06759309938     ,187.192327091774    ,0.0064287065617539  ,3.18750052047375    ,11.5746582434257    ,12.5571089950539    ,53005               ,sep                 ,2000                
26.1543632144682    ,2.00644774773456    ,211.057934403395    ,1.40968376768302    ,3.10429249561351    ,41.1721518018971    ,35.2703970038373    ,80.6498933424861    ,281.167676075053    ,293.219630621679    ,175.910634185759    ,0.00624135200661659 ,3.3108752318174     ,13.135750208829     ,13.7961654034214    ,53023               ,sep                 ,2000                
27.9501644835907    ,2.29927423729758    ,197.912472890622    ,1.1473496834021     ,3.13474125155812    ,42.7810052603743    ,34.8697500493514    ,79.986711217138     ,281.093977531713    ,293.461293634278    ,177.587672044511    ,0.00615695269959597 ,3.45441745492072    ,12.8714406444556    ,13.5574111007271    ,53013               ,sep                 ,2000                
29.6188286084306    ,1.40601367983446    ,192.328361332255    ,1.1791158424019     ,3.35417988584213    ,44.1134545339155    ,32.3502748776258    ,81.7396003583582    ,282.347437677151    ,296.227488266033    ,175.458320610956    ,0.00657302888888275 ,3.37152970647263    ,12.6406439324382    ,13.3717781758244    ,53071               ,sep                 ,2000                
25.3908216075711    ,2.0463121309127     ,231.667470834551    ,0.238555949607325   ,3.1316923305066     ,39.3713894521523    ,35.4885398427355    ,82.7397939375717    ,281.029759650683    ,293.159238142399    ,176.816715059489    ,0.00635763111222907 ,3.57631643655236    ,13.4241820190365    ,14.2722781404091    ,53003               ,sep                 ,2000                
26.3754740145737    ,0.367177405082709   ,189.826472742211    ,-1.29703310386404   ,1.70475025245567    ,39.7523961420029    ,35.2006955920857    ,88.6917819791064    ,275.101138830786    ,287.868488339297    ,125.992634588755    ,0.00456373960390472 ,2.96401277305499    ,13.3595463814357    ,15.3971290680836    ,53017               ,oct                 ,2000                
20.1489965764226    ,0.890158262595026   ,180.10006777952     ,1.56604521433429    ,1.50927131871626    ,28.803894464824     ,40.6361551132374    ,94.3051030312067    ,274.290687480993    ,287.626958819181    ,119.288833874372    ,0.00504897478574337 ,2.88429533186374    ,16.5488983494287    ,17.6138026686974    ,53063               ,oct                 ,2000                
30.1360393680544    ,0.362493952551677   ,185.847306717509    ,-0.843738239818495  ,1.85297176165774    ,41.1025525718644    ,33.3930448884284    ,88.7552061373947    ,275.692582398757    ,289.493429329848    ,130.192146750971    ,0.00465292060671702 ,2.8498066298933     ,13.4820889781273    ,15.1942245450273    ,53025               ,oct                 ,2000                
24.6614151202682    ,0.657344391090354   ,181.69812061204     ,1.30859990281732    ,1.62483475632339    ,34.4247254257766    ,36.3191516342298    ,92.737415995955     ,274.069909937691    ,288.214889048245    ,124.081098528471    ,0.00477140223750213 ,2.83689711828854    ,15.1217876268834    ,16.6583825637162    ,53043               ,oct                 ,2000                
24.5602431808029    ,0.645876963725779   ,180.555963552266    ,1.19253491185567    ,1.66256532782889    ,35.4873484265001    ,36.8146433691428    ,91.2159684519085    ,275.397806960407    ,289.202963320867    ,128.29060180016     ,0.00488866011807782 ,2.5380255457698     ,14.8449237841821    ,16.2448147734869    ,53001               ,oct                 ,2000                
19.1934882362106    ,0.951653142134417   ,191.041169392705    ,2.03774864318324    ,1.56462621485712    ,28.6924301925601    ,41.006993417396     ,94.0060401765943    ,275.287709156015    ,288.550788625178    ,120.577372703046    ,0.00521441490385872 ,2.80999175504444    ,16.5450873052101    ,17.522844982292     ,53075               ,oct                 ,2000                
23.0136917907386    ,0.748596859820448   ,181.802741488264    ,1.30740976338394    ,1.69109490053086    ,33.2055740498432    ,39.8428268479946    ,91.5402749262732    ,277.185197403295    ,289.886707887105    ,131.037777405164    ,0.00527637708073057 ,2.53847226489418    ,15.4464723949101    ,16.6210234966231    ,53021               ,oct                 ,2000                
22.5511043127885    ,0.732652514040803   ,174.925074808836    ,0.0240556794187491  ,1.72999437423261    ,33.1006135054048    ,39.5141791453637    ,92.0865277736145    ,277.173135750529    ,290.010650419238    ,132.795485475405    ,0.00531489924413667 ,2.57085120099422    ,15.3249874208282    ,16.7523800292345    ,53005               ,oct                 ,2000                
17.5598045658747    ,1.3610050083937     ,203.059190625467    ,1.95575458775458    ,1.51956731553929    ,27.3700383146596    ,44.8202691742185    ,92.1583195340297    ,275.901365527407    ,287.561718084129    ,124.415870931339    ,0.00533714612207536 ,2.82917298577492    ,16.7133507516479    ,17.5447329778371    ,53023               ,oct                 ,2000                
18.1657188327065    ,1.7162540030759     ,193.450373394267    ,1.67071121135307    ,1.57875053151458    ,28.078384857648     ,44.5360280157565    ,90.139860147722     ,276.142389141251    ,287.569671532931    ,128.496065493472    ,0.00523339091803535 ,2.95681695370553    ,16.6316654192115    ,17.2173737221685    ,53013               ,oct                 ,2000                
19.7467773131382    ,1.35821874686848    ,182.510472442514    ,1.81190803370421    ,1.69520072012929    ,29.2904222992315    ,42.7008170166136    ,91.26071060945      ,277.338206977754    ,289.560511331186    ,126.415763882493    ,0.00545910033457218 ,2.86741060520325    ,16.3887790748212    ,17.1322071645443    ,53071               ,oct                 ,2000                
16.6310239186624    ,1.27699720397468    ,220.865147758406    ,1.55183852560039    ,1.51874823180934    ,26.1729922135184    ,46.5747532349405    ,92.2059702737376    ,276.227348649196    ,287.339001056697    ,127.547523861861    ,0.00549735414756325 ,3.07739383081899    ,17.0046090673272    ,17.6375656922845    ,53003               ,oct                 ,2000                
11.7671177310655    ,0.844883098042891   ,181.504597232497    ,-1.24504765919062   ,0.429311376860528   ,16.5583041388117    ,67.7976543486493    ,94.6761584951121    ,268.477245430205    ,275.75175110302     ,67.4620415099762    ,0.00318374156805261 ,2.20117883593621    ,19.3223596303397    ,21.271549280763     ,53017               ,nov                 ,2000                
8.4838188120096     ,1.25325786165691    ,146.625147647614    ,1.16093359299933    ,0.321267135348814   ,9.41661142273232    ,73.4405144263425    ,98.9168215387377    ,267.150785674585    ,274.866379758145    ,69.5138833043061    ,0.0032390815860723  ,2.42065084267411    ,22.3165275966022    ,23.4328076336521    ,53063               ,nov                 ,2000                
13.6815058881795    ,0.839429998700663   ,148.256873663266    ,-0.663665067700761  ,0.483437723900253   ,18.2684065751145    ,64.5060739584626    ,95.3802438565102    ,268.794500755668    ,276.810210755771    ,70.3295305777439    ,0.00319063362496917 ,2.04853063502884    ,19.0833842451873    ,21.050956955049     ,53025               ,nov                 ,2000                
9.60834081647725    ,1.03420311071578    ,139.404354416663    ,1.14969806153005    ,0.347913252169417   ,11.5505158448206    ,72.998931668387     ,98.5164625721691    ,267.364364762409    ,275.024924019242    ,68.9274306037071    ,0.00321972057997199 ,2.27312199345352    ,21.3472617406549    ,23.1680250060871    ,53043               ,nov                 ,2000                
10.1614861557579    ,0.959839274402712   ,143.476523442131    ,1.23377032104769    ,0.400245507820594   ,14.1037529544656    ,68.0695793490697    ,97.4941072389298    ,268.457497454828    ,276.352728130118    ,72.362213617068     ,0.0032759058913892  ,1.73701696110944    ,20.513266969934     ,22.1352052045529    ,53001               ,nov                 ,2000                
8.10547740502761    ,1.22507359356419    ,161.300801366328    ,1.85710044556973    ,0.404791406013948   ,10.658208919234     ,67.8528998241051    ,98.774417070875     ,268.254026933259    ,276.315361362831    ,74.2423701864504    ,0.00334883099242899 ,2.27543254470124    ,21.8133134940652    ,22.6370928375394    ,53075               ,nov                 ,2000                
12.2521679588511    ,0.990072489826856   ,173.583616983467    ,1.53503147554703    ,0.477417891759139   ,16.4723075917069    ,67.4837778446002    ,95.8551332444411    ,270.31891800318     ,277.658402678661    ,72.2105524571737    ,0.00350809833136363 ,1.76562605932355    ,19.8796807169303    ,21.3670660077609    ,53021               ,nov                 ,2000                
12.9212315002971    ,0.988523359197473   ,173.819557447087    ,0.606159705840211   ,0.517387237991307   ,17.4383581524431    ,64.463690276588     ,95.8780886418721    ,270.348461987798    ,278.16429677809     ,76.5827673906405    ,0.00352685345013955 ,1.76523525722222    ,19.6529892014799    ,21.1029897072376    ,53005               ,nov                 ,2000                
8.43559541657719    ,1.46919468164735    ,181.543360250806    ,1.89004320136077    ,0.472079448776771   ,11.3771371489855    ,65.4336214247204    ,97.8600974649623    ,268.976668919786    ,276.950701913774    ,76.1969737955255    ,0.00348242581204953 ,2.41692619373709    ,21.7822611135479    ,22.0103950784814    ,53023               ,nov                 ,2000                
9.14404433127476    ,1.84767498596272    ,178.438431776402    ,1.63350928849159    ,0.456655063950839   ,12.4355245107945    ,64.9430937013077    ,97.2964608809919    ,269.082545987807    ,276.832833817034    ,80.4005374935077    ,0.0034681965373489  ,2.35615583888627    ,21.5819022854377    ,21.75918935839      ,53013               ,nov                 ,2000                
11.384737855751     ,1.32882554800367    ,175.381177022978    ,1.9794602241458     ,0.533323721662366   ,14.9008427270654    ,64.9854814917091    ,96.5009411188968    ,270.614889050822    ,278.038725619846    ,73.1898207873833    ,0.00358190604307005 ,2.23574234503233    ,20.6862131819169    ,21.3469596211503    ,53071               ,nov                 ,2000                
9.88211461554209    ,0.959522069679911   ,217.50895535244     ,1.70127438378595    ,0.579058987053605   ,13.811426763958     ,62.706037766858     ,95.8084822773063    ,269.332764522061    ,277.267109524247    ,77.8861480801065    ,0.00339579492274314 ,2.92037081851866    ,20.9553080122546    ,20.915230573993     ,53003               ,nov                 ,2000                
6.73742193339555    ,0.741128684412742   ,125.755055099027    ,-1.45080795450352   ,0.131401860473036   ,6.17156097843173    ,80.853129821839     ,96.7148527267058    ,266.017238365372    ,271.661535859772    ,52.7638144815279    ,0.00273259663312681 ,1.95494262164547    ,23.5506266778156    ,23.7295903438935    ,53017               ,dec                 ,2000                
5.17306847770962    ,1.2051674966958     ,118.450740379017    ,-0.0293626664347924 ,0.139003320624924   ,3.3872113804325     ,82.7553253359345    ,97.0399636180688    ,266.375446872267    ,272.408489943855    ,51.9278387753797    ,0.00293029738589414 ,2.43962139716747    ,25.553617902947     ,24.4289268277216    ,53063               ,dec                 ,2000                
8.39588607841382    ,0.554712504105805   ,106.009484020756    ,-0.81298808526023   ,0.166502175965175   ,7.52643675801625    ,78.0711092579881    ,97.9374967948174    ,267.309248365998    ,272.766453541088    ,53.5167302377481    ,0.00283658008504316 ,1.97787307443995    ,23.2173561095029    ,23.5102954178159    ,53025               ,dec                 ,2000                
5.60040317102155    ,0.690065373402895   ,108.362559793673    ,0.52438839041319    ,0.109086229102002   ,3.15590024429742    ,84.8851350133345    ,98.6953336741494    ,266.041013747089    ,271.610568237305    ,52.9179814557946    ,0.0028435562465002  ,2.27748581129782    ,25.3159576576858    ,25.0411603294864    ,53043               ,dec                 ,2000                
6.75722122535109    ,0.641421869624079   ,109.278486051107    ,0.850532466561712   ,0.151317066025814   ,5.00155782760365    ,80.6020578160327    ,98.9097291558383    ,267.555510502536    ,272.849758223249    ,51.110266613892     ,0.00296404264146687 ,1.80223894703639    ,24.3315960936013    ,24.2274719849471    ,53001               ,dec                 ,2000                
6.52486962245445    ,1.20700162091787    ,132.365895051423    ,1.21816914826632    ,0.244298158522476   ,4.99530055943963    ,76.2857495515113    ,97.4177722760369    ,267.964466447419    ,273.981062884162    ,50.2736005389644    ,0.00309571637985223 ,2.54699500489469    ,24.6036434487736    ,23.4990670302896    ,53075               ,dec                 ,2000                
7.19621095588825    ,0.582832553753904   ,154.69291972304     ,1.31208473123037    ,0.187570583262505   ,6.05260759754232    ,80.5868836642534    ,98.1493400319417    ,269.403281672551    ,273.983130626189    ,49.6187743717585    ,0.00317956130294941 ,1.78010124571812    ,23.7425198349586    ,23.7609103850829    ,53021               ,dec                 ,2000                
8.60015875636687    ,0.485673281879952   ,133.777215305108    ,0.512048690882925   ,0.222406355439294   ,8.36962078455333    ,75.2214629237233    ,97.9970179533347    ,269.726008777506    ,274.610823338977    ,51.213539052809     ,0.00323713231573241 ,1.72328481773829    ,23.0612844037351    ,22.9967076455818    ,53005               ,dec                 ,2000                
7.50399889608037    ,1.55191421484123    ,163.890188774263    ,1.08992413401326    ,0.320456775064594   ,6.43828984623001    ,71.906588779868     ,97.315168823021     ,268.655936231278    ,275.44284252222     ,51.4855345838559    ,0.00337077549769105 ,2.77236445122871    ,24.2647153269924    ,23.1013578322116    ,53023               ,dec                 ,2000                
7.16530146688275    ,1.75693886228272    ,156.505388182745    ,0.793607529233263   ,0.265463161169646   ,6.3877240499075     ,73.0757485351429    ,97.4513415338273    ,268.70652887634     ,274.943619959433    ,54.705391870036     ,0.00336865964100816 ,2.66126376248987    ,24.4637764759297    ,23.3663545974678    ,53013               ,dec                 ,2000                
8.01641359511362    ,0.963417330324753   ,155.235865926581    ,1.46846905923108    ,0.272174359758342   ,7.13722199884128    ,75.4638428153061    ,97.4556112067163    ,269.894033883775    ,274.880125493409    ,49.3781026250948    ,0.00329850155867757 ,2.47507550409897    ,23.5721944178346    ,23.0478635201286    ,53071               ,dec                 ,2000                
10.2310754454667    ,0.966140193435298   ,207.15202257291     ,1.165114792159      ,0.414221296480255   ,10.2928363484586    ,69.2058437848613    ,95.8721981299184    ,268.905172618114    ,275.872377864346    ,53.1868275245611    ,0.00332408971250921 ,3.41939883433699    ,22.416752218678     ,21.8713033047326    ,53003               ,dec                 ,2000                
