bi,pr,th,pdsi,pet,erc,rmin,rmax,tmmn,tmmx,srad,sph,vs,fm1000,fm100,countyfips,month,year
8.57885639680249    ,1.23796399727881    ,191.267663559926    ,2.42570296901898    ,0.447946690043838   ,6.97755072841534    ,63.0983780926491    ,98.220272651953     ,269.667740199848    ,276.338128549868    ,56.9953209120194    ,0.00334672145446892 ,3.11997693277744    ,24.4535015685156    ,22.4934934956562    ,53017               ,jan                 ,1999                
4.83142521799488    ,2.00271025463078    ,194.95254560448     ,2.21525337220204    ,0.400046091367128   ,2.48080548667875    ,69.9720463364226    ,97.8778070696126    ,270.258778850078    ,276.313053705982    ,49.8069220360663    ,0.00367051472171076 ,3.45611156951167    ,27.2359984026012    ,23.555756510654     ,53063               ,jan                 ,1999                
11.8884718819284    ,0.896500325000124   ,184.917817548388    ,0.467107375418724   ,0.575910382287936   ,10.2908795604923    ,61.2117764499451    ,98.5051840694261    ,271.216737338097    ,278.49411467687     ,53.900266058667     ,0.00365853926318808 ,3.30657410437279    ,22.9877856297827    ,22.0340795201457    ,53025               ,jan                 ,1999                
7.65589149000794    ,1.08223055203879    ,190.489440960461    ,2.23090602683945    ,0.444948334097449   ,5.10114913089098    ,66.5809244333124    ,98.5640300991849    ,270.175754832289    ,276.573217261718    ,50.648669363197     ,0.003580641824087   ,3.43214068986204    ,25.254637397715     ,22.8319952315221    ,53043               ,jan                 ,1999                
9.20910943025094    ,0.890976334948586   ,179.654258299712    ,1.06448641517735    ,0.537193033790517   ,8.10675694450449    ,63.2893653283973    ,98.2310704940766    ,271.710691606286    ,278.597485637585    ,51.4327180239925    ,0.00384462569650527 ,2.99859870571654    ,23.8934352161461    ,22.158953926195     ,53001               ,jan                 ,1999                
7.11536813769516    ,1.47588996887801    ,190.068780599183    ,2.44219107994481    ,0.612134215332978   ,5.38798470618953    ,63.4746144526733    ,96.2713319243516    ,271.761567469675    ,278.150334337151    ,50.9801349946806    ,0.00379078887835979 ,3.63014406711146    ,25.3893854757233    ,22.1163614188743    ,53075               ,jan                 ,1999                
11.9516426571899    ,0.708530424247178   ,182.050080527842    ,-0.832165321349524  ,0.749531732078078   ,12.6860984543713    ,59.4104042668496    ,95.6371930323523    ,273.309586881349    ,280.738597334112    ,51.0804746019633    ,0.0040225702889088  ,3.24872901072129    ,21.9785275343334    ,20.7355397566376    ,53021               ,jan                 ,1999                
12.7394125999615    ,0.791635969617461   ,186.345660321987    ,-0.343726934459386  ,0.760229524404897   ,13.2713857874806    ,57.413557954225     ,96.1825041788228    ,272.913133384208    ,281.049037441859    ,53.811393245665     ,0.00398704410469253 ,3.10960303522301    ,21.8091267480903    ,20.9599921879456    ,53005               ,jan                 ,1999                
8.66938038264109    ,1.75565670891862    ,212.096372342186    ,2.25857859405672    ,0.772588424910061   ,7.88514951932701    ,57.3998689819639    ,93.235193886563     ,271.682179510032    ,278.533345856282    ,54.0892417766699    ,0.00366386205970829 ,3.89623142812611    ,24.9247356939115    ,20.9981946465583    ,53023               ,jan                 ,1999                
8.14300454595831    ,2.80448908862142    ,203.169443333437    ,1.38711238809639    ,0.803888392932128   ,6.77340909206803    ,57.4496639295519    ,93.5688304479129    ,271.760525631756    ,278.646284959301    ,57.3101027629964    ,0.00370158922733568 ,4.46843605611981    ,26.3699360426929    ,21.4970614379009    ,53013               ,jan                 ,1999                
12.2670055212328    ,1.21431108020049    ,199.695713343081    ,-0.720228029528745  ,0.949080024339569   ,12.2518944945818    ,56.4598880100525    ,92.798095392987     ,273.812580855975    ,281.161216805871    ,51.6544237439475    ,0.00402799145964119 ,4.26363151984564    ,22.7663654174324    ,20.1571125442701    ,53071               ,jan                 ,1999                
13.6730469474434    ,0.924751527793852   ,235.56574779391     ,3.20698256591231    ,0.847062805571471   ,13.506125771809     ,57.3943069355612    ,90.3034816510205    ,271.613424690521    ,278.100459268353    ,57.3005479532381    ,0.00355518045818202 ,4.69279150267278    ,22.1350695426138    ,19.4306923590297    ,53003               ,jan                 ,1999                
6.94874142366515    ,1.91764190409981    ,175.704104282877    ,2.6606708690591     ,0.87743187330098    ,7.26615439842441    ,55.4483577917758    ,98.2966424128988    ,269.854223727996    ,278.286916621887    ,89.5151287046909    ,0.00342084076973686 ,3.7462983553943     ,24.2961335441081    ,21.4397335652897    ,53017               ,feb                 ,1999                
4.71213524564406    ,3.68504317394971    ,188.100731346538    ,2.71459076940832    ,0.838344036685194   ,4.13378130013693    ,61.5210345276946    ,96.8243981434685    ,270.966044254941    ,278.199369406524    ,80.0850992246239    ,0.00370543128170362 ,4.20794734045624    ,26.1189072238742    ,22.0556049301373    ,53063               ,feb                 ,1999                
13.3426984802494    ,1.47095828463383    ,180.310412920426    ,0.57289125362969    ,1.18798722958955    ,13.0107530196674    ,49.452745581271     ,96.8300191152497    ,272.10512144418     ,281.166783570683    ,86.4447967167404    ,0.00373347949086711 ,4.14678535241703    ,22.5053610443664    ,20.0235126432597    ,53025               ,feb                 ,1999                
7.13372594569649    ,2.42296994432755    ,185.324385958079    ,2.48994745360354    ,0.947104134516549   ,6.70107752659243    ,56.3344796343627    ,98.3095319905949    ,271.078253027119    ,279.092448552233    ,82.8345828440016    ,0.0036877280846508  ,4.22747004836889    ,24.6060543791897    ,21.6649782970583    ,53043               ,feb                 ,1999                
9.09123625722704    ,1.84020898798937    ,182.068101224587    ,1.10534136985183    ,1.13045563682078    ,10.1938192967388    ,52.4615572735368    ,96.8028520598941    ,272.738429445445    ,281.10300174952     ,83.2542413337964    ,0.00391185013539696 ,3.91424961106923    ,23.2632868330936    ,20.5300149515521    ,53001               ,feb                 ,1999                
5.41675450493574    ,3.16866351219909    ,190.241880213633    ,2.58547133601179    ,1.12679104276064    ,6.59102266317194    ,55.3242768741255    ,95.3402276630562    ,272.470468201196    ,279.898488677209    ,82.1687974607644    ,0.00380285902661976 ,4.76326463079753    ,24.6207980758603    ,21.0188639710531    ,53075               ,feb                 ,1999                
12.2788024763262    ,1.26135471255964    ,185.773608918062    ,-1.22442305561346   ,1.43001106147255    ,15.8249631137638    ,47.8838235202726    ,93.5326861790248    ,274.111270443424    ,283.258200634967    ,84.9162041030087    ,0.00403083917447545 ,4.12108475839371    ,21.056742647716     ,18.716771029378     ,53021               ,feb                 ,1999                
14.3763224591035    ,1.02222126318002    ,186.040332992376    ,-0.980513531691716  ,1.42141672832512    ,16.9666600062095    ,45.3894322917105    ,94.8933783823015    ,273.714554097425    ,283.415383918549    ,85.3566742054205    ,0.00400043806848502 ,4.04115379457177    ,20.8516868262198    ,18.65989648535      ,53005               ,feb                 ,1999                
4.50402659183472    ,3.91565475711465    ,199.107394146517    ,2.36257889724913    ,1.25441222705324    ,7.27315481336367    ,52.6113198812598    ,93.3057589755189    ,271.755888149393    ,279.145793843714    ,85.756718249266     ,0.00349157843224377 ,5.19586774246716    ,24.6853662753592    ,20.7031418293477    ,53023               ,feb                 ,1999                
4.12926439797365    ,4.71275649524975    ,200.892292755971    ,1.4288474861695     ,1.28280834381649    ,6.5634447552756     ,52.7975020230307    ,94.0555788309786    ,271.874392980948    ,279.429454983217    ,89.8631488108867    ,0.0035643714114443  ,5.61376135328766    ,26.0322641003194    ,21.2238260988166    ,53013               ,feb                 ,1999                
9.19691434123251    ,2.14196115210825    ,197.002409843064    ,-1.15062144452449   ,1.57772576954307    ,14.472401230654     ,47.6501668421649    ,91.6959167850419    ,274.276079242099    ,283.021060314466    ,81.8194504958274    ,0.00395043628654279 ,5.24773312662917    ,21.5612412761728    ,18.6282433358634    ,53071               ,feb                 ,1999                
8.13672921684204    ,2.49309390127459    ,215.308869293261    ,3.14776133910873    ,1.38513831886714    ,14.3652123631111    ,50.4955969324201    ,88.6724040326784    ,271.583970007235    ,278.807687972211    ,87.2595053052256    ,0.00330405979982589 ,6.01440131446741    ,21.185344898912     ,18.3876306141753    ,53003               ,feb                 ,1999                
15.3841658037903    ,0.6226811401443     ,185.159296194098    ,3.19119052563502    ,1.88469434402764    ,17.0022246308211    ,42.3068808602122    ,94.2163655634559    ,271.549641317227    ,282.646316379726    ,166.647466426206    ,0.00358019063938187 ,3.60092670332296    ,22.1343487339138    ,17.6782799810236    ,53017               ,mar                 ,1999                
11.1415300879095    ,0.92762304027769    ,146.890942095822    ,3.27531060283549    ,1.79313504399593    ,12.9028888532804    ,47.3071983873008    ,94.441934061373     ,271.738670512945    ,282.839375693116    ,145.879281876683    ,0.00377342648825555 ,3.68338014636744    ,23.5381842644171    ,18.2774422742161    ,53063               ,mar                 ,1999                
21.7401803418859    ,0.224190810646409   ,155.956402146495    ,0.993160748213534   ,2.19802138720255    ,23.30644931388      ,36.7592037117916    ,94.0254540859321    ,273.032186916824    ,285.352569442401    ,163.320422749408    ,0.00377016660286456 ,3.74832998388477    ,20.0598568903104    ,16.597575221062     ,53025               ,mar                 ,1999                
16.4616731336565    ,0.471465963647441   ,148.693361429128    ,3.00702390390061    ,1.93141144049233    ,17.3681272575215    ,42.009534770617     ,95.0913148668991    ,271.86455463583     ,283.565033882336    ,156.887980062367    ,0.00375321650481017 ,3.74234750839127    ,22.1007443590375    ,17.6117256730485    ,53043               ,mar                 ,1999                
19.9252132878511    ,0.328078953692334   ,151.941842075488    ,1.51733879369631    ,2.08863398080966    ,21.7982526712491    ,38.3337857562586    ,94.2069969360594    ,272.906856141609    ,285.194064744575    ,158.739450503899    ,0.00384760748295692 ,3.49694299878029    ,20.6296567584552    ,16.7996316240834    ,53001               ,mar                 ,1999                
13.7464817088342    ,0.799963941970801   ,171.475794702077    ,2.97623271695685    ,1.98252215204474    ,16.7892065841791    ,43.6249530333315    ,91.6343067816313    ,272.696334614184    ,283.975711680345    ,150.551899521193    ,0.00384396487254953 ,3.86341806775479    ,22.1383299465288    ,17.0923884543793    ,53075               ,mar                 ,1999                
21.4362569983206    ,0.217583383159439   ,179.92757161968     ,-1.27005791512008   ,2.26035298385632    ,25.4578238487244    ,36.3104569768787    ,93.3447790264196    ,274.155114761239    ,286.651239362011    ,160.241711643493    ,0.00397847600193999 ,3.54042929998107    ,19.0287549314665    ,16.2130352503017    ,53021               ,mar                 ,1999                
22.3320148203088    ,0.149968145964132   ,181.051555399571    ,-1.31817411478875   ,2.25862631909969    ,25.7843209366963    ,36.0611528234414    ,94.1672101695248    ,274.092332304423    ,286.496682305581    ,162.601855211937    ,0.00395463556414122 ,3.53755730792729    ,18.9398347582838    ,16.377348608633     ,53005               ,mar                 ,1999                
12.0701245583631    ,1.26314586762169    ,189.685919148916    ,2.66595164860751    ,1.92519146807684    ,15.5075538643115    ,44.7866403017558    ,89.6103959210624    ,271.898594600408    ,282.557437585652    ,151.48777221377     ,0.00362551031690938 ,3.95962942284301    ,22.7108148195729    ,17.1131700766251    ,53023               ,mar                 ,1999                
11.5730996678185    ,1.62004633501481    ,176.662039909586    ,1.69351083295742    ,1.94958390687853    ,13.9017773366542    ,44.6692417372201    ,89.8498086554036    ,272.062029268548    ,282.80705644182     ,155.81662285342     ,0.00367874543226908 ,4.09068679069671    ,23.9250956277472    ,17.5085930007673    ,53013               ,mar                 ,1999                
15.2548667664974    ,0.875628771392764   ,175.248430025314    ,-1.14076674727567   ,2.17293923528933    ,20.7375928028341    ,40.5627225145029    ,91.3248972198702    ,274.188492117421    ,285.971251004767    ,151.712653695583    ,0.00404782688699847 ,3.89611649143549    ,20.4135330674406    ,16.7201972217845    ,53071               ,mar                 ,1999                
14.1896273188694    ,1.06282792799043    ,198.352746792532    ,3.30647308809044    ,2.01886954841149    ,20.2836526192116    ,43.5424303540292    ,88.3866081300668    ,271.859983864127    ,282.637476504986    ,154.398228388661    ,0.00353896409846699 ,4.27045836559823    ,20.1901813476316    ,16.4389744825523    ,53003               ,mar                 ,1999                
34.5176461347674    ,0.113925650266651   ,217.146648923738    ,3.08838172003908    ,3.35465494188123    ,43.4331935713769    ,28.5113212625721    ,74.1778031852153    ,274.433886925765    ,288.731426663326    ,217.649501560962    ,0.00355008237147771 ,3.45228422310367    ,14.7680976847968    ,10.6763665367437    ,53017               ,apr                 ,1999                
21.0688493996373    ,0.614381715741766   ,182.908753995879    ,2.761423231379      ,2.98544428046593    ,30.8551820086853    ,34.0540533220394    ,81.6127535100162    ,273.517851169204    ,287.485392166029    ,200.446879553674    ,0.00383417494026538 ,3.49718226572421    ,17.5769829135535    ,13.057937353167     ,53063               ,apr                 ,1999                
35.9945996902098    ,0.104338399417549   ,190.653743245258    ,0.471124228500942   ,3.56515389445858    ,44.3488864419229    ,26.1866055282277    ,78.7954373385832    ,275.258875327195    ,290.54215711725     ,218.993896859336    ,0.00373604002118957 ,3.46350389143667    ,14.3757844394333    ,11.2415447859848    ,53025               ,apr                 ,1999                
28.6278563831631    ,0.323885085207892   ,190.789926867966    ,2.67843254985749    ,3.1329974053678     ,35.923903998403     ,30.5079399351668    ,84.4178865133815    ,273.264190047453    ,288.341120989548    ,211.170062990879    ,0.00375735947348077 ,3.39896239282218    ,16.4186907023215    ,12.8523769581991    ,53043               ,apr                 ,1999                
30.1949182669098    ,0.22337399628502    ,184.064820846635    ,1.03698035210741    ,3.30776656343466    ,38.9051639517718    ,27.9963834482938    ,83.9660425510425    ,274.225370466493    ,289.762184756624    ,218.557301753207    ,0.00378487153913214 ,3.18093726897991    ,15.6190066794839    ,12.4828677060839    ,53001               ,apr                 ,1999                
23.2088355503825    ,0.545690080196834   ,199.71879423458     ,2.54537869951304    ,3.05903506388851    ,32.6747709622851    ,34.1819150901495    ,82.4938876303878    ,274.137663577809    ,288.139132837632    ,207.103652192359    ,0.00395731330348873 ,3.46450837199828    ,16.983913342906     ,13.0395334442737    ,53075               ,apr                 ,1999                
31.1196882800228    ,0.168279078332468   ,201.458577603774    ,-1.89495790308485   ,3.4448232460939     ,40.3650031177814    ,28.4416759219536    ,83.6050596305652    ,275.757806110871    ,290.905630606627    ,221.367557873848    ,0.00404929224300222 ,3.24661641211846    ,15.0238823632705    ,12.4019286531668    ,53021               ,apr                 ,1999                
32.625653010643     ,0.111225966362676   ,202.447302153056    ,-2.03796919053916   ,3.52351065654256    ,41.1542145180749    ,28.0953250489997    ,83.8179778597529    ,276.009117114426    ,290.999290076562    ,222.459926087946    ,0.00405585597852691 ,3.41480889537278    ,14.8400434066558    ,12.3152165405849    ,53005               ,apr                 ,1999                
21.8508612936664    ,0.782048307467198   ,228.679431013134    ,2.29235808116309    ,2.91960621509493    ,30.2753749819276    ,38.18159070321      ,81.4076657968525    ,273.852464822015    ,286.665602566737    ,207.870929620873    ,0.00395974895743823 ,3.59152764504       ,17.719020937195     ,13.3616725737017    ,53023               ,apr                 ,1999                
20.6447557851742    ,1.01334656472489    ,201.935844449712    ,1.25641053602958    ,2.94913402146694    ,28.449860640662     ,37.6788148826746    ,80.637802302775     ,274.049448329533    ,286.814819732719    ,208.664160666208    ,0.00394389045836784 ,3.69794601947849    ,18.5189201780223    ,13.4681829109658    ,53013               ,apr                 ,1999                
25.9261474159543    ,0.587710914444835   ,202.568583421081    ,-1.48129964681963   ,3.28897654995686    ,34.4195375981531    ,33.0322106824012    ,81.6140114538715    ,275.819330111041    ,289.994577303424    ,209.719328293632    ,0.0041848910667083  ,3.55949977806752    ,16.6383795694284    ,12.8970363469628    ,53071               ,apr                 ,1999                
22.9528168777354    ,0.673554696988342   ,245.933212907785    ,3.0449328271722     ,2.99776681145322    ,33.2870448410656    ,37.9680385814676    ,79.0321231628566    ,274.232134374911    ,286.656392445065    ,205.593909445064    ,0.00393776102424905 ,3.88016167752934    ,16.433740475694     ,12.7971802315863    ,53003               ,apr                 ,1999                
31.5782112734415    ,0.587818849496249   ,236.377121101617    ,2.91522091038036    ,4.28658876785164    ,48.2439112156207    ,29.6493589523802    ,74.9528175765624    ,277.631987299487    ,291.2015382677      ,263.708217947227    ,0.00432645492890552 ,3.56062386453323    ,12.3526984073734    ,10.6900711770203    ,53017               ,may                 ,1999                
24.8922318479775    ,0.921698856511396   ,217.647399781159    ,2.33699522180277    ,3.95863860237188    ,37.5631157112701    ,34.8258402441305    ,82.9565110302448    ,276.402095055227    ,290.578505630411    ,253.564759290456    ,0.00472032093303812 ,3.72760044677501    ,15.0410601641807    ,12.596023758646     ,53063               ,may                 ,1999                
36.3935442933644    ,0.456455597261288   ,227.312642514245    ,0.00867066133737853 ,4.58793526820405    ,50.8185535591644    ,26.2407403024025    ,76.5164888460358    ,278.341280254713    ,293.271054900873    ,267.849863090049    ,0.00437245307669112 ,3.50965447692494    ,12.1785322136071    ,10.5120001156572    ,53025               ,may                 ,1999                
28.3719187258668    ,0.625646445259196   ,224.025540989095    ,2.49765927486222    ,4.10582945750468    ,40.1747242481661    ,31.0994959500179    ,85.7924235120217    ,276.142434744776    ,291.414004681301    ,259.283177913167    ,0.00458728658252723 ,3.58808854737856    ,14.4584569665244    ,12.5674627054664    ,53043               ,may                 ,1999                
31.2567970063877    ,0.473110118071383   ,217.265164000323    ,0.572562577179789   ,4.34962729838498    ,43.8125238622201    ,28.1299337547867    ,85.1395444442477    ,276.781687072139    ,292.907736955525    ,270.828801534921    ,0.00454994933630418 ,3.28461997946327    ,13.7624113884328    ,12.0629899744649    ,53001               ,may                 ,1999                
24.0328936025812    ,0.710588031144626   ,226.350262899227    ,2.07376943822001    ,4.1301159357165     ,37.9888302925009    ,34.3425485882406    ,84.185421413009     ,276.772867350569    ,291.50207496368     ,264.857260867848    ,0.00484621848754648 ,3.61800764490124    ,14.7234328657943    ,12.6739292101706    ,53075               ,may                 ,1999                
33.3847612546162    ,0.458445862591008   ,212.792902350899    ,-2.30944161491516   ,4.62750229570765    ,45.6682200443656    ,27.9632836760717    ,82.5166649522616    ,278.636273961978    ,294.101370704973    ,280.629005161408    ,0.00481315908301275 ,3.38642563210528    ,13.3852119540458    ,11.6458877604889    ,53021               ,may                 ,1999                
36.6380593842292    ,0.401158425180122   ,214.735269412557    ,-2.45353170153657   ,4.7923817493222     ,48.2790914198032    ,26.8863673374884    ,79.619699221664     ,279.322638137214    ,294.294776287396    ,282.446637488021    ,0.00473106305646582 ,3.54966567891043    ,12.9241475264838    ,11.0871801324008    ,53005               ,may                 ,1999                
21.3134822404561    ,1.18166523874438    ,240.318974268888    ,1.83308562818398    ,3.98539453219422    ,34.7286518982001    ,38.7798263199748    ,80.2334458070823    ,276.890147795206    ,289.957686414893    ,264.584197484427    ,0.00488906476914993 ,3.73492031097651    ,15.5821726036034    ,12.9522627860314    ,53023               ,may                 ,1999                
22.7534243968786    ,1.61024089607875    ,223.45595396008     ,0.736258539925435   ,4.02065693273111    ,32.9567261749658    ,38.2944449793747    ,80.6745167033049    ,277.005647744023    ,290.202149153923    ,263.959967783467    ,0.00487139474395996 ,3.93766146002338    ,16.5817462199243    ,13.3484207520391    ,53013               ,may                 ,1999                
28.9330656417064    ,1.0584193410793     ,218.521965015225    ,-1.75896752123903   ,4.5195114076247     ,39.5016058180984    ,32.1278417603788    ,79.9439134830382    ,278.919604085607    ,293.474321747026    ,270.094141898367    ,0.00501925329855574 ,3.79550503415133    ,14.9748056659603    ,12.2558310383297    ,53071               ,may                 ,1999                
24.1554210020232    ,0.946258696254447   ,250.340090737389    ,2.56135670503561    ,4.1039359203529     ,38.5916134026125    ,37.7777080396666    ,76.2121472346353    ,277.237396304905    ,290.064791836345    ,260.76629213639     ,0.00481414460461505 ,4.04603568448553    ,14.4183914861821    ,12.0178751925847    ,53003               ,may                 ,1999                
43.8211974808464    ,0.386976088163747   ,236.070355052597    ,2.34731928472677    ,5.281371502435      ,58.0324002813457    ,28.9228361274568    ,75.8160660427536    ,281.727710152872    ,296.441195607421    ,281.268186562016    ,0.00590195485939015 ,3.69101273644003    ,10.3501629450679    ,9.63957546213566    ,53017               ,jun                 ,1999                
28.6240116740182    ,1.45308136919017    ,207.503611268388    ,1.71635598928612    ,4.63428834578911    ,43.2005135243424    ,35.3352565722866    ,80.0072081638325    ,281.032046211962    ,294.843467933477    ,255.522764639193    ,0.00647239831640463 ,3.79286712381494    ,13.1859631151897    ,11.6713183941208    ,53063               ,jun                 ,1999                
47.4404702660589    ,0.307847317853928   ,229.482036142855    ,-0.608289452441636  ,5.76078269157665    ,61.1145733057472    ,25.9064295424985    ,75.021991873049     ,283.054164264872    ,298.374254557478    ,288.555135801549    ,0.00595915473066554 ,3.73370476324772    ,9.96966271330713    ,9.20212125346691    ,53025               ,jun                 ,1999                
34.8774918827777    ,0.911860799376891   ,216.634559763663    ,2.02908387962749    ,4.96264026012322    ,47.7621014522956    ,30.9457422063762    ,84.9763909254173    ,280.894246948534    ,296.166306391726    ,270.458629846687    ,0.00635926261921721 ,3.65586487510039    ,12.3935377929736    ,11.5315859777546    ,53043               ,jun                 ,1999                
36.9643362205438    ,0.514133084414539   ,218.099885576571    ,-0.102368874340598  ,5.32697011553456    ,51.4186788560782    ,28.0811364180265    ,84.4845331046278    ,281.546082494639    ,297.735414135194    ,279.331168667157    ,0.00624146007107919 ,3.55665927728017    ,11.6448754418545    ,10.9175942356288    ,53001               ,jun                 ,1999                
27.6603530477311    ,1.04465670864722    ,220.682920258765    ,1.50760458215779    ,4.76739941525927    ,42.227651660994     ,35.0396665758619    ,83.5611812838386    ,281.298307903215    ,295.703040449554    ,259.835151118858    ,0.00659627372605324 ,3.71281918203129    ,13.3656057386959    ,12.0710978076037    ,53075               ,jun                 ,1999                
44.3682479710686    ,0.189438347884287   ,214.594757394179    ,-2.85385972200296   ,5.72903751513897    ,57.489563515492     ,27.2207028974631    ,79.5232949706836    ,283.574666916285    ,298.917394111829    ,286.447035887302    ,0.00635843546876015 ,3.7567646111739     ,10.6382052134245    ,9.75348054836958    ,53021               ,jun                 ,1999                
51.8693054367424    ,0.133911276966539   ,217.59841237181     ,-2.98337223250015   ,6.08854548438531    ,62.8011589232751    ,25.6196981639787    ,74.2812020907506    ,284.413250843778    ,299.355692219029    ,296.303257847773    ,0.00618026774901074 ,4.00551519410968    ,9.86193838622678    ,8.8185909189181     ,53005               ,jun                 ,1999                
27.9401386109665    ,0.88409854514706    ,233.1926595368      ,1.28790191092816    ,4.63790293054551    ,42.459309674494     ,38.1485576576328    ,77.7760698859489    ,281.603052629743    ,294.409031437149    ,258.688348251248    ,0.00652526222616743 ,3.70496786018336    ,13.4317453514715    ,11.5860412871122    ,53023               ,jun                 ,1999                
31.3806405575911    ,0.796605974748523   ,221.51787278207     ,0.0461530544149834  ,4.84070312051041    ,44.6704594816837    ,36.3317883811072    ,77.2202982055371    ,281.772101330716    ,294.96789145478     ,259.688480484382    ,0.00642865493728651 ,4.01856102464919    ,13.1609677547768    ,11.1772296159887    ,53013               ,jun                 ,1999                
41.840650327097     ,0.379661795582754   ,218.327222717616    ,-2.37791225163715   ,5.54531400404002    ,54.1696258542337    ,29.7448277176234    ,76.814837613403     ,283.708944338253    ,298.411719614251    ,270.298695127492    ,0.00650535230417572 ,3.99694779310123    ,11.361380587813     ,9.9197114746745     ,53071               ,jun                 ,1999                
28.6863113288558    ,1.00319150035381    ,243.088629726844    ,1.90681784939012    ,4.65954910042512    ,43.0535470366188    ,38.6040585548048    ,76.5833634304594    ,281.848503576868    ,294.483969286991    ,254.84656078682     ,0.00657594716442645 ,3.83825564340953    ,13.1534621674939    ,11.613268933563     ,53003               ,jun                 ,1999                
43.3216526924981    ,0.234631708317278   ,210.19338228561     ,1.92757874763398    ,6.09153465073727    ,60.4474279098371    ,24.6749767668817    ,71.4864856075509    ,284.716169234743    ,301.260003208896    ,306.457546059333    ,0.0064236831660561  ,3.20653464674753    ,10.2760307785739    ,8.99873682609092    ,53017               ,jul                 ,1999                
36.9282678560743    ,0.241515865583597   ,177.899682238308    ,1.43741205422228    ,5.72847642416065    ,50.8685134603809    ,27.0150450183686    ,80.8014684359762    ,282.388854519668    ,300.549559496608    ,304.843072759017    ,0.00669491359692259 ,3.13558067796464    ,12.4257146873852    ,10.5584828190879    ,53063               ,jul                 ,1999                
49.4257701172246    ,0.149173072971236   ,214.907071786849    ,-0.818433846851713  ,6.43040379977644    ,64.2432932004745    ,22.662165654467     ,71.6610006503482    ,285.505409131391    ,302.9395916761      ,315.007425733745    ,0.00640630674872875 ,3.18684047956178    ,9.82789354597952    ,8.81079541466361    ,53025               ,jul                 ,1999                
38.339652892606     ,0.276400044907465   ,190.812437778358    ,2.0343438851141     ,5.91650369995341    ,51.9548768767382    ,24.295648688853     ,82.4332552340172    ,282.523666780075    ,301.357544671306    ,305.87294998304     ,0.00645919747563005 ,3.11302941598429    ,12.2992042780418    ,10.5288962380276    ,53043               ,jul                 ,1999                
43.4548702968265    ,0.0954690034311788  ,210.211534995051    ,-0.262381915579189  ,6.14566826373022    ,57.5550119373756    ,22.9043840643592    ,79.1925824152386    ,283.808602207987    ,302.863232610582    ,312.232838432607    ,0.00645222378246833 ,2.96619085179304    ,11.2444173881798    ,9.86671625993776    ,53001               ,jul                 ,1999                
39.8535872015961    ,0.123361152621834   ,201.535066439675    ,1.37376023967093    ,6.00998138155385    ,52.9426251750562    ,25.3522809559209    ,79.5427268521564    ,283.030916732991    ,301.783408910762    ,309.660827306642    ,0.00659370732573223 ,3.19905423986844    ,12.2005374619631    ,10.2952974935818    ,53075               ,jul                 ,1999                
48.4628819039597    ,0.0623180090650805  ,213.147895609667    ,-3.01977079312007   ,6.40563392269404    ,61.9036647488994    ,23.8988476081167    ,75.5783173511401    ,285.763181893701    ,303.501419074955    ,318.343134712995    ,0.0067753959666688  ,3.18887717050151    ,10.2420968423706    ,9.4365468736322     ,53021               ,jul                 ,1999                
52.3048036990474    ,0.0553429927012067  ,215.306733554847    ,-3.20050222269412   ,6.60724233761842    ,66.3564246092664    ,22.800072205251     ,70.8964089883104    ,286.400980665975    ,303.656235284399    ,321.254769890471    ,0.00657143544654662 ,3.34638245266388    ,9.40904778673303    ,8.72189785640507    ,53005               ,jul                 ,1999                
45.0994737897932    ,0.145322115187582   ,215.175453667554    ,0.858038756271388   ,6.17539469848484    ,61.6076033704387    ,22.8887240787805    ,61.6433521703354    ,284.120548313258    ,300.823354495978    ,310.901957358083    ,0.00564353946808455 ,3.30176996891567    ,10.6632944038076    ,7.96001475231367    ,53023               ,jul                 ,1999                
48.0912005849666    ,0.108567479454543   ,207.122555841447    ,-0.478494391801002  ,6.21717577575731    ,62.7255563090086    ,22.6500903971794    ,61.4067207224324    ,284.12827082877     ,300.928458380188    ,309.154381282828    ,0.00557177396636035 ,3.43312592488087    ,10.5537453801864    ,7.89946608280858    ,53013               ,jul                 ,1999                
50.0344641108477    ,0.060872060026697   ,209.679294381942    ,-2.70484845078775   ,6.47972285028458    ,63.3007794639553    ,22.8570134410263    ,70.3475244343515    ,285.800242266191    ,303.56610422362     ,310.59365668248     ,0.00641611658675176 ,3.35923757469157    ,10.172586034109     ,8.77078696082591    ,53071               ,jul                 ,1999                
44.0909200967522    ,0.239996343972137   ,223.793734940973    ,1.39523554102058    ,6.26693219315565    ,61.0591076077757    ,23.0809134766723    ,60.9974506001824    ,284.036025235702    ,301.163498937985    ,310.396058438496    ,0.00574742112518601 ,3.40622193846445    ,10.6355401781382    ,7.92926857245229    ,53003               ,jul                 ,1999                
35.838668470277     ,0.558982004068741   ,193.585782732946    ,1.74631407490772    ,5.23148787391672    ,56.1552723844034    ,28.1346014166446    ,78.6468299017938    ,286.726058055127    ,302.074967697697    ,255.708878520716    ,0.00808176669576302 ,3.01260721837424    ,10.3238202182016    ,10.5664944898335    ,53017               ,aug                 ,1999                
29.1495093767184    ,0.910790736776337   ,155.79156299226     ,1.41993521508716    ,4.98828023327883    ,44.7790250010509    ,29.68300016792      ,87.7777499066041    ,285.007614744657    ,301.529955302445    ,248.756450883851    ,0.00840948596170276 ,3.20941104433889    ,12.8401555286598    ,12.5773922341608    ,53063               ,aug                 ,1999                
42.0064951351289    ,0.27576071266677    ,188.720711581172    ,-0.825164726332039  ,5.47534420588405    ,59.9825574549019    ,26.4729795806875    ,79.4219945659121    ,287.077582547664    ,303.443640640816    ,260.936809592324    ,0.00810642297617323 ,3.11449585231702    ,9.83467875313223    ,10.2811519012647    ,53025               ,aug                 ,1999                
34.5155166543759    ,0.514347239761491   ,167.940008925165    ,1.9456409614714     ,5.17022387222785    ,51.1942367637412    ,26.4090204148583    ,85.3455033360677    ,285.1929948463      ,302.421482481778    ,251.292655788289    ,0.00794934272055271 ,3.0919827664685     ,11.6567253880343    ,11.47988868973      ,53043               ,aug                 ,1999                
34.7632778808573    ,0.404105141197663   ,186.401708838217    ,-0.173495529166137  ,5.21960488550433    ,54.5056765517815    ,25.5618209389312    ,82.0390332581012    ,286.076815478847    ,303.545825259061    ,254.699868654497    ,0.00794746929842747 ,2.86689603271133    ,10.9111008473978    ,10.8453194441885    ,53001               ,aug                 ,1999                
27.7828033328149    ,0.868258840131805   ,182.372382928829    ,1.52333668611505    ,5.04874416043682    ,47.2008750751937    ,27.280528627211     ,84.9597000268288    ,285.486554526052    ,302.543051508808    ,249.674315841646    ,0.00816789427367472 ,3.00900936566449    ,12.3026831078032    ,11.9556996096696    ,53075               ,aug                 ,1999                
38.7421952304247    ,0.280594719056197   ,204.529019630281    ,-2.79718495148879   ,5.27513895626399    ,57.7501362760369    ,27.7915580815772    ,79.8303625248798    ,287.811295407582    ,303.75238502067     ,260.168042148372    ,0.00847121329941133 ,2.94424480046365    ,10.2698318613966    ,10.5745352318506    ,53021               ,aug                 ,1999                
43.0944240509879    ,0.198376813425613   ,205.69356165738     ,-2.97352851554017   ,5.46025453250493    ,60.4386516197148    ,27.4204783939319    ,78.9347407862894    ,287.90034738691     ,303.672549647306    ,262.190171322037    ,0.00836843363159873 ,3.19078549912786    ,9.7365547879367     ,10.2754210914722    ,53005               ,aug                 ,1999                
30.3011656445354    ,1.25468803209909    ,202.387880283483    ,0.922537666130387   ,5.0487742533165     ,51.6140109113595    ,26.9067754669052    ,76.729055225049     ,286.088331717428    ,301.187389159007    ,257.859930712196    ,0.00763259715143781 ,2.93251813788424    ,11.4461585045625    ,11.0033437915279    ,53023               ,aug                 ,1999                
33.396265457062     ,1.1766517456626     ,208.876962264422    ,-0.632935042078582  ,5.0790426051812     ,53.7767544672147    ,27.2406564608475    ,75.6331230553999    ,286.126145465775    ,301.171448289935    ,259.612985370329    ,0.00760912305949606 ,3.06681521899031    ,11.0690405371221    ,10.8064040180961    ,53013               ,aug                 ,1999                
35.4605862639514    ,0.622356253609925   ,199.476357220282    ,-2.6359757412538    ,5.317936755496      ,56.5433690070856    ,27.1281235347481    ,77.9713806494496    ,287.65672996555     ,303.531338071185    ,257.45241962666     ,0.00825566858057604 ,3.05784725425767    ,10.3189631628296    ,10.5552639514169    ,53071               ,aug                 ,1999                
29.1117989105223    ,1.38406276605429    ,205.066376018586    ,1.43604758592128    ,5.15446561643705    ,50.7841649880711    ,26.3645363554608    ,76.6786345016375    ,286.174608417868    ,301.416502961333    ,259.606273262198    ,0.00761300344164859 ,2.99354296935315    ,11.6081241699059    ,10.9948962568984    ,53003               ,aug                 ,1999                
45.7082713565087    ,0.00200226728780143 ,170.578726534007    ,1.69057698449771    ,3.66744626399535    ,57.2209802714962    ,24.1526534854241    ,75.2014819838394    ,280.094046522279    ,296.664031072104    ,193.027054160667    ,0.0049231888358385  ,3.13153233622391    ,11.042887554143     ,10.6647084121327    ,53017               ,sep                 ,1999                
37.8015559178375    ,0.0818869951225863  ,153.33084590595     ,1.15712219076618    ,3.61133593516509    ,48.2374764559358    ,24.3900604991082    ,84.2000443722339    ,277.404122627977    ,296.226526763205    ,187.661784123167    ,0.00480274059071386 ,3.19619472804644    ,12.7843602641375    ,12.4701508683395    ,53063               ,sep                 ,1999                
47.8267627677593    ,0.000323533140248908,154.292995579299    ,-0.849600234903772  ,3.93509035946609    ,60.3515939688116    ,21.7220583651576    ,74.4766570394029    ,280.316221487544    ,298.33536845875     ,199.943596434259    ,0.00477156769601335 ,3.05764214743898    ,10.4247914223029    ,10.3479413554844    ,53025               ,sep                 ,1999                
43.0668573944399    ,0.00482252986661574 ,150.279586478885    ,1.71485810771336    ,3.70860581680623    ,53.6110735948634    ,22.1035003002807    ,80.8098405302377    ,278.136174247942    ,296.930827259923    ,190.556083151454    ,0.00459862525432979 ,3.10029462044829    ,11.8222845759578    ,11.5389375511388    ,53043               ,sep                 ,1999                
44.5864481146289    ,0.0028270032858154  ,146.709707397237    ,-0.308925533905597  ,3.73082134313775    ,58.5865246791894    ,20.9584431988462    ,76.616532601372     ,279.240847708366    ,298.139927889032    ,196.632251019191    ,0.00456770709463384 ,2.75502350745934    ,10.8106462678117    ,10.6515862870922    ,53001               ,sep                 ,1999                
42.409103170659     ,0.0278634171352133  ,173.026046180436    ,1.41390350161383    ,3.81510830267738    ,53.4012254007377    ,21.5497926849664    ,79.6803994665707    ,278.318652794931    ,297.383050056009    ,192.51203609661     ,0.00456157008878083 ,3.17420821609217    ,11.9498097628425    ,11.4034085643619    ,53075               ,sep                 ,1999                
44.4245567642378    ,0.00447232039119953 ,172.399430940984    ,-2.67132282578028   ,3.80492462564737    ,58.2414205560929    ,22.7521975793594    ,77.0650040690104    ,280.782950791579    ,298.910958576691    ,203.131357735854    ,0.00506339591745741 ,2.77658137154885    ,10.7686721277237    ,10.8625270260909    ,53021               ,sep                 ,1999                
45.7670383186926    ,0.000331501041114683,171.62429851581     ,-2.92613982613505   ,3.88359838574831    ,59.538345416481     ,22.7918358072962    ,76.5286227331594    ,281.036129077558    ,298.926807638315    ,209.083254438321    ,0.0050928188373883  ,2.827979778253      ,10.4729949171491    ,10.7666765291545    ,53005               ,sep                 ,1999                
50.4639327719169    ,0.0234375866920558  ,205.29339531557     ,0.873178507286214   ,3.92023213600767    ,63.3251640114478    ,20.5884109365767    ,64.4564820978706    ,280.017891934792    ,296.081248512031    ,197.690883155491    ,0.00417329220100755 ,3.33442175479656    ,10.167295428981     ,8.87632645889345    ,53023               ,sep                 ,1999                
48.7255605539767    ,0.0372736983703381  ,176.12072194125     ,-0.554879875869911  ,3.83165595356707    ,62.0258235931396    ,20.7981096911805    ,66.2788842286115    ,279.903220043881    ,296.202213288685    ,199.380957196354    ,0.00425136244439733 ,3.23927216331164    ,10.3419476895224    ,9.21880362166992    ,53013               ,sep                 ,1999                
46.1927046781718    ,0.0138429531681182  ,173.166406384005    ,-2.46483483909046   ,3.95437742536307    ,58.2907504869993    ,21.9534082026339    ,75.1356649533197    ,280.734984268147    ,298.726087438899    ,199.473815842502    ,0.00491953386403343 ,3.10180475396031    ,10.8828897499457    ,10.5804469287557    ,53071               ,sep                 ,1999                
54.2933664063601    ,0.0238360159588556  ,230.634926744766    ,1.37330851517618    ,4.17400897668806    ,65.4518695023808    ,19.6649592714008    ,60.9958640435026    ,280.300541189523    ,296.367311526853    ,198.591386933338    ,0.00405385836025863 ,3.68310013427932    ,9.89290531708376    ,8.28355155623452    ,53003               ,sep                 ,1999                
32.468619983084     ,0.368300450855239   ,182.5488627421      ,1.0201736809577     ,1.81675570256896    ,43.518503818706     ,34.4376282228013    ,85.7980913845998    ,274.847574083922    ,287.75061822972     ,118.94526764986     ,0.00418439553692239 ,3.35192974499853    ,12.6779294807946    ,14.5828842005619    ,53017               ,oct                 ,1999                
25.9683932120807    ,1.06791670807506    ,163.500987757549    ,0.141620397779113   ,1.76654252829546    ,35.7985562352482    ,34.8207277291802    ,89.1011861297521    ,274.183529025445    ,287.991140306317    ,113.981590900109    ,0.00433073928190686 ,3.51087703007274    ,14.6792235701256    ,16.0944834416585    ,53063               ,oct                 ,1999                
35.5681099965434    ,0.294211951230861   ,159.111646968331    ,-1.35124479050792   ,2.01171337001383    ,47.6142598872773    ,30.7061877083355    ,83.3491350262698    ,275.409478146787    ,289.472894537988    ,123.129268101717    ,0.00414408049253857 ,3.31774586469362    ,11.9259987772513    ,13.7231794547       ,53025               ,oct                 ,1999                
31.0000478009193    ,0.542587457748      ,159.722985773859    ,0.939868882630397   ,1.85832065265617    ,40.7306655325344    ,31.9382943642296    ,88.4979261427244    ,273.96689471733     ,288.443922736682    ,116.879896916219    ,0.00413978319021514 ,3.44376457744772    ,13.5087284658181    ,15.3654852923       ,53043               ,oct                 ,1999                
31.9535358611929    ,0.517089395500373   ,149.896220261745    ,-0.950332438567904  ,1.91240817603997    ,46.0389381413628    ,30.4914629557446    ,83.4591327467669    ,275.147843761181    ,289.685122166161    ,122.052954076564    ,0.00417654116363231 ,3.05022134479197    ,12.2672353186617    ,13.9216370280233    ,53001               ,oct                 ,1999                
28.2703402703739    ,1.06444868465276    ,167.088894964956    ,0.830279494740215   ,2.01209349225323    ,41.3593167316574    ,31.5426513371477    ,83.6903039361132    ,275.215348591814    ,289.53519772032     ,119.460215311792    ,0.00426099211304489 ,3.46748517277119    ,13.4266933562769    ,14.5307820975939    ,53075               ,oct                 ,1999                
33.945008482053     ,0.49622087298659    ,166.464931955179    ,-2.88771693171599   ,1.96256932446886    ,46.9261529965081    ,32.4037026937783    ,82.164370720913     ,276.57859252854     ,290.370721314385    ,126.468655651083    ,0.00448080845137887 ,3.08245087160958    ,12.1852830729473    ,13.6887773455225    ,53021               ,oct                 ,1999                
33.7387853772733    ,0.548835291090793   ,161.800406409973    ,-3.11524183698425   ,2.00997721572929    ,46.2162160144368    ,32.5644330172895    ,83.4387073014433    ,276.566121958576    ,290.371675148018    ,130.738795843123    ,0.00449059700154845 ,3.10571049025243    ,12.3039206925593    ,13.9811972185136    ,53005               ,oct                 ,1999                
33.6289776507634    ,1.3392750227981     ,181.949921841278    ,0.106343950811141   ,2.16012376410716    ,50.0270121264281    ,30.4797004368376    ,73.347440580117     ,276.330551098545    ,288.878284274732    ,125.250328656309    ,0.00395972646492354 ,3.52854620554098    ,11.4831942428068    ,12.478914325019     ,53023               ,oct                 ,1999                
33.2523270543694    ,1.469580447742      ,169.185553708243    ,-1.21980203772419   ,2.11385470032793    ,49.0039921253039    ,31.0474480669395    ,74.6752120174079    ,276.188010791894    ,288.906584920241    ,127.755064347893    ,0.00404907404059354 ,3.65437343904364    ,11.7034498760576    ,12.7685792254065    ,53013               ,oct                 ,1999                
33.2738441188841    ,1.00388136495138    ,166.646679090564    ,-2.74167699607084   ,2.11585034188513    ,45.9743053521067    ,31.7931027373647    ,81.3817929393689    ,276.493097288791    ,290.585090555171    ,124.85032281693     ,0.00445036460809022 ,3.51629274228474    ,12.4388343368088    ,13.8065260723448    ,53071               ,oct                 ,1999                
37.7668216089253    ,1.25832674566903    ,205.964233533337    ,0.75730253983042    ,2.387681134096      ,52.8474182118128    ,29.2970266245606    ,69.4636937856169    ,276.661837569511    ,288.875893654137    ,129.032747731704    ,0.00376732736414885 ,3.95139816681974    ,11.0067819164645    ,11.7575251418393    ,53003               ,oct                 ,1999                
9.18113678307352    ,1.19752853565532    ,171.825039005729    ,0.62788583136746    ,0.62431741273039    ,16.3955317078514    ,58.0115396218587    ,95.6684166616078    ,274.253510364625    ,281.096800914672    ,53.7764673831114    ,0.00476114183630014 ,3.06432694366464    ,19.1005751510836    ,20.627078320888     ,53017               ,nov                 ,1999                
5.63164154825998    ,2.53263675412451    ,178.467080343724    ,-0.374657793161143  ,0.684012490318448   ,10.1340692526369    ,58.990508941604     ,97.3640851106808    ,274.541459839733    ,282.335756772243    ,58.0078455365538    ,0.00508816730360318 ,3.55648373220467    ,21.8163285463173    ,21.8794741290439    ,53063               ,nov                 ,1999                
15.2315999647957    ,0.747136879194072   ,170.996838428893    ,-1.64169957151774   ,0.816990086100746   ,21.5035337113811    ,51.518397222097     ,95.8155935363026    ,275.286492963625    ,283.584033745226    ,57.3608067226584    ,0.00497380675886185 ,3.23313824436346    ,17.7681452141819    ,19.6206843394757    ,53025               ,nov                 ,1999                
9.68902645519529    ,1.52327516003021    ,175.530833109732    ,0.215674949180136   ,0.691843686173407   ,14.7003314977333    ,55.8305383233106    ,97.6468845588969    ,274.458150567758    ,282.371416117107    ,58.3378249633473    ,0.00502159050865841 ,3.48592415429717    ,20.0544609618358    ,21.1001715331582    ,53043               ,nov                 ,1999                
11.724804018221     ,0.965081846182991   ,168.605405461982    ,-1.44201660857188   ,0.81339098118822    ,19.1943582216443    ,51.4797270705616    ,96.7467599065393    ,275.409344441615    ,284.202122551482    ,60.6292174811122    ,0.00511169593752101 ,2.97798594254591    ,18.4687580774029    ,20.0484154064084    ,53001               ,nov                 ,1999                
8.1218435334184     ,1.98344949086159    ,181.785322554644    ,0.317460240803513   ,0.99751127821733    ,16.3450555030151    ,50.4329378822177    ,94.6988900188371    ,275.654677152746    ,284.537078059178    ,62.5259288638994    ,0.00507071248594416 ,3.65974953098391    ,19.5416571613387    ,20.0301481180752    ,53075               ,nov                 ,1999                
14.7806583125275    ,0.607048471346498   ,178.611591531626    ,-2.88294829496971   ,0.921441043347884   ,21.5989667524436    ,51.0906211694082    ,95.8992239507039    ,276.55438299717     ,285.385067803799    ,59.653124086918     ,0.005279376590117   ,3.01857892630956    ,17.9069720275585    ,19.4492465033898    ,53021               ,nov                 ,1999                
14.4880248116508    ,0.63624409026369    ,174.377514016734    ,-2.92041180249032   ,0.916756736096252   ,21.0162190793299    ,50.1892806515891    ,96.0657569140372    ,276.331949931489    ,285.483694576888    ,62.0917140037115    ,0.00525671042975165 ,2.93526016592215    ,18.206601314808     ,19.5442071477337    ,53005               ,nov                 ,1999                
12.6868418752271    ,2.76021765038896    ,193.838033776451    ,-0.488198996114681  ,1.163983937683      ,21.5230583532761    ,47.8467157022306    ,90.5400134226797    ,275.894821489227    ,284.772548787688    ,65.0882667269025    ,0.00491115481307823 ,3.84318810634732    ,18.0028938866057    ,18.8030312227166    ,53023               ,nov                 ,1999                
11.368629013684     ,3.54578219979065    ,192.752988879884    ,-1.54129051660264   ,1.12588012394533    ,19.4686849329133    ,49.2888334597176    ,90.4859336180629    ,275.805660278427    ,284.508516859551    ,67.0734827312915    ,0.0049003252525323  ,4.07692132556834    ,18.7932352918189    ,19.2416697781748    ,53013               ,nov                 ,1999                
13.3858084320701    ,1.55565502122751    ,188.69988096274     ,-2.75361603490382   ,1.09124660931709    ,19.9362299477899    ,50.4967192900536    ,93.9410875858007    ,276.66985633664     ,285.718705418698    ,60.8825134977739    ,0.00524482448657263 ,3.78499518535971    ,18.6443430748089    ,19.4015349992892    ,53071               ,nov                 ,1999                
18.725396777373     ,1.94027210616228    ,210.137728633092    ,-0.0878171462547533 ,1.30303710363352    ,26.5848524700779    ,47.9845751922496    ,87.9002998444866    ,276.202419331126    ,284.622846673005    ,68.0107081018805    ,0.00479353849100257 ,4.38073554018698    ,16.4987860610015    ,17.6692993987796    ,53003               ,nov                 ,1999                
8.27982979017743    ,0.837152149481406   ,191.722591787369    ,0.509673703400697   ,0.301407033972741   ,8.63944603899805    ,71.7915053447302    ,95.8027749304073    ,269.752191123722    ,275.614630861788    ,48.3839479260475    ,0.00348534989793076 ,2.76573012249489    ,22.8974819738589    ,22.2493164301561    ,53017               ,dec                 ,1999                
3.88280559092196    ,2.47463073364435    ,183.793330958452    ,-0.320221236790884  ,0.257303146382814   ,2.09303223940088    ,80.7306581429556    ,96.8614355866066    ,270.240771954352    ,275.362420586274    ,45.7670679694372    ,0.00375426389874273 ,3.40526971916056    ,26.765159267012     ,24.2779087957519    ,53063               ,dec                 ,1999                
13.3431986344188    ,0.542701600969637   ,184.99715449845     ,-1.84280426583978   ,0.438691714807162   ,14.1456191275919    ,66.8276414312145    ,94.5647716510594    ,271.201841755367    ,277.625155887918    ,49.4402823398783    ,0.00372282797574973 ,2.9566854545405     ,21.0738900921535    ,20.9753530193726    ,53025               ,dec                 ,1999                
7.99692346201291    ,1.30632581247481    ,181.464358257621    ,0.148491536398521   ,0.306990910224628   ,6.17984899375767    ,75.9159542651241    ,96.7960164606524    ,270.007089969025    ,275.845505928519    ,46.2979184256154    ,0.00368899001935149 ,3.22149508290568    ,24.2335769261836    ,23.1439283747282    ,53043               ,dec                 ,1999                
9.72456739284952    ,0.947729603434373   ,170.16708983348     ,-1.59238424661294   ,0.379227044790073   ,9.81879198739102    ,71.9359916508482    ,95.9666538121935    ,271.420197295414    ,277.207845406227    ,45.6895202966451    ,0.00388270311031772 ,2.84835317875076    ,22.5472784622579    ,22.0562458337093    ,53001               ,dec                 ,1999                
4.52017942778803    ,2.16362233554278    ,183.52767553595     ,0.269027313823428   ,0.421006443436527   ,4.25658336458151    ,73.6168508137722    ,95.8347774733001    ,271.473012636671    ,276.611801839193    ,43.8185406409619    ,0.00383787484384854 ,3.56227070627493    ,25.0555101932451    ,23.0716919683569    ,53075               ,dec                 ,1999                
12.4625529021386    ,0.661624983595923   ,187.357486590268    ,-3.13126835089463   ,0.551810546748173   ,14.683272717916     ,66.6143328177623    ,93.606884635534     ,272.894304355719    ,278.856850312062    ,45.1287854832869    ,0.00401939547635639 ,3.10254233497076    ,20.7584071648427    ,20.4654046025643    ,53021               ,dec                 ,1999                
14.9186136995741    ,0.423345046863695   ,187.357043168189    ,-3.24077648735611   ,0.624012679967449   ,16.6690607234364    ,62.5167400636617    ,93.9920496498574    ,272.720486105593    ,279.495914272632    ,48.6209619094164    ,0.00400795246953424 ,3.03950818594861    ,20.2192122673847    ,20.1074078940781    ,53005               ,dec                 ,1999                
5.30769252380728    ,2.32741594834959    ,201.55502855368     ,-0.52688989984103   ,0.512684138699224   ,5.93113257466193    ,66.9309533812244    ,94.3693259418875    ,271.265026141496    ,277.081458738971    ,46.335521285529     ,0.00371949026502349 ,3.88204632681596    ,24.7889848454398    ,22.1895360538925    ,53023               ,dec                 ,1999                
6.05844324219177    ,2.95982924356676    ,191.329835167314    ,-1.45791600028258   ,0.53560170972424    ,6.50988540457597    ,65.2737480216833    ,93.7223724265373    ,271.476079363598    ,277.271264834845    ,49.8099928503885    ,0.00372741145984291 ,4.30557107594105    ,25.6266855414625    ,22.0366367661308    ,53013               ,dec                 ,1999                
10.0340294996493    ,1.3571161211708     ,195.540287724086    ,-2.79695203100763   ,0.651866807283316   ,11.5571586370734    ,64.8257456378885    ,93.1309799669881    ,273.108713053882    ,279.017581433139    ,45.3437946516001    ,0.00402876973719409 ,4.06818542947493    ,22.4869428208204    ,20.7553045094498    ,53071               ,dec                 ,1999                
9.50395194283633    ,1.38506403054562    ,225.67997644986     ,-0.189965882654689  ,0.560773544892705   ,11.436426960244     ,66.8962624375838    ,91.7498243939848    ,271.336466341413    ,276.886944335046    ,48.99140616345      ,0.00362897808431283 ,4.69155534315863    ,22.1364764742608    ,20.6763852397891    ,53003               ,dec                 ,1999                
