bi,pr,th,pdsi,pet,erc,rmin,rmax,tmmn,tmmx,srad,sph,vs,fm1000,fm100,countyfips,month,year
10.7351381872558   ,0.427079063274056  ,181.236860552592   ,-0.716328871619669 ,0.42349186525819   ,10.9201442579667   ,63.0632208291888   ,94.8831310575708   ,270.573573566314   ,277.489572941454   ,66.1187139642455   ,0.003471162053888  ,2.25830191009232   ,23.3134339454226   ,21.1255463246998   ,53017              ,jan                ,1994               
7.48501505032404   ,0.94696849180638   ,183.182789853092   ,-2.10358512486126  ,0.469151451694275  ,6.51086086613016   ,67.6906210626968   ,94.7787134907552   ,271.909160019685   ,277.990860318983   ,54.7279068268635   ,0.00392307978427871,2.78706069888642   ,25.4749882158806   ,21.9190887879806   ,53063              ,jan                ,1994               
12.0495175864377   ,0.365465784423738  ,170.975701863704   ,-0.871117833650405 ,0.524615592518603  ,12.9655330686569   ,60.5776507417049   ,93.871171571444    ,271.531557508197   ,279.096968806324   ,60.9259427852308   ,0.00360514822411147,2.2265190389606    ,22.5492307154885   ,20.5000045965561   ,53025              ,jan                ,1994               
9.78352040954551   ,0.606188750861888  ,182.816054666448   ,-1.57732716778867  ,0.498220560585381  ,9.34565860331835   ,63.8872427694039   ,94.1292669396265   ,271.460992090494   ,277.964463653553   ,56.8676082979073   ,0.00367755550556031,2.58581654086969   ,24.258304913129    ,21.1267170273539   ,53043              ,jan                ,1994               
9.73284497015193   ,0.491367582584094  ,164.246271070457   ,-1.69998953682873  ,0.533030234298597  ,10.3464041679618   ,61.7223713844229   ,95.0414269628295   ,272.285267292632   ,279.90825039918    ,56.2974066918984   ,0.00392747113099132,2.15415565964144   ,23.6210328469778   ,21.0876230167939   ,53001              ,jan                ,1994               
9.83595844577644   ,0.806714149354913  ,180.705802961264   ,-1.93157641981162  ,0.687741514582335  ,10.7711872276895   ,59.2444899829379   ,91.8439996543464   ,272.994318173606   ,280.182456790121   ,55.3217308317326   ,0.00401061358764428,2.91221275056336   ,23.70874613818     ,20.2223415546309   ,53075              ,jan                ,1994               
10.7724994961134   ,0.517494592055789  ,186.413437003947   ,-1.53147672063265  ,0.643994388840261  ,12.7352208702919   ,60.5390826142455   ,93.8554821487692   ,273.453574433812   ,281.385011677706   ,56.3698014456936   ,0.00414321548253455,2.35507113368576   ,22.3377184882058   ,20.4913381335161   ,53021              ,jan                ,1994               
11.0173488245049   ,0.551732796567149  ,193.474629150317   ,-1.82587602442839  ,0.6264388909957    ,12.2788903980669   ,59.9606470192496   ,95.6553372151753   ,272.753359273818   ,280.823534399573   ,60.5234543070763   ,0.00402367129423232,2.25746600922339   ,22.517106324622    ,20.9863971560755   ,53005              ,jan                ,1994               
11.4648348862631   ,1.0960778468964    ,199.69872820566    ,-1.98839853275143  ,0.793073511462822  ,13.4899797207379   ,54.4640638706465   ,90.0032317055129   ,272.708175552176   ,280.360428045995   ,57.856808362803    ,0.00391696081177922,3.15415750449608   ,22.609567392663    ,19.5860504579554   ,53023              ,jan                ,1994               
9.92754433484021   ,1.66267888007578   ,194.006751635453   ,-2.0713207730032   ,0.754721698269885  ,11.3669662154632   ,55.5727836787348   ,90.9914869853843   ,272.620530878243   ,280.226385185191   ,62.4027917113302   ,0.00395729033316705,3.40565444319419   ,23.6964473096206   ,20.172078012957    ,53013              ,jan                ,1994               
11.1519935822742   ,0.906519298333017  ,196.365056665713   ,-0.781222361859267 ,0.787561921176637  ,12.3521538541348   ,57.2028256838258   ,92.4624289921066   ,273.845971048207   ,281.759224352173   ,57.8373815407442   ,0.00419037486359364,3.17126995427869   ,22.9795663845123   ,20.1582243949636   ,53071              ,jan                ,1994               
15.98483994978     ,0.614296108798949  ,222.311362313809   ,-1.87013103434059  ,0.896508528459541  ,18.678822348315    ,53.2148173444266   ,88.5038877774161   ,272.557363691121   ,279.992556258261   ,60.2954872421919   ,0.00376051600951706,3.76141453082628   ,20.2534398866424   ,18.6164320849631   ,53003              ,jan                ,1994               
16.0509170676419   ,0.764648532114278  ,163.504815846296   ,-1.77197295373769  ,0.923134185416817  ,20.9033979388054   ,52.2679885416982   ,85.300644971152    ,268.685912117942   ,276.220828769112   ,87.5515285505898   ,0.00275680372270326,3.11899805546071   ,19.6372560097889   ,16.8351733946644   ,53017              ,feb                ,1994               
9.5025085929706    ,0.998875642938926  ,166.780316502335   ,-2.64684053926362  ,0.852071760876628  ,14.9284563391028   ,58.4156906301438   ,88.3484901829072   ,268.143051245189   ,275.927376767422   ,80.4694056098895   ,0.00292134070100183,3.32211184352183   ,21.2471282253356   ,18.1157127971293   ,53063              ,feb                ,1994               
19.9411004675784   ,0.460570155324328  ,156.738401042401   ,-1.86984963714168  ,1.10130529701087   ,25.3327501639588   ,49.2792074801125   ,82.4906007884283   ,270.092777145597   ,278.204786105889   ,86.7692918205859   ,0.00288455805381242,3.19036652120139   ,18.3774858679837   ,15.5662833182611   ,53025              ,feb                ,1994               
15.3687109024809   ,0.596762206430724  ,160.773536438914   ,-2.11332745156595  ,0.929042932841301  ,19.2432461671361   ,55.1258705963749   ,87.5394568106765   ,268.701405305079   ,276.401576526328   ,82.7106032675539   ,0.00288306321141679,3.29176713957585   ,20.0555071964062   ,17.3981319293202   ,53043              ,feb                ,1994               
16.048329141688    ,0.401067129644181  ,151.259100369748   ,-2.08758166406763  ,1.03528178467236   ,22.7074572609137   ,51.091887613715    ,84.9526762491945   ,270.005272211425   ,278.380488617031   ,85.6010647066002   ,0.0029981649000946 ,2.81990021257995   ,19.0214378461943   ,16.1885130469349   ,53001              ,feb                ,1994               
11.48887832155     ,0.753527583878276  ,170.190099771428   ,-2.46305628954196  ,1.04557916129337   ,19.3085052814003   ,54.2051674807573   ,87.0170992920178   ,269.72386154303    ,278.112226182954   ,86.2186188266658   ,0.00310663157203841,3.28469183712196   ,19.520997718202    ,17.1188891927735   ,53075              ,feb                ,1994               
18.19913710946     ,0.45220295892706   ,151.762109342703   ,-2.03978937115425  ,1.19275553813921   ,25.7757250624699   ,48.9174060551675   ,82.3692709000556   ,271.768852124895   ,280.128640005091   ,90.2441002688565   ,0.00316219966433901,2.84639283061273   ,18.1369813839158   ,15.3746723219589   ,53021              ,feb                ,1994               
17.3166225006641   ,0.62522001677154   ,146.623822895378   ,-2.27417957588766  ,1.14645917680105   ,22.4663635713008   ,50.3349135312002   ,86.3502987219132   ,271.369058049541   ,279.895803506356   ,89.7632136526293   ,0.00319096175040161,2.77919676670976   ,19.2821842778666   ,16.7613379110851   ,53005              ,feb                ,1994               
10.2445573982925   ,2.06467827343499   ,195.783014915692   ,-2.53370461256608  ,1.12670084103254   ,19.7252813354172   ,51.6156755617052   ,85.4885551170004   ,269.859716836816   ,278.205324980254   ,91.4005258208159   ,0.00307131870759766,3.38725319250876   ,19.2777201623756   ,17.1338061496232   ,53023              ,feb                ,1994               
10.0492573916323   ,2.9590453571905    ,191.664562552722   ,-2.58291253515147  ,1.13946598906435   ,17.8908419797786   ,51.5901986721655   ,86.2912700684461   ,269.974884133064   ,278.104132407623   ,98.0903029284909   ,0.00308901177741526,3.69445629678137   ,20.1882585419945   ,17.7569325655008   ,53013              ,feb                ,1994               
14.3171690849164   ,1.3911152206649    ,184.076245252462   ,-2.04952198937333  ,1.29648819252087   ,22.4477298611206   ,49.1181068561634   ,83.0523278638461   ,271.837830148092   ,280.029966826223   ,90.384991043813    ,0.00317617941132755,3.56609985806507   ,18.8432636260986   ,16.2348652906396   ,53071              ,feb                ,1994               
16.2462435886686   ,1.45452603603236   ,226.949230046914   ,-2.36814238482728  ,1.29068644556127   ,25.7582225425154   ,47.7167650683704   ,81.6425237953974   ,269.672536732631   ,278.430318014962   ,93.2919369564315   ,0.00286844707001814,3.93149985081678   ,17.4302698683316   ,15.6355735102088   ,53003              ,feb                ,1994               
30.962424529137    ,0.128431306089003  ,192.863062864591   ,-2.15672583951676  ,2.60311369394367   ,39.1230303894363   ,29.0037624625971   ,75.141061636896    ,273.372377588504   ,286.564834026884   ,179.594936280134   ,0.00316792336114435,3.48963264645353   ,15.6811006919745   ,12.2422632460449   ,53017              ,mar                ,1994               
18.6801059561677   ,0.655338684882973  ,184.240689718164   ,-3.15073518356895  ,2.25042520171112   ,27.4429241754056   ,35.0229282078059   ,84.0922843648097   ,272.044301257155   ,285.487685467521   ,161.182795386488   ,0.0034916530899989 ,3.63657073760012   ,18.3761266471241   ,14.8652784917177   ,53063              ,mar                ,1994               
35.3665275895918   ,0.0483832963976121 ,170.648673129514   ,-2.49647785893015  ,2.77959524287771   ,42.5932160257878   ,25.9360889457423   ,77.2630739877364   ,273.797751832811   ,288.48789548618    ,178.45838766463    ,0.00326597467351073,3.55530855110768   ,14.7409668244892   ,12.1379618998328   ,53025              ,mar                ,1994               
25.1334640866275   ,0.251266285431637  ,178.746454642564   ,-2.65284078919707  ,2.47619890079128   ,34.2673194421816   ,30.0248957874869   ,81.3438970636428   ,272.49270285212    ,286.499882757898   ,173.781523671122   ,0.00334240014032104,3.60349155799448   ,16.5655497384958   ,13.5297215069879   ,53043              ,mar                ,1994               
27.5520813762425   ,0.15156080626019   ,167.313840660208   ,-2.79660412666335  ,2.54920360453965   ,37.8429478654051   ,27.8285170644232   ,80.8978292671653   ,273.280162819389   ,288.031865654552   ,176.291150844894   ,0.00340225019277907,3.21485657409716   ,15.6533203644633   ,13.0705018688762   ,53001              ,mar                ,1994               
21.4428168715311   ,0.460027368423128  ,197.183942521708   ,-3.06105629659167  ,2.43094859962445   ,31.5959482862194   ,32.4463841997469   ,82.2520211677624   ,273.178342346539   ,286.843149425644   ,168.463716915934   ,0.00356983233374001,3.49157004198268   ,17.1484276312624   ,14.0401841794834   ,53075              ,mar                ,1994               
31.5410160286068   ,0.0865006472714356 ,178.434137478733   ,-2.74010236630073  ,2.66471778957483   ,41.2051065455595   ,27.8107356461934   ,78.4626690062341   ,274.862413339165   ,289.369036479032   ,174.982146974474   ,0.00358687376540799,3.15007966344173   ,14.9702313595907   ,12.3515711929307   ,53021              ,mar                ,1994               
30.3759272791894   ,0.0892181969576183 ,175.583584255944   ,-2.74191085744421  ,2.61139400890707   ,38.2934570214202   ,28.4760595076092   ,79.9091484483405   ,274.594117786621   ,288.922022402116   ,173.868933212941   ,0.00357836610715489,3.17535144299991   ,15.9392750379716   ,12.7649225226612   ,53005              ,mar                ,1994               
19.9729483011718   ,0.764957690203387  ,215.791506093033   ,-2.70269779734483  ,2.40447847841021   ,29.7826145743424   ,33.607423126184    ,77.8438639334127   ,273.459433000519   ,285.735807598819   ,166.637324475162   ,0.00347413587267954,3.50235990605214   ,18.0759315704731   ,13.6321094669051   ,53023              ,mar                ,1994               
18.4230329117907   ,1.14468396047618   ,197.721233212793   ,-2.63355063892784  ,2.40232857598221   ,27.1240234615215   ,34.0962869039844   ,77.9160953354864   ,273.464289970121   ,285.881584542443   ,170.145593541072   ,0.0034896689208486 ,3.57431410071597   ,19.2747030741378   ,14.048140226798    ,53013              ,mar                ,1994               
23.5037615780495   ,0.489111407102327  ,185.966386270107   ,-2.54963406968892  ,2.62495120746271   ,34.2440059543918   ,31.3812910495641   ,77.2649414263589   ,275.060445978108   ,288.76000865313    ,166.225267466303   ,0.0036904350316192 ,3.45117843251137   ,16.8133186092222   ,12.9670908823746   ,53071              ,mar                ,1994               
25.4847099407142   ,0.411651115229014  ,232.467324378548   ,-2.53965037002471  ,2.5318462872522    ,34.5941138181871   ,32.3895589901695   ,76.9575279084042   ,273.236435256286   ,285.689212307751   ,167.169094613841   ,0.00335464496464022,3.91137612295454   ,16.4604109142538   ,12.9340093636024   ,53003              ,mar                ,1994               
23.1338222635194   ,1.20258078478082   ,212.29746709853    ,-2.51123731171667  ,3.44785404202645   ,37.8832790327629   ,33.0283128000655   ,81.1353429977678   ,277.5151507944     ,289.958951070259   ,218.453221557768   ,0.0045518982441726 ,3.49388666444819   ,14.2857582794046   ,12.9868271298164   ,53017              ,apr                ,1994               
15.7163308661964   ,1.439794259468     ,177.749766312882   ,-3.6096044243771   ,3.0199572006499    ,27.0704457399934   ,39.451389357191    ,88.4753627862128   ,276.38782852312    ,288.694532239425   ,196.173881876287   ,0.00485208340868139,3.68735776172221   ,17.1704273604574   ,15.1371745092166   ,53063              ,apr                ,1994               
26.9076171807893   ,0.768101521890575  ,202.260163317587   ,-2.99900316705361  ,3.70733378760194   ,41.4227231302325   ,30.4944695663336   ,81.2290356473905   ,278.475050975142   ,291.712297115756   ,221.996677562102   ,0.00463724145341561,3.48937100497489   ,13.6059655104375   ,12.5326696845397   ,53025              ,apr                ,1994               
19.4487617637746   ,1.02349883771502   ,185.566273298615   ,-3.34530683889594  ,3.24011130172673   ,32.0881946008359   ,34.7931607467178   ,89.8250054992943   ,276.202666386594   ,289.774083207767   ,206.527100181731   ,0.00470002842052005,3.57028221930411   ,15.6295257949222   ,14.6502430494759   ,53043              ,apr                ,1994               
21.0349284231991   ,0.722633629479315  ,195.464483736585   ,-3.57300370516044  ,3.49847703731504   ,36.5375537870493   ,31.4478760992558   ,86.4187285500702   ,277.340870847219   ,291.406864226741   ,216.870124922555   ,0.0046696588330646 ,3.26869503070085   ,14.552696625255    ,13.5770180502275   ,53001              ,apr                ,1994               
17.9504955447697   ,1.19591056909339   ,204.676238698663   ,-3.77147103879966  ,3.27097274882186   ,31.6927993234373   ,36.9146256023482   ,85.1868221722771   ,277.406469045602   ,289.962447380515   ,203.695825935813   ,0.00489292067660968,3.62731040682512   ,15.8125824531106   ,14.1690901991526   ,53075              ,apr                ,1994               
24.5429518074829   ,0.548716178555758  ,210.746839483278   ,-3.46206669348937  ,3.74590797725396   ,40.9784266205323   ,30.9972069999499   ,81.9476631717193   ,279.331932032658   ,292.715134199094   ,225.3711732434     ,0.0048752555981553 ,3.30321161853197   ,13.5901465964929   ,12.5812934824137   ,53021              ,apr                ,1994               
26.6108614111604   ,0.540512369078018  ,221.686654403012   ,-3.29466491432115  ,3.83143033084314   ,41.4877520905444   ,30.3434294433519   ,81.4371870774489   ,279.581821078991   ,292.852599944165   ,229.705516880269   ,0.00484980401045485,3.38294368153787   ,13.7534767224709   ,12.4499885345587   ,53005              ,apr                ,1994               
18.1362173805287   ,1.36812220247381   ,226.141671386244   ,-3.31104420788787  ,3.21351890208558   ,32.13224570766     ,39.7200937273093   ,81.0620798738847   ,277.544870380536   ,288.744261605399   ,205.905448920682   ,0.00483414949945658,3.72556989923521   ,15.7510113704279   ,13.7855761301937   ,53023              ,apr                ,1994               
16.2116728037574   ,1.46703906814173   ,215.06247900198    ,-3.17926371617675  ,3.20206675046818   ,29.726801636581    ,40.6425067483859   ,81.0074694628491   ,277.52389720231    ,288.712648127424   ,207.440423046731   ,0.00480148370351714,3.80655363759653   ,16.6852600035243   ,14.07188327533     ,53013              ,apr                ,1994               
21.5196685375525   ,0.876240556630707  ,218.345329021624   ,-3.2272250442324   ,3.67682331149494   ,37.4429832696915   ,34.4277819558534   ,78.4671860201249   ,279.641160844012   ,292.150942571376   ,214.996562610409   ,0.00498026180491836,3.64001437025826   ,14.5950378772043   ,12.6456184388499   ,53071              ,apr                ,1994               
22.43728268754     ,1.38149615206185   ,235.972558303326   ,-3.17859512495008  ,3.34607736479917   ,36.2021679063783   ,37.1741261751402   ,78.5096715806465   ,277.441851242325   ,288.64864516061    ,203.863848062965   ,0.00458301226149592,4.07659011771789   ,14.5804055452927   ,13.1343591974309   ,53003              ,apr                ,1994               
29.2372192787552   ,0.700743930493839  ,234.14798030392    ,-2.42275141941355  ,4.82608725706211   ,45.0535624255078   ,30.1221054549964   ,76.584333429087    ,280.863114113124   ,294.92062646859    ,290.018434410271   ,0.0055540643588927 ,3.17823938680114   ,13.2759293111425   ,10.9324708349777   ,53017              ,may                ,1994               
18.3266776948348   ,1.57636511751629   ,199.10985410238    ,-3.94102235888758  ,4.25303381005272   ,33.5104035868319   ,36.0839623760646   ,85.3572122390766   ,279.371773721377   ,294.045368399921   ,269.320438324043   ,0.00613099444841655,3.12890475332088   ,15.7214179162898   ,13.2935852515883   ,53063              ,may                ,1994               
32.5925676998173   ,0.767571871600987  ,202.370657899841   ,-2.84387821260565  ,5.06797808231227   ,49.2231817107131   ,26.9621284322552   ,75.5028189755684   ,281.883147114437   ,296.616126610577   ,295.15084852275    ,0.00558578176766487,3.0471789152047    ,12.4073505577645   ,10.5001501763437   ,53025              ,may                ,1994               
25.3637889992515   ,1.2636412440053    ,201.103693233628   ,-3.42111779245575  ,4.49712232402056   ,37.5780315984341   ,32.3104048185696   ,87.0549094017828   ,279.365790514337   ,294.738363827667   ,283.891759494315   ,0.00599245746995067,3.07617679965424   ,15.1072215586063   ,12.9170670899575   ,53043              ,may                ,1994               
28.095849852056    ,1.18556064146179   ,192.888763592087   ,-3.59919801903773  ,4.81001832445753   ,43.2418524318751   ,28.7731149425589   ,82.0201854185737   ,280.560399054159   ,296.190471754595   ,295.191410868255   ,0.00577918245904396,2.84210148134451   ,13.767527080197    ,11.8136075811671   ,53001              ,may                ,1994               
20.4158222866735   ,1.57532598207311   ,202.733857184085   ,-4.09595135034299  ,4.47273902198169   ,35.6111782453635   ,35.0788748570683   ,83.713376459632    ,280.191246225549   ,294.766406287061   ,279.083716128384   ,0.0061784277941353 ,3.10111431358888   ,15.265269985018    ,13.02372618782     ,53075              ,may                ,1994               
31.9894791728025   ,1.24166380164685   ,188.149031754309   ,-3.41781458869959  ,5.07400023073476   ,47.1728567360057   ,28.3950441682309   ,77.3538352895315   ,282.567296723397   ,297.147383159325   ,297.644378213433   ,0.0059396123744099 ,2.98680291506404   ,12.9436174518121   ,11.2264341295801   ,53021              ,may                ,1994               
31.932616153638    ,1.18096578917125   ,187.665377875205   ,-3.1693788082642   ,5.16678920713038   ,46.9932521761636   ,27.72047958658     ,75.7096374229203   ,282.907626292387   ,297.155244686376   ,295.981355350012   ,0.00583770304920422,3.14073612157979   ,13.0309813699779   ,11.100346420143    ,53005              ,may                ,1994               
18.0945292475609   ,1.49327619755331   ,214.718633702118   ,-3.68059146651076  ,4.3220279171624    ,35.2290212244387   ,37.6124150721971   ,77.5471676234324   ,280.631067253454   ,293.161916171399   ,268.95866508996    ,0.0059876152422194 ,3.14859722620068   ,15.232302842745    ,12.5335510480717   ,53023              ,may                ,1994               
20.0299961908685   ,1.56145510129831   ,202.913031771454   ,-3.58244282683361  ,4.34375202321579   ,35.1592134328493   ,37.8058113094279   ,76.8831085739174   ,280.707797714875   ,293.280481970848   ,267.989942467227   ,0.00596143867335415,3.31509440834308   ,15.5313571796408   ,12.5988621251886   ,53013              ,may                ,1994               
27.5540989499516   ,1.51885338611532   ,191.965469482113   ,-3.53141200090165  ,4.86030366909713   ,42.1221066125259   ,32.5595621216056   ,75.7654304274292   ,282.694671302713   ,296.49341194479    ,278.171045659003   ,0.00619412732013586,3.23651810000958   ,13.9660019915841   ,11.8395619958272   ,53071              ,may                ,1994               
18.7363255396444   ,1.39141334714377   ,227.282668143061   ,-3.4049311351312   ,4.42129789401931   ,37.3732484879706   ,35.2282966847753   ,75.3289749544313   ,280.553155283325   ,293.408207820841   ,263.759400847605   ,0.00572902808375507,3.30319034519941   ,14.5183284010414   ,11.9237426101446   ,53003              ,may                ,1994               
34.9032174115639   ,0.675024652700187  ,237.190963232378   ,-2.60578622158218  ,5.69111133268687   ,52.2191536300159   ,25.8355170059718   ,74.5823183023705   ,282.500289132803   ,297.83429797122    ,311.590467563023   ,0.00579601871165608,3.47074474419224   ,11.7121824282949   ,9.95490524179745   ,53017              ,jun                ,1994               
23.1015240169739   ,1.18720733409506   ,202.80022386458    ,-4.0099206593986   ,5.11446681696593   ,37.5387410468244   ,32.5650519526597   ,81.7175933528695   ,280.67678915563    ,297.029389278021   ,290.158559330377   ,0.00637249429950825,3.53858435612923   ,15.2810760862318   ,12.1042393931743   ,53063              ,jun                ,1994               
38.8337287796886   ,0.467369722013176  ,236.512493276872   ,-2.62533590740579  ,6.10184002049008   ,55.5618733664099   ,23.8771251587807   ,72.6788558761206   ,283.569844314603   ,299.611363825545   ,320.423156668078   ,0.00580244555463248,3.55121533859074   ,11.2223051843812   ,9.40337148642555   ,53025              ,jun                ,1994               
26.7679156975359   ,0.59650532545673   ,218.307272386726   ,-3.33975917409124  ,5.39385192291833   ,42.3054737218525   ,28.6517084685411   ,85.7126745022187   ,280.712384487204   ,297.828335440187   ,305.572020649208   ,0.00626460993584681,3.51736098884493   ,14.0096546735286   ,11.6972172944624   ,53043              ,jun                ,1994               
31.2726564744539   ,0.424460420612541  ,221.625844187916   ,-3.35753040122439  ,5.82406975359949   ,49.0128930551844   ,25.1974144819928   ,80.0167071494582   ,282.057331931215   ,299.557263231687   ,314.712570242895   ,0.00598932017272902,3.42407902858888   ,12.5392144429991   ,10.4537165623567   ,53001              ,jun                ,1994               
24.5227788736052   ,0.810834579310435  ,220.623466047007   ,-4.11763527196996  ,5.46947380331451   ,39.2301465216244   ,30.973596191481    ,82.6419658197141   ,281.405093244964   ,298.234454512054   ,299.292989482805   ,0.00642543539023209,3.68028717141525   ,14.8380453116473   ,11.9108541071275   ,53075              ,jun                ,1994               
37.3091646754532   ,0.361746189938142  ,230.404187579002   ,-2.90801601043114  ,6.14270235902224   ,53.0103732857337   ,25.2870396154355   ,74.5818516780169   ,284.166533844777   ,300.226733664488   ,322.22327752529    ,0.00610029700994253,3.60167321339632   ,11.8753173411198   ,9.70521661727856   ,53021              ,jun                ,1994               
35.8177692615617   ,0.452721810620232  ,235.187054923623   ,-2.58129205929457  ,6.21029391795456   ,52.2489440411976   ,25.4011210969214   ,72.2180600158797   ,284.449460883206   ,300.113822738377   ,325.678833078539   ,0.00604791261703033,3.68314235093737   ,12.009811873784    ,9.58132897509626   ,53005              ,jun                ,1994               
26.5751110954832   ,0.875316631947846  ,233.433773365179   ,-3.84878412536953  ,5.4353775662665    ,41.518863505014    ,31.745709482039    ,74.5835369050873   ,281.922480360075   ,296.92619610899    ,295.612966146528   ,0.00607007865733265,3.73072107903212   ,14.4212933146435   ,11.1011319579051   ,53023              ,jun                ,1994               
27.9876697207433   ,0.854903007521868  ,222.033492370134   ,-3.71379483162213  ,5.44585177842235   ,41.9578479149371   ,32.6208008124566   ,73.608168580686    ,282.168122586821   ,296.805136739521   ,295.624953470014   ,0.00611589548529904,3.9836541693144    ,14.36360183586     ,11.0183074693197   ,53013              ,jun                ,1994               
33.1438894428736   ,0.559482388943686  ,229.409460059398   ,-3.42099578884559  ,5.99443798727459   ,47.9370986345338   ,28.2507349306329   ,73.8002242447561   ,284.226259954189   ,299.872634709883   ,310.134737720851   ,0.00637183097635363,3.81572158600741   ,13.0560888181857   ,10.2231758189395   ,53071              ,jun                ,1994               
27.5695414933311   ,0.94721433702922   ,236.862565033859   ,-3.48885696502788  ,5.54802457859916   ,43.5549950506855   ,30.3262686497394   ,71.5457279279574   ,281.855370158175   ,297.009974607296   ,293.570943543743   ,0.00585052312182947,3.84624962789299   ,13.829639419616    ,10.6462599535058   ,53003              ,jun                ,1994               
54.3440826111395   ,0.107716890763632  ,269.653147203074   ,-2.62523236445018  ,7.03907665533871   ,72.1270273915271   ,17.8106164846428   ,56.3772567713865   ,288.238360283655   ,305.483251655405   ,332.072309072946   ,0.0062137216448976 ,3.08523750045011   ,9.09408892586836   ,6.65986513065344   ,53017              ,jul                ,1994               
44.369712212612    ,0.109790023727939  ,192.036308549142   ,-4.40430653034856  ,6.45488322663627   ,62.2014663702647   ,20.3005384930864   ,67.6036072622644   ,285.672035466387   ,304.7701627206     ,319.438176615611   ,0.00678789494862335,2.81437312768878   ,10.8314770090661   ,8.01586022859976   ,53063              ,jul                ,1994               
54.4724937109553   ,0.141160144490953  ,264.798092348821   ,-2.59705889195948  ,7.14827546653949   ,73.6218815466252   ,17.1369410146623   ,58.0237380280461   ,288.642979858492   ,306.497476727922   ,333.340993527246   ,0.00631307320329158,2.99135225381731   ,8.65394827400998   ,6.78625829966273   ,53025              ,jul                ,1994               
48.4494168658035   ,0.0859337879056727 ,223.929244157403   ,-3.61462469886197  ,6.66899717837028   ,65.9878485141666   ,18.2382123463882   ,66.7842964238736   ,285.970704088293   ,305.358819443338   ,324.408215875704   ,0.00641210058394844,2.87012681903974   ,10.1600499882582   ,7.7295985100717    ,53043              ,jul                ,1994               
49.3780546794115   ,0.177839639563069  ,247.473760299392   ,-3.38893306927103  ,6.73295967953958   ,68.3057872838504   ,17.6499105538202   ,64.7370625975525   ,286.595956411872   ,306.189677458394   ,323.348011654685   ,0.00636712894784873,2.80690668591764   ,9.66219022340349   ,7.54644798701391   ,53001              ,jul                ,1994               
43.4553531820294   ,0.25092078073795   ,231.828280122514   ,-4.42204850402533  ,6.60636977735914   ,60.708290710594    ,20.1896081803555   ,69.0958537081116   ,285.905764177529   ,305.287208381667   ,318.070666026164   ,0.00689934871103827,3.03779510831471   ,10.976350035586    ,8.39270246759085   ,53075              ,jul                ,1994               
51.0267764332605   ,0.279139046265834  ,254.194919713227   ,-2.81945765232429  ,6.93302415860794   ,69.3968476662269   ,18.7739615642699   ,62.2585616504584   ,288.560583727058   ,306.721073163887   ,325.014023475552   ,0.00678151849470686,2.94832680632104   ,9.37632372923584   ,7.49108626221309   ,53021              ,jul                ,1994               
52.3830030586886   ,0.244982701389922  ,254.78604087522    ,-2.47750898225773  ,7.07804134998369   ,70.402141549747    ,18.5275082658734   ,61.770150085605    ,289.006637612561   ,307.011932343922   ,327.070753668756   ,0.00685352860472806,2.98953570670118   ,9.22541696410025   ,7.33276267605989   ,53005              ,jul                ,1994               
43.3283600240807   ,0.515399185669679  ,237.382675250913   ,-4.13092323687259  ,6.58351766162682   ,63.1651924047697   ,19.4937935949351   ,56.2047575929795   ,287.049225614774   ,303.721600828513   ,313.859602506833   ,0.00614892925538662,3.139248618846     ,10.454101019454    ,7.46464101228273   ,53023              ,jul                ,1994               
44.5987507413552   ,0.57595312646786   ,233.312896409081   ,-3.91292983345544  ,6.57562754764647   ,63.483664582376    ,20.4775760182254   ,54.8427768849658   ,287.31031670721    ,303.635732304464   ,312.481252981146   ,0.00619225974109454,3.18278010175188   ,10.5080663878417   ,7.47809418333763   ,53013              ,jul                ,1994               
49.4216376173616   ,0.393532119089786  ,245.116419653137   ,-3.53044242587516  ,6.90320286471294   ,67.4059395688805   ,19.1968866718932   ,59.9122574288733   ,288.826944762879   ,306.628956532372   ,315.30181532709    ,0.00677469597128947,3.04160148599409   ,9.8296280189227    ,7.4699876692362    ,53071              ,jul                ,1994               
41.9160858211371   ,0.607305731144559  ,246.348641644555   ,-3.57443091498094  ,6.68224724388302   ,63.5593573689489   ,18.3921527243907   ,55.3052812773451   ,287.097119540867   ,303.942911448522   ,313.0044770444     ,0.00600395973758982,3.22383577154332   ,10.2020424986436   ,7.32160089805824   ,53003              ,jul                ,1994               
51.1366139201769   ,0.276106407698258  ,217.387989312532   ,-2.67526880707274  ,5.56842861000574   ,72.3623637950749   ,21.6938701300359   ,67.0261070209009   ,285.875253610866   ,302.056627348354   ,271.655762659406   ,0.00636786755089615,3.02871009762645   ,7.81722013550876   ,8.34508732511379   ,53017              ,aug                ,1994               
50.4822561606251   ,0.058677984796978  ,169.964148598099   ,-4.70794061469452  ,5.48957864802682   ,66.6714244165167   ,22.5714595472828   ,77.3155255030155   ,283.709410594765   ,302.248248825425   ,273.033819330827   ,0.00663406509939475,3.15017922007111   ,8.9287276270343    ,9.45842204527336   ,53063              ,aug                ,1994               
52.0456136358507   ,0.114560969150594  ,217.291940533595   ,-2.63604890272285  ,5.77932361921781   ,72.6855650108406   ,21.6502549913038   ,69.1512809409675   ,286.30030348262    ,303.278868945019   ,278.21450143688    ,0.00657151715891811,3.080472920472     ,7.72640583822663   ,8.48137050242457   ,53025              ,aug                ,1994               
49.9806840233327   ,0.071765880931227  ,187.067839855854   ,-3.78642911121972  ,5.44525820526683   ,67.7275951140857   ,21.4464018925461   ,76.6095928001536   ,283.776299618401   ,302.39284453178    ,270.353205216896   ,0.00639025185798395,3.01372409708937   ,8.68646506835869   ,9.4405996273219    ,53043              ,aug                ,1994               
52.4493450095741   ,0.0367268856518588 ,208.426329130204   ,-3.45202390250413  ,5.55590112517398   ,71.0081476694071   ,21.2868907761691   ,72.9581783328879   ,284.894821821404   ,303.303035965622   ,274.417308335252   ,0.0064272776605722 ,2.90181485077669   ,8.20257851299357   ,8.88804629334065   ,53001              ,aug                ,1994               
52.7517259072783   ,0.0354180453376283 ,208.729283730214   ,-4.66869279244367  ,5.62458779329593   ,68.6031885360631   ,21.4624168423502   ,73.2962997455344   ,284.499100800429   ,303.071137859772   ,271.308437999747   ,0.00646630297957494,3.15438852252046   ,8.80003988776306   ,9.00722622808062   ,53075              ,aug                ,1994               
55.5486442572684   ,0.0159142370437441 ,222.028966950712   ,-2.82254180694238  ,5.77864618502539   ,73.149046782406    ,23.0736580552889   ,68.4500944175436   ,287.115599832464   ,303.798489993263   ,280.519172992186   ,0.00689640181519267,3.05111029528211   ,7.91568835893872   ,8.39054015132393   ,53021              ,aug                ,1994               
55.8496525186289   ,0.0404886088976564 ,237.812184694762   ,-2.47146148183172  ,5.94400262541388   ,72.9569336795971   ,22.9112680053456   ,67.7713694467779   ,287.441289050908   ,303.887826756818   ,282.931415408594   ,0.00692633817741752,3.22534737318589   ,7.93784944632054   ,8.35224742424308   ,53005              ,aug                ,1994               
57.5173992076472   ,0.0702579901151567 ,226.995881323757   ,-4.34071072041371  ,5.74613320951685   ,76.8011101084705   ,19.540799743115    ,58.1785852454798   ,285.654732519389   ,301.868838781633   ,275.781341072744   ,0.00563462115893731,3.20825507892346   ,7.54223637560808   ,7.03385476878783   ,53023              ,aug                ,1994               
59.3315026531209   ,0.028270958182354  ,215.455144584954   ,-4.10981373221046  ,5.7213737147218    ,76.2214664709848   ,20.8251025064272   ,60.2607556826117   ,285.680041766251   ,301.577110778881   ,278.941454598276   ,0.00585505966561283,3.29884607037707   ,7.64984854752299   ,7.33750196446279   ,53013              ,aug                ,1994               
58.7924581649531   ,0.00259088530966515,221.569258764624   ,-3.64544948491301  ,5.9135408086349    ,75.1572868678315   ,22.2997558141299   ,65.1277113355991   ,287.305801143491   ,303.955086668801   ,278.530294462855   ,0.00674911188331735,3.19480929278871   ,7.73850332755852   ,7.9016075142406    ,53071              ,aug                ,1994               
58.1137426436966   ,0.124250376106058  ,229.600156129459   ,-3.63956935504347  ,5.9314615981338    ,77.1087747146754   ,18.142542869028    ,57.7530141066517   ,285.470286438261   ,302.356886904802   ,278.150814840534   ,0.00544994474195794,3.29306496712413   ,7.5441852604498    ,6.93152347176895   ,53003              ,aug                ,1994               
43.6084941227268   ,0.0582893012660938 ,227.602272523791   ,-2.54446907934581  ,3.76616043805648   ,60.1150559959172   ,24.3780429568038   ,74.7010816616939   ,283.06520923707    ,299.450243174098   ,190.565894362526   ,0.00606026205905527,2.79613958209458   ,10.1381730591619   ,10.4497275408602   ,53017              ,sep                ,1994               
30.5666158746307   ,0.513314742245358  ,199.27274529175    ,-4.60297917933208  ,3.50933061502383   ,47.049754853524    ,26.4642080768867   ,84.002634473219    ,280.78573002994    ,298.42447445453    ,185.173467239952   ,0.00632901160462109,2.88010111888974   ,12.3724173088808   ,12.8060560230788   ,53063              ,sep                ,1994               
42.6232766950467   ,0.0864656020130958 ,204.51889527091    ,-2.59193735820792  ,3.90493335791436   ,60.5405006716703   ,23.3761158972815   ,74.9485622954616   ,283.230807087844   ,300.542605799106   ,194.72900784392    ,0.00607556247518873,2.80570964732234   ,9.97393838462853   ,10.4063459165208   ,53025              ,sep                ,1994               
36.8807572218135   ,0.187531441326461  ,206.045977247582   ,-3.72043877436988  ,3.63111679406041   ,53.2268299726427   ,24.3152647268042   ,80.8959546419203   ,281.194295147856   ,299.198963929437   ,186.335903465131   ,0.00603177884444313,2.7962963647281    ,11.3924145580192   ,11.7677758287796   ,53043              ,sep                ,1994               
35.8848753924127   ,0.180394327893601  ,191.982776171544   ,-3.39350938341565  ,3.61054693737139   ,56.0638116843835   ,23.7258153678581   ,78.441447050683    ,282.162347777912   ,300.108452536976   ,190.107961526049   ,0.00606412474430053,2.53715483072039   ,10.680227353352    ,11.1564927759007   ,53001              ,sep                ,1994               
33.5626721942852   ,0.349545729425316  ,207.287173566154   ,-4.64270771980286  ,3.66224667697327   ,52.2062815969131   ,24.1926128002242   ,80.8385336887135   ,281.491627130247   ,299.470368463254   ,186.604934085921   ,0.00610786400788336,2.81138271437907   ,11.4086329629561   ,11.8384761119356   ,53075              ,sep                ,1994               
38.1167785141107   ,0.171325801171195  ,193.821317241077   ,-2.82999284389691  ,3.66713113988057   ,58.488739543817    ,25.4248426208741   ,76.6652540857364   ,283.996616746951   ,300.746372989752   ,194.149444643656   ,0.00656213927381218,2.53956503009949   ,10.1440419813914   ,10.8253720506644   ,53021              ,sep                ,1994               
38.6035525815439   ,0.162384105758481  ,198.095703022414   ,-2.51602103553815  ,3.77986434758062   ,59.2569224506205   ,25.3911889324527   ,75.4129798349309   ,284.366522460576   ,300.772414032524   ,200.201705980019   ,0.00652488180926654,2.63565409071817   ,9.96184429045495   ,10.6339128062805   ,53005              ,sep                ,1994               
39.6898597027457   ,0.395239540503705  ,221.556137494863   ,-4.36025668498645  ,3.77972156096936   ,62.296587026292    ,22.6724005279581   ,68.7897564254192   ,282.787377225193   ,298.226887382681   ,191.173716229583   ,0.00547676784011456,2.86336718774237   ,9.34907784318825   ,9.82395261148488   ,53023              ,sep                ,1994               
36.0250695852651   ,0.502577601229028  ,197.284197856348   ,-4.14826954056039  ,3.63786669487937   ,59.8540233778496   ,23.8202592284684   ,69.2943380622131   ,282.891857526689   ,297.978431725627   ,191.925711544896   ,0.00562955261635583,2.8170922854756    ,9.70205452625248   ,10.1202149766902   ,53013              ,sep                ,1994               
37.3150307750456   ,0.335085254645374  ,196.281198756134   ,-3.66768450804842  ,3.7382077724953    ,58.2548509055037   ,25.2345990224905   ,75.3051575497883   ,284.068936963585   ,300.530664566991   ,190.418488448228   ,0.00652202949660444,2.7215426204085    ,10.0706812766186   ,10.8044143641221   ,53071              ,sep                ,1994               
41.959739024174    ,0.422567575345373  ,236.255647562571   ,-3.67317095580182  ,3.97814446831272   ,63.4755755422179   ,21.5743136086893   ,67.3796748790138   ,282.804190679768   ,298.144710457238   ,192.224561054573   ,0.00527057794606485,3.13011137254337   ,9.1647269197334    ,9.51730684445142   ,53003              ,sep                ,1994               
29.0329034751755   ,0.983937072266041  ,211.659806839519   ,-2.54024681708669  ,1.80899198641571   ,39.5659488806174   ,37.6958595912215   ,89.9090652649905   ,275.108903123839   ,287.50722366544    ,118.574913721936   ,0.0043798242185876 ,3.57278342226175   ,13.2709363394743   ,16.1998852867115   ,53017              ,oct                ,1994               
18.8505775082221   ,2.2985527153011    ,193.171049569001   ,-4.40427933710324  ,1.48226406171528   ,27.9945060734947   ,45.794405482659    ,94.7249707018982   ,274.21112684124    ,286.24877804613    ,107.919629532071   ,0.00483218396514167,3.69506505254741   ,16.0261069721469   ,18.7094888732952   ,53063              ,oct                ,1994               
30.4582886353681   ,0.957591056057917  ,206.080013659496   ,-2.54207501027876  ,1.94904846361788   ,41.1242751071579   ,35.9759707949441   ,88.7020955057353   ,276.070090367953   ,289.055261357168   ,124.647167886773   ,0.00450817778387835,3.59043517436538   ,13.0619028993757   ,15.8595201278932   ,53025              ,oct                ,1994               
25.3829627852973   ,1.47296257889605   ,205.076367125628   ,-3.56724715498391  ,1.68229869299915   ,33.8710323637947   ,40.0356045242123   ,93.1631192354106   ,274.25736837984    ,287.440494357324   ,114.44286726055    ,0.00457434230601658,3.66778058212416   ,14.8141426678498   ,17.6006148121944   ,53043              ,oct                ,1994               
26.1992044166726   ,1.44859028795417   ,196.342727673826   ,-3.24608043374168  ,1.75521137950678   ,36.8482832701703   ,37.6560181937626   ,91.1905759433599   ,275.355590675044   ,288.673923980772   ,120.808612503685   ,0.00464084298033651,3.30902699880871   ,14.0797097370688   ,16.9123082449194   ,53001              ,oct                ,1994               
24.5455448207728   ,2.28437189578604   ,207.896345937537   ,-4.48795217635585  ,1.75244137983395   ,34.6800905571945   ,39.6802444534736   ,90.9691863347728   ,275.411253429319   ,287.951890005151   ,112.856368022101   ,0.00474707377316391,3.69927573411243   ,14.5457506620273   ,17.1803420714319   ,53075              ,oct                ,1994               
28.1814317673935   ,1.29202540525901   ,191.90701715818    ,-2.74083741093293  ,1.89511860893767   ,39.3542657093138   ,37.1487805203232   ,88.9167843172627   ,277.313291965229   ,289.736971913378   ,124.755542461215   ,0.00486643980661634,3.37933243726087   ,13.4970833488493   ,16.2219450838217   ,53021              ,oct                ,1994               
29.7441938628437   ,1.15953450638217   ,198.85407275451    ,-2.46279187873741  ,1.98888340071029   ,40.9638664225946   ,35.9089835179309   ,87.8888129286922   ,277.568326161868   ,289.95354637296    ,130.358492809026   ,0.00483849393108082,3.3969482599318    ,13.2224600093013   ,15.7845085673852   ,53005              ,oct                ,1994               
26.708230075775    ,3.01413218213174   ,220.252870994206   ,-4.24422090789052  ,1.94339783676902   ,40.6660239227404   ,37.1898853024556   ,83.727541024115    ,276.431959989529   ,287.155361404067   ,117.680463798537   ,0.00436811795161223,3.87851823848752   ,12.9198473510177   ,15.4517213383459   ,53023              ,oct                ,1994               
25.6440387453959   ,4.09641827882394   ,211.208895365827   ,-4.01687089227673  ,1.87436612853628   ,38.324184967733    ,39.0371688980646   ,85.3494779470502   ,276.340439670011   ,287.073986584986   ,122.153840138932   ,0.00450962728527314,4.16190403911275   ,13.5710611696119   ,16.0337893476842   ,53013              ,oct                ,1994               
26.8654914032133   ,2.24397747958916   ,206.068524401112   ,-3.55740978401205  ,1.98682477086228   ,38.5439863395119   ,37.4750316351254   ,87.6774460247049   ,277.552713813852   ,289.542166941253   ,119.774152365063   ,0.00490109133112803,3.97170838659716   ,13.610205577172    ,16.1260904251607   ,53071              ,oct                ,1994               
28.8006011015613   ,1.63637497082446   ,234.541568137237   ,-3.68944085369435  ,2.11538075027829   ,43.1491229342157   ,34.9899671272528   ,81.8513992588914   ,276.366950512718   ,287.068072925098   ,119.054320338307   ,0.00416917598220051,4.36982179847301   ,12.2342663195264   ,14.6051976700404   ,53003              ,oct                ,1994               
10.0673478886576   ,1.45677372059226   ,208.933775651766   ,-1.61092566736946  ,0.515327560639901  ,11.9397110090257   ,58.3057652958427   ,96.79116078537     ,269.042730239909   ,276.594207462061   ,56.4491086256365   ,0.00332866020943415,3.265610935944     ,21.518631898018    ,21.7458037789406   ,53017              ,nov                ,1994               
3.81494998976257   ,2.90312694972107   ,208.373706761199   ,-3.09346704038564  ,0.407923620135317  ,2.91563733594729   ,67.6778209964555   ,98.6663563713839   ,270.007187600798   ,276.315513912305   ,58.3143668419201   ,0.00368957093510146,3.51699199017058   ,25.7360653147751   ,23.9030853014466   ,53063              ,nov                ,1994               
10.811977582228    ,1.03867197813149   ,207.844692548174   ,-1.51537304631696  ,0.687611367070388  ,14.284653494098    ,53.0987668394824   ,96.2407268154556   ,270.965448250965   ,279.227644335127   ,58.112702249391    ,0.0035759096689266 ,3.28087234350692   ,20.8061451612632   ,20.7919159451903   ,53025              ,nov                ,1994               
7.40230521454999   ,1.62420291819631   ,207.243896284081   ,-2.34076221139069  ,0.449157956268049  ,7.35950419870661   ,63.7382689997234   ,98.3295835317461   ,269.984356577774   ,276.882465587728   ,58.7808646609504   ,0.00366835140126928,3.47715898381402   ,23.5417757005471   ,22.75302741097     ,53043              ,nov                ,1994               
8.40717359084721   ,1.43535405631909   ,199.777084727183   ,-1.85250798741635  ,0.635471250208623  ,10.0434667163685   ,56.3625578575171   ,96.549185937774    ,271.573613716424   ,279.084230792056   ,58.0038800705925   ,0.003744901294017  ,3.13601941028548   ,22.8094801565751   ,21.4986754546307   ,53001              ,nov                ,1994               
4.56801652444006   ,2.66027038972547   ,208.406074517942   ,-2.89131672251458  ,0.66714518606429   ,5.93663113159019   ,59.1284837163289   ,95.2549076490215   ,271.592619725844   ,278.123407251695   ,58.9564263206183   ,0.00370419377683406,3.84676012901699   ,24.3444922203363   ,22.189969367794    ,53075              ,nov                ,1994               
9.25744025652064   ,1.32785733214365   ,196.138076803432   ,-1.40473243250297  ,0.870853600987257  ,12.6498510668828   ,51.6553721670004   ,94.3890859726148   ,273.281019737048   ,281.029808439597   ,55.9017947737376   ,0.00387563199172011,3.47740033926108   ,21.7771715005239   ,20.3899772651379   ,53021              ,nov                ,1994               
10.0667090554441   ,1.103676572927     ,198.699573764881   ,-1.30847525146939  ,0.899175288697201  ,14.4287605983971   ,48.5878675065802   ,94.4028440896811   ,273.068632070929   ,281.320249702709   ,60.6157906034759   ,0.00382700340940132,3.38206915308738   ,21.0353427124212   ,20.019205175443    ,53005              ,nov                ,1994               
4.12633896623439   ,3.61257658836549   ,218.949443253227   ,-2.59999866095636  ,0.816259216648328  ,7.56528371160205   ,55.7376925671816   ,91.9651038057315   ,271.441717807304   ,277.719673084077   ,58.9187359073394   ,0.00349143793228937,4.19169306331787   ,23.8406892111089   ,21.5385657093293   ,53023              ,nov                ,1994               
3.28502350013953   ,4.60673699446622   ,216.037489044562   ,-2.21336846118614  ,0.782714716064212  ,5.51490003680347   ,57.5133037137736   ,93.3989067606901   ,271.529314301443   ,277.907734485779   ,60.3210580214988   ,0.00364531556814405,4.6375503912022    ,25.2969872409761   ,22.4663532823792   ,53013              ,nov                ,1994               
5.05851660186689   ,2.6647786143068    ,209.135377478422   ,-1.93010705305632  ,0.98403253265755   ,8.52431057339243   ,52.4489018783983   ,92.7334466520687   ,273.876916102794   ,281.136442669297   ,54.0810543587537   ,0.00398225507928944,4.41520490268382   ,23.4875785848313   ,20.9293451227793   ,53071              ,nov                ,1994               
6.0589352867387    ,2.01737342874651   ,231.799074129351   ,-2.77926777952199  ,0.923212607346312  ,14.2754672730549   ,54.0874571162129   ,88.6928896836701   ,271.270103859263   ,277.40442098353    ,61.8291428285214   ,0.00329520988753666,4.77066730384119   ,20.4704383761923   ,19.4216786075973   ,53003              ,nov                ,1994               
8.39096424017825   ,1.33146840216628   ,164.4673611161     ,-1.38684951351338  ,0.287396069188261  ,7.75023117723013   ,68.7031292270136   ,93.6315531330503   ,267.336129704533   ,273.439129127304   ,48.6417324056737   ,0.00291051090843909,2.75427304480061   ,23.8196965954482   ,22.1965266300554   ,53017              ,dec                ,1994               
3.98099975670464   ,2.18920515431393   ,160.326047390195   ,-2.44807743319624  ,0.299497974511253  ,2.38075283899737   ,71.9451893865398   ,96.289993140811    ,268.61384895116    ,274.70089451443    ,45.8891244823568   ,0.00332407972944302,3.11154357135719   ,27.2070025081692   ,23.8389356837326   ,53063              ,dec                ,1994               
10.1386318195103   ,1.22382762004743   ,150.862144688706   ,-1.39547388393507  ,0.417392010316186  ,10.8824603271681   ,63.1788635470677   ,92.6582485722013   ,269.298163652623   ,275.798296311104   ,49.8088256860055   ,0.00315291918089868,2.90483331042118   ,22.4743420194083   ,21.2292313777115   ,53025              ,dec                ,1994               
7.9932522822576    ,1.58087702521628   ,158.81367261461    ,-2.07886591603477  ,0.343512790963673  ,6.40050466393546   ,67.9074597685699   ,94.7936408280378   ,268.663739414261   ,274.875965940829   ,46.9531092301568   ,0.00321923562960126,3.09439227309792   ,24.6960520018257   ,22.6475087593734   ,53043              ,dec                ,1994               
9.02577972632249   ,1.36967633154622   ,150.750661787627   ,-1.59833918926026  ,0.419822546417639  ,8.8143933726963    ,64.2683131422901   ,94.0577847379668   ,269.752165149299   ,276.361271486765   ,46.660818488459    ,0.0033349608172164 ,2.67033117011033   ,23.4861550701837   ,21.8044199087331   ,53001              ,dec                ,1994               
6.23491290738158   ,1.87042824038644   ,172.611624265339   ,-2.1817921387448   ,0.484808258133192  ,4.88008964378136   ,65.772402646981    ,94.2810519570743   ,269.69912263758    ,276.35901791681    ,46.1227784125384   ,0.00337723691913975,3.33001640622289   ,25.6700669017119   ,22.4483689359029   ,53075              ,dec                ,1994               
10.1443390382179   ,1.17701901999517   ,163.345576224999   ,-1.17616078693133  ,0.518763120923287  ,11.4444758551619   ,61.7889210583613   ,93.1001174652882   ,270.915069063627   ,277.655340928298   ,46.3268362354621   ,0.00345834751747764,2.81170175982591   ,22.2925311186375   ,20.95919163007     ,53021              ,dec                ,1994               
10.9349542417865   ,0.953818495473659  ,155.722734566729   ,-1.18695160862301  ,0.509725496095754  ,12.9758367802472   ,59.1857333926289   ,93.8166876012287   ,270.557178572555   ,277.794437765088   ,49.3203893318214   ,0.00342688689647721,2.57997878061009   ,21.7485981441814   ,20.7148547966334   ,53005              ,dec                ,1994               
6.32960545227325   ,2.21176000198265   ,191.125660243623   ,-1.43253502638444  ,0.608706354584321  ,5.6543286639683    ,60.7593419914167   ,92.440931230549    ,269.43129481282    ,276.377352949502   ,48.8872248007891   ,0.00321458680619096,3.50047235166804   ,26.0408130466074   ,21.7809229245591   ,53023              ,dec                ,1994               
5.26216422563255   ,2.75997908964833   ,186.800697111189   ,-0.754998596394873 ,0.556137313593966  ,4.62976052024333   ,62.0363318731231   ,93.2002836403838   ,269.52048839416    ,276.313293044272   ,51.7590630311616   ,0.00333358349114409,3.76784031522212   ,27.3856319910153   ,22.3738695362684   ,53013              ,dec                ,1994               
7.41431668806666   ,1.62642580836035   ,173.636900670636   ,-1.2675029344675   ,0.607107888334771  ,8.50584120862391   ,60.3625129337879   ,92.7015945424232   ,271.340289447237   ,278.216155608883   ,46.4961110501431   ,0.00358536680696562,3.48942767382072   ,23.9295338806421   ,21.1375696864555   ,53071              ,dec                ,1994               
10.2837371855504   ,1.40226655229439   ,213.880754700281   ,-2.15633606823691  ,0.703420961875731  ,11.5373865745753   ,59.1994529248444   ,89.5760746930347   ,269.187517980125   ,275.977887568045   ,51.2887896115472   ,0.0030024927367803 ,4.01811991838643   ,22.7313719916518   ,20.218433083699    ,53003              ,dec                ,1994               
