bi,pr,th,pdsi,pet,erc,rmin,rmax,tmmn,tmmx,srad,sph,vs,fm1000,fm100,countyfips,month,year
16.9079494448125   ,0.473836935835322  ,181.242817155901   ,-2.36183464200456  ,0.473475012157043  ,18.0208434406731   ,65.5816031921927   ,90.6406974071068   ,268.797608378452   ,275.656290880712   ,68.1343949533278   ,0.00301499140267215,2.43212658112209   ,20.0323939461489   ,19.7299687904479   ,53017              ,jan                ,2014               
10.5980152433463   ,1.32921255871044   ,159.831229444695   ,-0.775003013156709 ,0.399326573283537  ,8.47483120738784   ,75.4001167066215   ,94.207946780336    ,268.854604224923   ,274.910135588771   ,56.3946288917004   ,0.00328821079722944,2.8962214565041    ,23.4720093337844   ,22.3005302943299   ,53063              ,jan                ,2014               
17.3527483810138   ,0.394430089641108  ,172.274652526859   ,-2.32711334576482  ,0.521634925153454  ,16.0502939109068   ,68.358204018418    ,92.9113055931803   ,269.368056929729   ,276.410280354878   ,62.1964356338119   ,0.00324643522255433,2.65696414181377   ,20.4770968703157   ,20.725178313746    ,53025              ,jan                ,2014               
13.444485735238    ,0.673271735392603  ,156.590438172874   ,-2.0779624534393   ,0.389601455888257  ,10.5697134293614   ,75.1694997801719   ,95.3767301979567   ,268.31969619482    ,274.59097722346    ,58.9447219548191   ,0.0031923506740385 ,2.77433340495688   ,22.4360429901974   ,22.3411425721132   ,53043              ,jan                ,2014               
14.5878054761591   ,0.553796638246656  ,165.934099350942   ,-2.38134863201276  ,0.462456234661656  ,12.8526120898331   ,71.7235193903978   ,94.9593025603833   ,269.747671699753   ,276.366936686916   ,57.4152371933416   ,0.00343641500278702,2.60907580152778   ,21.477400898107    ,21.7275248116845   ,53001              ,jan                ,2014               
12.6605574638884   ,1.23564022144438   ,149.65714071415    ,-1.91654661790705  ,0.541294796715086  ,12.4209593462288   ,68.1222434121698   ,92.8855292075228   ,270.198652327536   ,276.667500068332   ,56.6110380173453   ,0.00342805602540045,3.22622763017776   ,22.0098799057296   ,20.9404996814402   ,53075              ,jan                ,2014               
16.4066268329881   ,0.488334574920867  ,178.060362301867   ,-2.31945410141578  ,0.59763915677169   ,15.1299645856651   ,70.2602824648911   ,92.4999709590789   ,271.624052660163   ,277.855925862428   ,56.4309900432899   ,0.00366034619189526,2.81614318392413   ,20.5887052831815   ,20.8010656914108   ,53021              ,jan                ,2014               
18.3717995618086   ,0.427950370696639  ,185.659371318333   ,-2.70798847155693  ,0.650607972791073  ,16.6569590230187   ,67.15262140921     ,92.0080371000403   ,271.47139078844    ,278.015555484988   ,60.8744979191427   ,0.00357324131889353,2.78961299292674   ,20.3277665548002   ,20.4580012611543   ,53005              ,jan                ,2014               
13.3967730566199   ,1.83014027164748   ,164.747895853956   ,-1.67977739909112  ,0.720950280448474  ,16.6098146012062   ,58.6313063608719   ,87.4143498248171   ,271.238074854318   ,278.367833401392   ,60.2486830348124   ,0.00341087379135246,3.49483121853629   ,20.9272813592543   ,18.8357672265239   ,53023              ,jan                ,2014               
12.6536862259478   ,2.44509381557529   ,174.696847084869   ,-1.70704690698554  ,0.686483198668939  ,13.1528450586627   ,61.1785525035423   ,89.3754324762428   ,271.147957047867   ,278.054473699136   ,64.230340800924    ,0.00347216851222682,3.80655285318927   ,22.3183201566135   ,19.9536598783312   ,53013              ,jan                ,2014               
14.694387578117    ,1.10948756447273   ,-1931.35304100283  ,-2.02851491003502  ,0.70578573400205   ,13.2459542968429   ,68.281689774418    ,92.2135646784052   ,272.033616432892   ,278.205661592601   ,58.199554689719    ,0.00370453815324889,3.61330704704814   ,21.5571237241944   ,20.8922484465668   ,53071              ,jan                ,2014               
16.4362533855416   ,1.18166058568961   ,203.010611290479   ,-0.763333925066421 ,0.867460155254789  ,21.1773917160148   ,55.6789806878845   ,84.1825623975969   ,271.63413209603    ,278.763941302029   ,64.0705767454808   ,0.00331257839909967,4.19490518112701   ,19.3116163701093   ,17.3433914880683   ,53003              ,jan                ,2014               
11.4015907791885   ,1.49620055656031   ,178.337966454043   ,-2.64070333207071  ,0.849738767655322  ,12.4272147021134   ,55.6668102295985   ,90.7944585343347   ,266.493649537443   ,274.532129714431   ,92.627249829715    ,0.00260344074783931,3.92662876943097   ,22.220603089081    ,19.9852279668411   ,53017              ,feb                ,2014               
8.21094464494827   ,2.18792292635756   ,-1590.84337047986  ,-1.96583542671609  ,0.768494390395255  ,6.57431834561633   ,62.3507956303155   ,91.2354699324071   ,266.1051341714     ,273.761320163      ,76.3820129047515   ,0.00276857457695209,4.70080734418622   ,24.7798274581038   ,21.1871409036261   ,53063              ,feb                ,2014               
16.0508800341835   ,0.938577590253161  ,178.490100423236   ,-2.53263311470376  ,0.991524723007473  ,14.921715584093    ,55.3883098753976   ,90.0071419664574   ,267.931549675504   ,276.202762545976   ,83.48257523786     ,0.00280921808789728,4.16882316049575   ,21.6506044469262   ,19.228264015597    ,53025              ,feb                ,2014               
12.0148726007331   ,1.31463626636388   ,166.7686131624     ,-2.51126199955967  ,0.790972040247895  ,9.64264520447068   ,60.6316248639793   ,92.6212730537776   ,266.154868512523   ,274.179442547793   ,81.1401956813798   ,0.00275296099277412,4.3694185917334    ,23.5745202091177   ,20.7989777530211   ,53043              ,feb                ,2014               
9.93208756144423   ,1.09602551163101   ,179.291700067649   ,-2.62795483530877  ,0.905362558619371  ,10.9150471755553   ,59.1022815175394   ,91.3735116534286   ,268.337751808588   ,276.160269794628   ,76.0857277945129   ,0.00300935272443529,3.78032944160824   ,22.7251619978416   ,20.027560619414    ,53001              ,feb                ,2014               
5.06930171841333   ,1.92078499408924   ,-737.52194551548   ,-2.10400387832931  ,0.842608043422469  ,6.57762429021195   ,62.8388819172002   ,92.402890618749    ,268.292364778278   ,275.60139635615    ,73.1801887105092   ,0.00314029348685461,4.13996220952573   ,24.0042153051521   ,21.1158845659464   ,53075              ,feb                ,2014               
13.0009457019332   ,0.991961322189936  ,-306.102872210282  ,-2.52219918889877  ,1.11670904604534   ,14.3615940335688   ,57.1134365375225   ,87.874850502119    ,270.464102738768   ,278.054361867381   ,74.820520725617    ,0.00320456330594095,3.8100421224731    ,21.5733366961008   ,18.7440412598652   ,53021              ,feb                ,2014               
16.6982136611478   ,0.879092947788543  ,188.769647810687   ,-2.89671115621307  ,1.11775896876628   ,16.2561534337203   ,56.9490488022944   ,86.8536569274087   ,270.636354552823   ,277.95566917413    ,74.0615543500912   ,0.00318912114684033,3.76619052131513   ,21.1626109528723   ,18.3565546071136   ,53005              ,feb                ,2014               
5.00525987271249   ,2.86887374269002   ,178.758199600382   ,-1.61754252377504  ,0.870568862246034  ,6.6361367792179    ,62.6762053926327   ,92.5647131269128   ,268.958425499849   ,276.00486535696    ,73.8314318479218   ,0.00326208646147408,4.15533963854639   ,24.2663593643412   ,21.6900526231226   ,53023              ,feb                ,2014               
4.77924766312942   ,3.62673069522894   ,187.181454403862   ,-1.70944956852607  ,0.897774540144245  ,5.02372670488486   ,63.4683271920226   ,92.4716844722773   ,269.054415854751   ,276.048998516713   ,77.5952296995278   ,0.00328095922909934,4.42790887812424   ,25.7386532313091   ,22.1949601763652   ,53013              ,feb                ,2014               
9.39150149765469   ,1.87948321664336   ,-4510.52787488014  ,-2.12366285007497  ,1.13826889188638   ,10.1324055833688   ,60.3867242682409   ,87.6350853268693   ,270.993845012545   ,277.832481884929   ,70.4112758910614   ,0.00333441164310814,4.36508195923423   ,23.2785840203399   ,19.6798793603596   ,53071              ,feb                ,2014               
4.55764230060254   ,2.28321599026771   ,188.413623983843   ,-0.306296387855009 ,0.960325383562769  ,8.86445450676611   ,62.0335630836029   ,91.9966412038077   ,269.168076480392   ,276.180251355216   ,74.4959689126398   ,0.00323186976505491,4.82663087332398   ,22.4267611966019   ,20.8932716063339   ,53003              ,feb                ,2014               
22.2597876827299   ,0.968145385306821  ,186.707718696525   ,-2.02125151148811  ,2.09064656117462   ,25.4277401148415   ,39.5041194374629   ,84.657793902447    ,272.638625866454   ,283.974677479005   ,162.808308559836   ,0.00358537935268046,3.66264309121074   ,19.5735057683709   ,15.339957645132    ,53017              ,mar                ,2014               
11.2134517868753   ,3.24420647483982   ,196.31363215158    ,-0.83801868669651  ,1.86825585705426   ,11.7744044489135   ,43.5051550234471   ,90.318117653205    ,271.932594072656   ,283.35030538763    ,144.413774767323   ,0.00379161176640467,3.98116413832108   ,24.339110935023    ,18.381275740286    ,53063              ,mar                ,2014               
25.9391860412442   ,0.872419701892482  ,-763.422492047136  ,-2.22411493562039  ,2.40833279110846   ,28.9861133944604   ,34.2930794994723   ,84.5673812951247   ,273.246452071036   ,286.397756370584   ,161.129429260473   ,0.00366167945568458,3.9580304858791    ,18.5200650465758   ,14.8259075974605   ,53025              ,mar                ,2014               
17.3623586215308   ,1.61919159650291   ,192.296003586169   ,-1.77412010505262  ,2.02379039112805   ,19.3375314967981   ,39.9320119558521   ,90.6063942597566   ,271.780304540102   ,284.331649457218   ,156.368825939054   ,0.00375467398610919,3.96423185823402   ,21.4636163839302   ,17.0778151873454   ,53043              ,mar                ,2014               
18.5849839060747   ,1.27749287151816   ,185.23104115451    ,-2.17984973518987  ,2.30708571368824   ,23.8775179218658   ,35.4354593000369   ,86.557340501009    ,273.195079989283   ,286.395933352046   ,159.419603447386   ,0.00377572617154385,3.72200149660774   ,19.9200200651983   ,15.7063608046589   ,53001              ,mar                ,2014               
12.9185101280719   ,2.29660047318864   ,185.812527482469   ,-1.3360141749943   ,2.16067713240292   ,15.645626297267    ,40.9905179247775   ,86.6948142207687   ,273.682839727239   ,285.223662653711   ,153.422634089432   ,0.00397824687172395,4.167705264657     ,22.7803575604057   ,17.1847874386261   ,53075              ,mar                ,2014               
21.86583263525     ,0.98883194227243   ,175.988167545991   ,-2.41561447168008  ,2.58364663946421   ,28.0376850706768   ,33.4104635145173   ,83.5352665927215   ,274.814963063886   ,288.071161971554   ,161.011506893735   ,0.00390681792641343,3.87565740565804   ,18.4616549684747   ,14.6731779634509   ,53021              ,mar                ,2014               
26.9509937036445   ,0.736906165038087  ,187.143255663728   ,-2.99057309761555  ,2.55678223341698   ,30.235581877851    ,33.6279484279102   ,85.1987147315765   ,274.70772373806    ,287.943588089365   ,163.757997387214   ,0.00394494365609661,3.85831673042559   ,17.9409634035765   ,14.7558783851841   ,53005              ,mar                ,2014               
12.315703003064    ,2.86856914786135   ,191.293444838129   ,-0.606895580440451 ,2.10161601817875   ,14.0551844666609   ,44.380413065356    ,83.6968067633893   ,273.990754607683   ,284.048969896302   ,155.480902682323   ,0.00395371260111575,4.33044048025383   ,23.8834646729806   ,17.3455522574874   ,53023              ,mar                ,2014               
11.6220999649098   ,3.86945549190714   ,196.149687410267   ,-0.730416640093189 ,2.19821157429875   ,12.6590227855714   ,43.9780459588413   ,83.7240663272991   ,274.057486605149   ,284.431526229181   ,159.028904926292   ,0.00396723701290109,4.68303223882167   ,25.042557833626    ,17.6366631836932   ,53013              ,mar                ,2014               
17.4991625823157   ,2.20050602326736   ,193.680101605247   ,-1.66790649912706  ,2.59966658569683   ,21.3568265490898   ,37.1470164164701   ,81.8868378689994   ,275.540543258831   ,287.621875349756   ,154.964948638668   ,0.00406673648665761,4.55769674887565   ,20.968440370237    ,15.6576091034532   ,53071              ,mar                ,2014               
14.4241516071964   ,2.16542894827662   ,203.81589467233    ,0.961711570040443  ,2.21734382962658   ,17.8209062220416   ,43.5097072101465   ,82.3512404612269   ,274.195352948186   ,284.001799502372   ,156.372189276803   ,0.0038735653019221 ,4.8832321153098    ,21.7860248447559   ,16.3575255467186   ,53003              ,mar                ,2014               
37.8397761681652   ,0.610912926450637  ,-1245.91782792975  ,-2.34606019987893  ,3.71709795875369   ,45.0006360963991   ,28.4884666084708   ,72.6611788042793   ,276.157550346327   ,289.288517237524   ,241.550787621538   ,0.00373811668832263,4.03159625331025   ,14.0716633632605   ,11.1772930278718   ,53017              ,apr                ,2014               
19.6931074673886   ,1.80284263466502   ,206.151089418792   ,-0.342763549167938 ,3.20674756846288   ,26.1169806682351   ,35.2732357074424   ,83.2758183913149   ,274.318804474032   ,288.145473634049   ,219.789051317178   ,0.00405221470318387,4.17462321223942   ,18.9306183842057   ,14.5601462496571   ,53063              ,apr                ,2014               
38.3938888188327   ,0.568169932072424  ,207.758779169161   ,-2.61228475052725  ,3.97822858156917   ,46.4270841625244   ,25.3896035552097   ,73.5226966699836   ,276.630010254539   ,291.181188766786   ,239.236462037146   ,0.00375411122390208,4.04166950328476   ,13.7129612661149   ,11.0381760265099   ,53025              ,apr                ,2014               
27.0473230431738   ,1.06054013092293   ,207.542477260398   ,-1.92095625642376  ,3.45980000424783   ,34.0625502694099   ,30.3440980930981   ,82.6361194525622   ,274.177602780387   ,289.079947045083   ,232.099482036946   ,0.00386343945283443,4.07888773373412   ,16.6983045408056   ,13.5252319615894   ,53043              ,apr                ,2014               
28.8486867050273   ,0.759314426195158  ,199.803280555849   ,-2.53824531587967  ,3.76667296102532   ,39.9260132565539   ,26.9785928955734   ,77.6996364019662   ,275.516339436324   ,290.81919222798    ,240.437525779994   ,0.00380751533746682,3.77858911683817   ,15.0826460245346   ,12.0501823254734   ,53001              ,apr                ,2014               
22.426854689729    ,1.23341379106688   ,201.392083388385   ,-1.27100698742212  ,3.50338036428246   ,30.7182318873686   ,34.4820138041552   ,79.4084715977089   ,275.580846126781   ,289.244016723633   ,232.266166643629   ,0.00412730742851272,4.24316123585607   ,17.46419896051     ,13.3521009969524   ,53075              ,apr                ,2014               
32.2642811667614   ,0.582441981535118  ,194.936707770519   ,-2.88733932421758  ,4.05601751938844   ,44.2560810803144   ,26.3182984211506   ,73.6776019697923   ,277.490468264849   ,292.146392145401   ,242.771431944431   ,0.00395764132125829,3.89013829737137   ,13.9055787828641   ,11.0473450219937   ,53021              ,apr                ,2014               
36.3060448979485   ,0.515688221091202  ,203.361989880925   ,-3.4079831950293   ,4.06878151147088   ,45.7593233444282   ,26.103010473731    ,73.8727497193      ,277.794687894863   ,292.004849070111   ,243.123516591766   ,0.00397488611583374,3.91942823112481   ,13.7371099387871   ,11.0034746935147   ,53005              ,apr                ,2014               
22.8835823935752   ,1.34645916500339   ,207.246459278557   ,-0.425177022409828 ,3.37168014620895   ,29.4342721386726   ,38.5158454294777   ,75.3284638608218   ,276.282957524839   ,287.838943402466   ,229.258364812879   ,0.00418687630201329,4.38804354070383   ,18.0970753584836   ,13.2656823435679   ,53023              ,apr                ,2014               
21.4505618409961   ,1.81047235577518   ,205.501436979816   ,-0.54886004497601  ,3.43189704534687   ,26.8621239752631   ,38.4602543509651   ,74.8544783637162   ,276.409802842598   ,288.054239014098   ,230.785815142087   ,0.00417738303521414,4.60783043750294   ,19.2277062322041   ,13.6055943737063   ,53013              ,apr                ,2014               
27.5111954588231   ,1.20365104681245   ,-1991.01135960814  ,-1.66844253738721  ,3.93898601091005   ,36.2517315155768   ,31.9134500778787   ,72.3302742510953   ,278.052579951092   ,291.27414341128    ,236.479414297378   ,0.00422743621899375,4.39594780797881   ,16.2705587468496   ,11.9783941085423   ,53071              ,apr                ,2014               
25.055567401459    ,1.21005005460242   ,213.146840029157   ,1.19313090800822   ,3.46947352047964   ,32.5559049255947   ,37.2093960636724   ,74.3786155097386   ,276.413803676039   ,287.958681244862   ,225.234218836875   ,0.00412531469446106,4.75292373364859   ,16.8072276487838   ,12.7832458670122   ,53003              ,apr                ,2014               
41.7965489904856   ,0.307860962124613  ,228.315501887138   ,-2.7587601434831   ,5.00859384658637   ,55.7978397555459   ,26.8195320453533   ,70.6483186989305   ,280.716041813704   ,294.975866903005   ,299.874785923873   ,0.00498821785811039,3.30730835379917   ,11.6077404069896   ,9.25634819929957   ,53017              ,may                ,2014               
26.4495870027487   ,0.838684433029877  ,201.614289152189   ,0.0604441094664213 ,4.45291972305275   ,38.1158800323356   ,31.7866816308898   ,79.4261867887121   ,278.591824283669   ,293.933054170254   ,274.700320775982   ,0.00527454140481583,3.37176017544295   ,15.8588194960718   ,11.5810149413766   ,53063              ,may                ,2014               
45.9887664688289   ,0.239688280106003  ,-727.744586557869  ,-2.71569978689581  ,5.43133713310181   ,59.8841689457876   ,22.5549893562837   ,68.2671430801146   ,281.206538051059   ,297.027519733141   ,307.352555595029   ,0.00475992254049525,3.3551967851398    ,10.997990371245    ,8.57647655994015   ,53025              ,may                ,2014               
35.4936154546377   ,0.468049908308525  ,-1033.87710194489  ,-2.08653946319638  ,4.7370882508973    ,45.1728703630045   ,27.4087644210358   ,82.8432302143844   ,278.185024678803   ,295.066556702201   ,290.247332715742   ,0.00511562799727571,3.28048137365161   ,14.2353429971992   ,11.2622175780553   ,53043              ,may                ,2014               
38.8221713271574   ,0.317374467094605  ,216.276268273341   ,-2.85921439058801  ,5.17132178726032   ,52.9672114531537   ,23.5146316927543   ,75.751857252656    ,279.27212776165    ,296.69951377253    ,306.520580253315   ,0.00480733192645028,3.14802116314842   ,12.4235094002384   ,9.75934793726774   ,53001              ,may                ,2014               
29.5394192066229   ,0.65166932338216   ,-2248.41113580982  ,-1.51999424237831  ,4.77265389911138   ,43.2792063583142   ,30.5949418968765   ,76.8734010907052   ,279.260082285119   ,294.986457285582   ,291.667453389756   ,0.00524852055613574,3.32652275196289   ,14.3845426621699   ,10.920233997801    ,53075              ,may                ,2014               
40.9813921594738   ,0.296750927580608  ,-3807.53694313087  ,-3.11354225583566  ,5.60870424464678   ,58.2548389472677   ,21.8394088146408   ,67.1117906224935   ,281.444064899      ,297.844153316678   ,315.027601207042   ,0.00471106662704418,3.35405331117935   ,11.109471345007    ,8.52017414339127   ,53021              ,may                ,2014               
45.0822988520326   ,0.260912094768304  ,221.311922566675   ,-3.50140968323694  ,5.66513270088497   ,59.5706638657289   ,22.0635591231814   ,67.9639095818639   ,281.732681018111   ,297.684931559016   ,315.877001733811   ,0.00476777484673544,3.54541944947195   ,10.9258228911542   ,8.51129556043523   ,53005              ,may                ,2014               
29.8216835395341   ,0.713389617487403  ,224.262103623987   ,-0.80673913761017  ,4.57432340620228   ,43.3716618290074   ,34.9015564491457   ,69.8094998755022   ,280.225102153481   ,293.158780681325   ,287.138711917474   ,0.00527685142171285,3.35215047283083   ,14.3665862007959   ,10.5247819814909   ,53023              ,may                ,2014               
31.2954855833358   ,0.783699609951415  ,-2518.08922109039  ,-0.911050187803343 ,4.62943342414141   ,42.3710345903012   ,34.5789135631889   ,69.3110947476068   ,280.278144324879   ,293.274440565014   ,287.366883017449   ,0.00518787976030655,3.59137791686114   ,15.0041272827468   ,10.5490926569971   ,53013              ,may                ,2014               
38.6330486403154   ,0.5389331692101    ,-1905.26246163153  ,-2.01205554184552  ,5.3498559692792    ,52.4472542260533   ,26.660562978715    ,64.7028076668096   ,282.025164152236   ,296.748834213309   ,299.790524124318   ,0.00498622377723536,3.59338668005972   ,12.6293689212304   ,9.0244148927444    ,53071              ,may                ,2014               
28.0245633270141   ,0.804047136398899  ,243.145450149224   ,0.824076948068818  ,4.64844998652047   ,44.1017582657367   ,34.0199932114556   ,68.5600641285191   ,280.448936496534   ,293.232796902765   ,282.79519234036    ,0.00523307524959302,3.50110335868753   ,13.746542758259    ,10.3282156201119   ,53003              ,may                ,2014               
41.7020633073723   ,0.759190439038915  ,246.642749754159   ,-3.41114049994613  ,5.72946281222106   ,59.5758066350452   ,26.9813212198067   ,67.7676072668194   ,283.643992768294   ,297.788664589717   ,311.171525726593   ,0.00581211810904368,3.40868580721834   ,10.2530337939472   ,9.06479831358815   ,53017              ,jun                ,2014               
28.0942689112979   ,2.12224160025638   ,210.348157696787   ,-0.430225860776631 ,4.79218971445447   ,43.8282945184601   ,34.8419963697532   ,79.1613929505044   ,281.057923395994   ,295.937795538163   ,277.409333239307   ,0.00631639419787345,3.27304211444285   ,13.3670638461243   ,11.7254314182981   ,53063              ,jun                ,2014               
46.3654942795534   ,0.410130243185807  ,238.454773961357   ,-3.26079430440662  ,6.15084456645592   ,66.7551612987669   ,23.249297301701    ,65.1183737968105   ,284.47188788582    ,299.642595850673   ,316.176616573392   ,0.00562976765247586,3.43562293405361   ,8.88743683905372   ,8.0061222386026    ,53025              ,jun                ,2014               
35.4701564118136   ,0.999074069428937  ,218.884593127242   ,-2.82952416753997  ,5.19548764354005   ,50.1594035040128   ,29.7369455668314   ,82.8843889310802   ,281.052928840194   ,297.55782364365    ,294.436377107291   ,0.00627209565651513,3.23475215725227   ,12.2065497249673   ,11.224143152988    ,53043              ,jun                ,2014               
39.8229187986343   ,0.65536837743255   ,219.656871277555   ,-3.62850108221814  ,5.70393408136131   ,59.4941065484951   ,24.7473600633962   ,74.7407118439333   ,282.33020260145    ,299.33754394881    ,304.293024424905   ,0.00583731836435646,3.24953724842131   ,10.2407607836846   ,9.39569832889262   ,53001              ,jun                ,2014               
32.1925663144729   ,1.24693534058654   ,-636.683179374844  ,-2.33084266223159  ,5.14622575756148   ,49.0869797939974   ,32.6618114141202   ,77.5655006371292   ,281.832501034007   ,297.313469745711   ,281.748945093791   ,0.00631634137600514,3.37683418089736   ,12.1730633080052   ,10.8511824168785   ,53075              ,jun                ,2014               
44.4597181755457   ,0.380474843774468  ,219.76907546508    ,-3.79966158561217  ,6.20158773871569   ,66.827896155822    ,22.4252637718885   ,65.6027632248707   ,284.426207267566   ,300.333026776436   ,315.398369156275   ,0.00560508729418358,3.51521766783717   ,8.7086462695782    ,7.92067306170097   ,53021              ,jun                ,2014               
45.8727380914331   ,0.299422777155359  ,233.470860005366   ,-4.08966551823964  ,6.21426104886762   ,66.31547150847     ,23.4112095793323   ,67.0214043968998   ,284.373998823298   ,299.664662632387   ,322.656626765686   ,0.00559134752865278,3.70071059770779   ,8.82254654521773   ,8.10289133801263   ,53005              ,jun                ,2014               
34.7489598945554   ,1.17926984174455   ,219.18434247477    ,-1.91115298836374  ,5.01160035866388   ,50.8848472620883   ,35.7139279053572   ,67.3577707543383   ,282.879190284618   ,295.637035851646   ,277.540628708075   ,0.00615000066546989,3.38610954498776   ,11.868112412348    ,10.1902117591961   ,53023              ,jun                ,2014               
37.4889761645132   ,1.38920228687627   ,-5438.97053868425  ,-1.98300819885535  ,5.12357167947979   ,51.9849584409704   ,34.8381431478064   ,66.8598401350917   ,282.931362965635   ,295.814575120749   ,279.288743890892   ,0.00603703990843583,3.73630767233189   ,11.7875620722147   ,10.0409726620969   ,53013              ,jun                ,2014               
40.5652880361087   ,0.921252833800414  ,-1974.38406419315  ,-2.97007750688489  ,5.90617634581356   ,60.7669057404123   ,26.6730540638694   ,64.8065410159145   ,284.525645082882   ,299.338128935031   ,297.463174463288   ,0.00587679218585403,3.75633980241733   ,9.857840481877     ,8.73401567658112   ,53071              ,jun                ,2014               
32.1583372081283   ,1.227015397292     ,233.258243070728   ,-0.663900823887537 ,5.07113630168339   ,49.4910070416991   ,35.7928480060141   ,65.3252795509468   ,283.211384229822   ,295.57391601711    ,275.616641508228   ,0.00613263001843353,3.5052377826541    ,11.9829453305896   ,10.2281869071533   ,53003              ,jun                ,2014               
55.098301414448    ,0.191661262590788  ,-1160.90674425952  ,-3.37373960082422  ,6.91743922363146   ,72.9127014346894   ,19.0380734404982   ,54.9564594949248   ,289.210889151092   ,305.433109986286   ,307.68531510486    ,0.00645562084315999,3.27770373560783   ,8.52397698349004   ,6.86645299272427   ,53017              ,jul                ,2014               
46.2593595136532   ,0.267316318454491  ,201.503858237702   ,-0.374761771815032 ,6.60033078920211   ,61.0350551738004   ,20.6635443107417   ,61.0895646377011   ,286.633000114733   ,304.875532934041   ,303.855486372637   ,0.00672302027082732,3.23021377909591   ,11.1365557654323   ,7.8436142966518    ,53063              ,jul                ,2014               
58.4067240684263   ,0.110828551216789  ,-711.604602258737  ,-3.26575254006476  ,7.21820050899436   ,77.4549387546968   ,16.7958668487185   ,53.7479570636478   ,289.507740528043   ,307.039307910316   ,312.811946587468   ,0.00617700665976094,3.23361464181078   ,7.68750931466252   ,6.47583257517191   ,53025              ,jul                ,2014               
50.6368954395879   ,0.158645544299509  ,-1026.84934804606  ,-2.81374303248541  ,6.71575828695859   ,64.6203377976485   ,18.5078387446561   ,65.4141297332684   ,286.408647454265   ,305.90451549777    ,305.932869352822   ,0.00658400311131959,3.16332806018495   ,10.5243730174999   ,7.92227453557363   ,53043              ,jul                ,2014               
53.561292235606    ,0.121890553290907  ,231.734132864921   ,-3.57877851773584  ,6.88834619129836   ,71.9772843961101   ,16.6256684363136   ,59.2435952685591   ,287.74748148038    ,307.315457327924   ,310.55127260233    ,0.00623086928221676,2.97398537776972   ,8.91152169863324   ,7.08577957029032   ,53001              ,jul                ,2014               
50.627346813629    ,0.251270893608596  ,-1012.52886109846  ,-2.42788622164259  ,6.89755194515612   ,66.330705193478    ,18.8251824959677   ,58.6467346563466   ,287.480788948305   ,306.205375923287   ,310.006656311151   ,0.00649905338921395,3.2917331332907    ,10.0428949516412   ,7.4529340322918    ,53075              ,jul                ,2014               
54.8092623083526   ,0.0934113363575921 ,-4003.93533410387  ,-3.80719702335504  ,7.12192417794362   ,76.7960350188073   ,16.6360268094108   ,53.794895083851    ,289.797787865575   ,307.736271542533   ,316.120448515255   ,0.00619117398445885,3.06794721848024   ,7.66385568933511   ,6.49429752758656   ,53021              ,jul                ,2014               
55.8192649451028   ,0.0654953028636964 ,246.881399479047   ,-4.10567214808756  ,7.2096512785484    ,77.1010723521769   ,17.1001776266608   ,53.6406175444476   ,289.858821185178   ,307.247561129115   ,317.486463610465   ,0.00616402657182196,3.20358294356663   ,7.6021203575846    ,6.46745058042581   ,53005              ,jul                ,2014               
52.799106116764    ,0.423907172260058  ,225.258317862167   ,-2.23206853354446  ,6.8862898108525    ,69.3543636583417   ,19.6830553092261   ,47.2505226236526   ,289.471281629076   ,304.694204539485   ,312.197584844309   ,0.00615126249427806,3.34609518300625   ,9.48464869182207   ,6.77177164894239   ,53023              ,jul                ,2014               
53.0790628057298   ,0.430398153461727  ,-5247.82855011229  ,-2.25918727991599  ,6.83304784072853   ,69.1360531420225   ,20.5837155794135   ,47.8067405862072   ,289.365345374251   ,304.439042330875   ,310.563051789098   ,0.00616438301810056,3.434762401036     ,9.47583126848643   ,6.87586471116778   ,53013              ,jul                ,2014               
54.6949802786854   ,0.237127388854627  ,-711.601379362517  ,-3.09430016514651  ,7.22805626905718   ,73.4607243141476   ,17.6246202884932   ,50.7242603324512   ,290.344672370388   ,307.339014653112   ,311.575757346565   ,0.00624122341754418,3.32787141361763   ,8.48924592577376   ,6.57134498775771   ,53071              ,jul                ,2014               
54.2110925269795   ,0.387426134079158  ,234.067408805795   ,-1.08001120732939  ,7.15411385177359   ,68.7814893962805   ,19.8542824377586   ,47.301257615598    ,289.557910647032   ,304.974451796655   ,313.329240549697   ,0.00629170129096698,3.59827075407088   ,9.62295594899155   ,6.73374338371209   ,53003              ,jul                ,2014               
41.6610081711393   ,1.28479605382759   ,-1009.43960667278  ,-2.81179341574778  ,5.45764831284545   ,60.9276917420017   ,26.2608424046073   ,68.1520082760496   ,287.910273207073   ,302.550918439794   ,257.434047780901   ,0.00750222192842696,3.03357771747206   ,9.91843283502923   ,9.69405335605108   ,53017              ,aug                ,2014               
38.5424668625975   ,0.798593339360231  ,-1395.19183390902  ,-0.58319011138018  ,5.23724838784774   ,56.6144586225177   ,26.4822404718198   ,78.2940520432337   ,285.058246126688   ,302.21378202314    ,253.394965687129   ,0.0075415454240844 ,3.05540047509844   ,10.5355840387128   ,10.6953837881136   ,53063              ,aug                ,2014               
46.1779957095456   ,0.597246116648053  ,-508.003944218352  ,-2.92015010743225  ,5.74692423169172   ,66.7765303207553   ,24.7246804028713   ,68.8421160379671   ,288.240135371492   ,303.982140103467   ,265.036581059338   ,0.00756879222327261,3.03518071137784   ,8.66973886758699   ,8.99817466637418   ,53025              ,aug                ,2014               
39.7990458360197   ,0.736600021676163  ,-485.726968616506  ,-2.65772197136541  ,5.30066495490906   ,57.9027176719769   ,25.0491283654855   ,78.9918618489655   ,285.105506231478   ,302.818614739158   ,254.533229980892   ,0.00736699097611504,2.96384395533579   ,10.4309464148923   ,10.6187449058858   ,53043              ,aug                ,2014               
44.0290153308434   ,0.431040301834872  ,-1276.79671161926  ,-3.36489031888694  ,5.59173390158819   ,64.5390548487447   ,23.7507610773685   ,74.6113937212916   ,286.475420777574   ,304.256529524825   ,261.487615788949   ,0.00744155339661847,2.94506488164589   ,9.06266213009897   ,9.47450496017938   ,53001              ,aug                ,2014               
43.9800338717611   ,0.550961411897326  ,-2247.2226710406   ,-2.54163689207651  ,5.49615956940732   ,61.829924120532    ,24.7611128522956   ,75.4125977916102   ,286.154031332693   ,303.526897002768   ,253.45929971771    ,0.00754410821479697,3.15635887981592   ,9.66822453591131   ,9.87419752021442   ,53075              ,aug                ,2014               
43.2889498703533   ,0.421448204994015  ,223.696363002313   ,-3.4986233213009   ,5.80068368899911   ,65.6212578955714   ,25.1369772867293   ,71.4370646242468   ,288.523572084034   ,304.772628326037   ,267.539164480205   ,0.00796337668401497,3.07888007784452   ,8.5422865793072    ,9.19639285853128   ,53021              ,aug                ,2014               
45.7936835492879   ,0.556152842434397  ,230.917845870002   ,-3.65050132375732  ,5.92886682489852   ,66.3895478675465   ,24.8188078200505   ,69.2184282921043   ,289.067723837261   ,304.674108931572   ,268.990988732658   ,0.00785445714778992,3.18526746574978   ,8.58961753907561   ,9.02946126743181   ,53005              ,aug                ,2014               
45.8521139511387   ,0.744494339016415  ,-3026.89346730028  ,-2.28940632458059  ,5.37487562967192   ,64.8212767793812   ,26.1726805766822   ,65.091935599359    ,287.426443856266   ,301.53857029017    ,253.539301721492   ,0.00715495247715359,3.16225484805937   ,9.20746907856345   ,8.87058409692003   ,53023              ,aug                ,2014               
45.6682059422193   ,0.76292463690118   ,218.474745923252   ,-2.3282883611181   ,5.45027936499499   ,63.7561425587713   ,26.8604721886506   ,65.4688295188173   ,287.21482930814    ,301.185162405572   ,257.585669767653   ,0.00711844807576116,3.39517606422116   ,9.32937075378645   ,9.01757738872509   ,53013              ,aug                ,2014               
45.0653101070453   ,0.510124142973081  ,-1903.44336080063  ,-3.03488939404134  ,5.80642922759963   ,65.3494737729168   ,25.4967967822362   ,68.4496838974571   ,288.749106094276   ,304.138496817112   ,261.438126232628   ,0.00780058237927954,3.29091354833323   ,8.75022492632602   ,8.99454547619213   ,53071              ,aug                ,2014               
43.9982443235329   ,0.935378827506377  ,-624.339554887506  ,-1.1642769443057   ,5.45447979041877   ,62.9403872679676   ,26.4438655534744   ,65.7707627300714   ,287.467487063047   ,301.63603930095    ,253.43770435891    ,0.00724541591793958,3.26637193078514   ,9.46365318495946   ,9.12019644289935   ,53003              ,aug                ,2014               
45.1324448082539   ,0.314924165127533  ,213.572365306844   ,-1.6507212907906   ,3.78601632090377   ,58.0744776320479   ,27.7867929638771   ,72.1954816045358   ,282.726820746436   ,296.985089380036   ,187.569707510264   ,0.00574259185710226,3.35780657835084   ,10.5872357813175   ,10.5482817088604   ,53017              ,sep                ,2014               
39.9010716425732   ,0.42444244952221   ,-1457.98996179536  ,-0.437097253989364 ,3.8034711950335    ,51.5542546248122   ,25.1809551403274   ,78.2124677783692   ,280.158964076327   ,297.220174209301   ,186.575251678807   ,0.00558668577153304,3.5967269835018    ,11.9703209290509   ,11.4926412479977   ,53063              ,sep                ,2014               
48.8970549966416   ,0.212587214919643  ,213.168283613625   ,-2.27875415193533  ,4.13169669055634   ,62.972334451286    ,24.726719961146    ,70.0259193723773   ,282.866130961361   ,298.700718882373   ,194.684027119369   ,0.00559401584913021,3.41794891298217   ,9.57821070918363   ,9.85544475041679   ,53025              ,sep                ,2014               
40.7639152023085   ,0.198367915593458  ,195.08363012892    ,-2.15402743906707  ,3.84998386331086   ,54.3427874403523   ,24.1433023664434   ,77.0273709108266   ,280.537644767913   ,297.754105320751   ,186.658568869798   ,0.00544973943984861,3.42838351720842   ,11.3541618565292   ,11.1217927944878   ,53043              ,sep                ,2014               
45.9806558582594   ,0.127820068704082  ,206.588185424222   ,-3.00001581931182  ,4.02719208725658   ,61.6357066951486   ,22.7683955562832   ,71.6448587293725   ,281.864808892338   ,299.144517518547   ,193.467505261367   ,0.00542243835608561,3.1775855027616    ,9.89130842023046   ,9.99580655457753   ,53001              ,sep                ,2014               
44.7066877824372   ,0.286273786673651  ,191.217330722884   ,-2.47726654869596  ,4.10662377335979   ,59.5725486631954   ,22.6197153225319   ,72.0913394715552   ,281.602650316425   ,298.793183959961   ,190.439253293804   ,0.00541722965998319,3.52477629154336   ,10.3121436958126   ,10.1343020231023   ,53075              ,sep                ,2014               
45.0923006806007   ,0.109571779112234  ,221.364460031558   ,-3.06472160357695  ,4.14656080855773   ,62.5485391609485   ,24.1234379806885   ,69.2994889557667   ,283.592569454878   ,299.730661930182   ,198.172539804899   ,0.00580253311934379,3.21486038976755   ,9.49422580547822   ,9.69249685415855   ,53021              ,sep                ,2014               
47.0331577836174   ,0.0988175765949175 ,-1906.02256788596  ,-3.00669627241364  ,4.13871421372514   ,62.9401067397063   ,25.4355839387905   ,68.9601191744532   ,283.956374076226   ,299.097437435353   ,201.616631201644   ,0.00586354523794762,3.22551039866442   ,9.47685230121575   ,9.70899913254574   ,53005              ,sep                ,2014               
48.8712363815702   ,0.317240899841459  ,194.472525842639   ,-2.21720146682445  ,4.03611733508653   ,64.3506800450153   ,24.3260594289989   ,63.9268654750247   ,283.491426329682   ,297.214557639807   ,193.414928755355   ,0.00531895797787423,3.52316987542879   ,9.36652306424411   ,9.16899879684606   ,53023              ,sep                ,2014               
47.5721589792461   ,0.408733773960961  ,195.44340708468    ,-2.26370496715681  ,3.94231042241967   ,62.4300905697009   ,25.625049601966    ,64.9374253121554   ,283.084095047823   ,296.670080364021   ,195.38131864125    ,0.00533159795935618,3.58356339998062   ,9.69630009154375   ,9.5795592079612    ,53013              ,sep                ,2014               
46.5162224149316   ,0.24932896451858   ,-1257.88423220213  ,-2.85145649346233  ,4.18693587025653   ,62.4834054365391   ,24.4163936790089   ,67.4825799202854   ,283.88052880512    ,299.244774017747   ,194.324813789016   ,0.00572319014813766,3.44576320538353   ,9.58969955528332   ,9.65077559185545   ,53071              ,sep                ,2014               
49.5416551961226   ,0.302806913156183  ,193.018726970738   ,-1.04306047918261  ,4.20452578623219   ,63.9140643655819   ,24.5843317458809   ,63.9797758782287   ,283.781312497921   ,297.238519428188   ,192.65102989633    ,0.00538873820972953,3.81417338721944   ,9.4351499846962    ,9.06351184276479   ,53003              ,sep                ,2014               
23.7219999195773   ,1.23405615787225   ,175.008814148422   ,-1.47149884714163  ,1.79886056633216   ,33.6063673412872   ,48.0732942054131   ,88.9901671182818   ,279.096805512475   ,289.426926139458   ,110.018066265948   ,0.00600932041329602,3.45787498259812   ,14.736382068297    ,16.8948466825274   ,53017              ,oct                ,2014               
23.5124143997306   ,1.46981548209154   ,182.062736701984   ,-0.961903718185989 ,1.86237731210706   ,30.4720207276163   ,44.1415674361263   ,92.515068951863    ,277.609460433659   ,290.060951841077   ,109.381521373277   ,0.00587346850045526,3.74869587724379   ,15.7328940675894   ,17.7687086979073   ,53063              ,oct                ,2014               
25.2395246234319   ,0.928103082949473  ,186.402606861078   ,-2.15755379926425  ,1.98763167167066   ,37.1517964761592   ,42.7484198414071   ,88.6899331444845   ,279.438580431508   ,291.423145131991   ,112.90746980541    ,0.00596835793690293,3.35790761324737   ,13.8369428939806   ,16.1831118348087   ,53025              ,oct                ,2014               
22.474266835215    ,1.24718404534551   ,-1065.53901332949  ,-2.19961254523923  ,1.85711723595883   ,31.4282809283645   ,43.4491511878759   ,92.7477244239764   ,277.553330232534   ,290.274837408434   ,109.786835004316   ,0.00581153344110013,3.61719913801683   ,15.362700267113    ,17.5698353082885   ,53043              ,oct                ,2014               
25.217150364756    ,0.992579239572218  ,184.329672413135   ,-3.02603833153915  ,1.98172875543142   ,37.3917369091948   ,40.0023585743159   ,89.0117623685016   ,278.938237925137   ,291.913560721513   ,114.010947192483   ,0.00583379628086052,3.12970871721071   ,13.9116493786689   ,16.2030938862322   ,53001              ,oct                ,2014               
28.3487074189304   ,1.04775121986216   ,179.322886171287   ,-2.70937871390698  ,2.1658053491249    ,37.2772929380153   ,39.3207714148853   ,88.7593378019966   ,278.984394533566   ,291.867392708997   ,111.97638223782    ,0.00586171348220483,3.7512407129494    ,14.125849708615    ,16.135947172212    ,53075              ,oct                ,2014               
26.5187281686674   ,0.730199662436068  ,-486.950549670425  ,-3.12251264987848  ,2.13500455998383   ,40.7108916654185   ,40.0589218328963   ,85.5487605371783   ,280.95266432845    ,292.995700334497   ,116.275516987557   ,0.00611239642123796,3.19141596371571   ,12.9798089859208   ,15.1022465431365   ,53021              ,oct                ,2014               
26.617904236399    ,0.659204392883353  ,-2383.65235238204  ,-3.07313924181391  ,2.13018184799028   ,40.6556990289988   ,41.0468578877443   ,85.8009618530521   ,281.138605006029   ,292.810277752076   ,118.602150389156   ,0.00617025676821142,3.11220467028033   ,12.9549231267107   ,15.0794988742515   ,53005              ,oct                ,2014               
29.7384054607773   ,1.21336354568491   ,183.461324689862   ,-2.46313496196245  ,2.29175829406708   ,41.6678338616197   ,38.9709486130172   ,81.9026741069105   ,280.25765712083    ,291.203825626362   ,115.253879927366   ,0.00572133272212835,3.86477226840544   ,12.9474114562485   ,14.6327976124771   ,53023              ,oct                ,2014               
27.4217940515571   ,1.57245400795495   ,189.812192025529   ,-2.51661356474821  ,2.25746248052433   ,39.3395835330857   ,40.517130592026    ,82.0124342302639   ,280.392348820526   ,291.079529427089   ,117.085248759018   ,0.00579863602310539,3.97771308383231   ,13.5672618082862   ,14.984638918938    ,53013              ,oct                ,2014               
28.2763146863908   ,1.09627028078099   ,-2639.86192111884  ,-3.01918440491849  ,2.37116797382504   ,41.5782878147377   ,39.2089254165177   ,82.9372122249608   ,281.498107994194   ,293.186964489737   ,114.506140127915   ,0.00609658861203926,3.75162082863642   ,12.9286334807873   ,14.6481601417205   ,53071              ,oct                ,2014               
32.3726030396438   ,0.903483465935561  ,195.100067921911   ,-1.41055066506503  ,2.4963790575441    ,43.4232543629143   ,37.4092661213364   ,80.2293537791993   ,280.280152948037   ,291.062372418272   ,119.614926285875   ,0.00553552956067176,4.29040058657846   ,12.5267828554441   ,13.9354558522094   ,53003              ,oct                ,2014               
17.4321226216498   ,1.30967859975581   ,179.494987326362   ,-0.648830998567605 ,0.788945490913256  ,21.8792272187367   ,48.2718622301038   ,84.5983848408976   ,269.274779590699   ,278.1689205886     ,63.9314336460556   ,0.00337328842315965,3.55730709966945   ,19.3080246768122   ,17.9082467231254   ,53017              ,nov                ,2014               
12.9145952448958   ,2.07432360586185   ,175.315982769905   ,-0.896663558614291 ,0.678675113118649  ,14.6761452667081   ,54.9641352103715   ,87.8387917198792   ,269.28608668365    ,278.070828618105   ,63.1986778784909   ,0.00372775782954387,4.10655423786865   ,21.5328760618618   ,19.7100219582593   ,53063              ,nov                ,2014               
20.4167850053071   ,0.811179008854535  ,176.928863311293   ,-1.66320224143712  ,0.889488791613082  ,23.8437894595404   ,47.2289029444811   ,87.3720995174829   ,269.741293637161   ,279.565815854814   ,63.8764239203705   ,0.00363520294004031,3.81099299055676   ,18.4090121840501   ,18.0797692261695   ,53025              ,nov                ,2014               
14.2510978548036   ,1.26305312399197   ,-1114.58772884785  ,-1.79884037045005  ,0.727065337203923  ,17.6366131223519   ,51.2378802407992   ,89.1941260450874   ,268.745114919925   ,278.351449189228   ,63.8179128578568   ,0.00366486253639366,3.9616849535073    ,20.3059514459961   ,19.3220610120131   ,53043              ,nov                ,2014               
16.6444070833005   ,0.886532099946809  ,179.836868630075   ,-2.76639713633026  ,0.793397465128     ,20.5584208451034   ,49.8979803717467   ,90.6232339808      ,269.670067495147   ,279.566100638462   ,64.8479481506712   ,0.00380702870821228,3.5535604271472    ,19.1938298631648   ,19.2133418089112   ,53001              ,nov                ,2014               
15.8405123911699   ,1.82344110858003   ,172.742266551149   ,-2.75082544654023  ,0.850663523125298  ,19.2964921500878   ,51.1852706114077   ,88.3418762631884   ,270.667179359586   ,279.852022421444   ,65.6288950344908   ,0.00391113782421156,4.11978957141147   ,19.7054190730675   ,19.019700398763    ,53075              ,nov                ,2014               
17.9137969301144   ,0.726003842894466  ,184.698768912584   ,-3.01440329307165  ,0.91433827762898   ,22.7393495294834   ,51.7448570002042   ,89.6994847933451   ,271.521288729937   ,280.514782534868   ,62.9100038220332   ,0.00402046836379062,3.70712467613893   ,18.1085750309626   ,18.746271023139    ,53021              ,nov                ,2014               
21.3133473548193   ,0.443035659596647  ,193.760959805069   ,-3.01410029872635  ,0.885426196755742  ,24.1626019410598   ,51.8925038165595   ,90.5140023588899   ,271.558869932577   ,280.521307974971   ,67.2101115793871   ,0.00403099919756469,3.59235374117803   ,17.8215814764448   ,18.6434768876145   ,53005              ,nov                ,2014               
14.3096637218882   ,2.75483926216875   ,-2057.75506796511  ,-2.57694225540813  ,0.908640610310201  ,18.9970439226195   ,52.9356679375374   ,87.042191673263    ,271.716192863891   ,279.959884188634   ,64.3046331089723   ,0.00400896071297055,4.2972497967953    ,19.521255942161    ,19.0174221295501   ,53023              ,nov                ,2014               
12.8475134887828   ,3.34730797275823   ,188.113223297226   ,-2.66858366136984  ,0.921566164155489  ,16.594204210666    ,53.3247868095185   ,88.4808224949329   ,271.489863791474   ,279.845383569208   ,67.4445011272064   ,0.00402599920841327,4.66073753607523   ,20.5705332163533   ,19.5891481080813   ,53013              ,nov                ,2014               
15.8156106825767   ,1.53555583072609   ,195.766483040166   ,-3.07900221722559  ,1.0265879141245    ,19.3108778031444   ,53.4103621503525   ,89.7527599975669   ,272.197108418121   ,280.732229118037   ,62.9472049051507   ,0.00416883476017621,4.48526967669809   ,19.3554068407715   ,19.3506024922782   ,53071              ,nov                ,2014               
15.1051552875779   ,2.1796878230563    ,-2869.47557578957  ,-1.57844926435002  ,1.02155482553109   ,21.1931156928214   ,53.1833852668168   ,86.4980381253282   ,271.953372712147   ,280.046947637034   ,65.7659627007162   ,0.00396653746979576,4.98109491070112   ,18.3009326331517   ,18.4914097899648   ,53003              ,nov                ,2014               
9.72593528937351   ,1.64239382761478   ,175.970506624906   ,-0.0669271359546487,0.412015617893873  ,10.3407772945972   ,67.4984314981068   ,90.6698266498055   ,269.95918554013    ,275.595963926907   ,41.0407984507168   ,0.00333547095938331,2.88363310235744   ,22.6342518668505   ,21.1008441613155   ,53017              ,dec                ,2014               
6.27674483536104   ,2.63645278726985   ,157.297526837072   ,-1.17011834640696  ,0.400337488087573  ,5.4642969073082    ,71.7504372180293   ,93.7938507234676   ,270.311413184633   ,276.66822459676    ,39.8731684586615   ,0.0037975263950807 ,3.19932279506474   ,24.7124435380358   ,22.835877606934    ,53063              ,dec                ,2014               
10.3533679391465   ,1.22860191090238   ,172.858550910555   ,-1.53750747698317  ,0.48587002581738   ,12.5982905054477   ,63.2797809549107   ,91.5537799030887   ,270.968798940636   ,277.76411725218    ,40.7325836075751   ,0.00363126471757507,2.85406025822827   ,21.6747200445748   ,20.6624192118717   ,53025              ,dec                ,2014               
7.25699083471734   ,1.56934390253696   ,158.026160856685   ,-1.80418110958541  ,0.389291196752591  ,7.54480531533796   ,68.8858708125974   ,94.9159374446459   ,269.812569658739   ,276.544933628031   ,40.2493544617086   ,0.00365393570587802,3.10180107685622   ,23.380516222648    ,22.2977119008795   ,53043              ,dec                ,2014               
7.30080732266564   ,1.45771577121137   ,165.781670022944   ,-2.72064621588562  ,0.422290003299535  ,8.26920569595718   ,67.4557997556903   ,94.7608525000192   ,270.983195011755   ,277.881496766827   ,38.4278731016058   ,0.00388662397563827,2.59235819035068   ,23.1589195470983   ,22.1433446608164   ,53001              ,dec                ,2014               
6.6116785505192    ,2.54391716597378   ,146.516292294222   ,-2.6099724632151   ,0.523703592580615  ,6.22663387592367   ,67.7367011943144   ,94.060219270594    ,271.498252192479   ,278.206406976438   ,39.3589776794482   ,0.00399537906188098,3.37979707102682   ,24.3751481611214   ,22.4404109492582   ,53075              ,dec                ,2014               
7.14253681662755   ,1.58242871046162   ,172.749227158962   ,-2.90621999593881  ,0.512444526103015  ,9.35152942754721   ,66.7828183174133   ,93.2519363647852   ,272.37689736782    ,279.059370833177   ,37.7528590855351   ,0.00406742739555342,2.66632916367971   ,22.5367107904874   ,21.6300435802264   ,53021              ,dec                ,2014               
9.00051335246253   ,1.24458955579329   ,-1947.58006904271  ,-3.11458763691801  ,0.504344197625893  ,11.5997656942094   ,64.456174795162    ,93.1548570121299   ,272.273872950326   ,279.11409982986    ,40.0848876008562   ,0.00401952883202943,2.59425189089493   ,21.6756295062146   ,21.1894664096644   ,53005              ,dec                ,2014               
6.55335284522108   ,3.03391216150186   ,147.005362826993   ,-2.33180826994943  ,0.653366727393128  ,7.41315789052583   ,64.6205237183265   ,91.5445128628433   ,272.136075002856   ,278.611909317427   ,41.2060719384859   ,0.00399098427227253,3.62717753346416   ,24.165542564629    ,21.4685971042878   ,53023              ,dec                ,2014               
4.735291366625     ,3.86672572043564   ,159.032190898742   ,-2.4624153330376   ,0.593067216284794  ,5.3266928658688    ,65.0127581837706   ,92.4000204515707   ,272.001213569042   ,278.409895314055   ,43.2595813873694   ,0.00400223429664241,3.62788100131831   ,25.2849987840569   ,22.0786666898411   ,53013              ,dec                ,2014               
6.95366622923512   ,2.61285654987766   ,171.382015838726   ,-2.80900753440896  ,0.641755076200981  ,7.44240093184128   ,65.1185740349415   ,92.4743807102606   ,272.983631094749   ,279.528545394112   ,38.81234322435     ,0.00413559340289163,3.32914402277327   ,23.9173282985119   ,21.693521043214    ,53071              ,dec                ,2014               
8.15038244631459   ,2.29810519085875   ,160.990196134284   ,-1.08163975249894  ,0.767769684511126  ,10.3767501240595   ,63.6612870576028   ,89.5082086224336   ,272.353777515569   ,278.622872798576   ,43.7998822243885   ,0.00388667989419399,4.13732910629026   ,22.6397028083059   ,20.392618733543    ,53003              ,dec                ,2014               
